8.298134060346533669e-01
9.358264049203968149e-02
-9.800845787122114405e-01
9.023522244399040382e-01
-4.776377076707691849e-01
-6.989766674516055822e-01
7.963000538320545996e-01
-4.915851851323129740e-01
-6.045923671306989711e-01
4.679802656286140561e-01
2.200170924046329635e-01
4.760828519744422227e-01
-7.214243270770803740e-02
1.511102308259153482e-01
-6.144544091690149479e-01
2.653507297054136238e-02
-8.583450391797913248e-01
-9.221328334656928583e-01
1.775353267654916412e+00
7.349300560314615538e-01
1.218730477629434317e+00
-1.478671631752175308e-01
-8.790882291999384535e-01
-6.361571051016463585e-01
8.438124928861001628e-02
-3.315232247425423662e-01
-7.599697596588332882e-01
8.115601177879812056e-01
6.688438160097387453e-01
2.085422130744900571e-01
-2.544091843701554723e-01
5.847423058058782708e-01
7.819929460942574018e-01
1.350400144715322437e-01
5.349933509702935464e-01
3.837565489086558479e-01
1.374869252693073918e-01
-2.034938418188123599e-01
-7.439017058396151238e-01
3.169865926958530533e-01
2.627223144704677882e-01
-2.932060469641073475e-01
-9.798096226816266352e-03
5.362857682037565077e-01
-2.933997158453875986e-01
-9.011157626079189242e-01
-5.590729279007440322e-01
8.157452747820088668e-01
-6.057911534262003794e-01
-3.172864234574315212e-01
-8.288271864954761536e-01
-8.075421018628228254e-01
1.366432660748431172e-01
5.421036937407810452e-01
9.630697237408198941e-01
-1.693728082301804161e-01
1.660558223797230504e-01
-6.612804151318087964e-01
2.432674902442046871e-01
-2.537333272153949881e-01
6.595244551993479920e-01
3.806878450212991538e-01
1.486835093656828644e-01
8.886977451519340043e-02
-5.740925471092845900e-01
-1.044207866633728443e-02
-8.446907765401703294e-01
4.695625609999132255e-01
6.138240969785324630e-01
-2.937343770360261175e-01
7.300017639726095187e-01
2.532384234365303577e-01
-6.448040714664624584e-01
4.008843283420340242e-01
1.289155535799035857e-01
-6.706987678673164144e-01
2.231709549087197431e-01
7.278175795033230422e-01
-2.566834247844407280e-02
7.532506153114848502e-02
4.550472273348193930e-01
-8.600576471854073368e-01
1.861403816117717103e-01
-8.905979891751667488e-01
2.601145201089174464e-01
-5.994068626246182863e-01
9.500476943551354747e-01
3.463291650546347356e-01
-6.783690141456331091e-01
4.238259280371685644e-01
2.133678946213852790e-01
-6.625330628321122184e-01
-7.575125291065942790e-02
4.388407811875485454e-01
-6.840876940649829319e-01
8.913626658498927657e-01
9.933724892791588879e-01
7.727721994320779775e-01
3.284464891819509624e-01
9.305069991243566374e-01
3.346555709233596243e-01
-2.552569197975809168e-01
9.012995097746874240e-01
1.549843665042693885e-01
-7.111716078277856568e-01
1.592430032830207676e-01
1.935306835757275579e-01
5.205496564280494010e-01
-8.121512191012616455e-01
-8.675695852040394840e-01
6.372945786145771674e-01
-7.783583776432712042e-01
-3.598187654905420363e-01
3.938167522681583765e-01
5.459100388788233893e-01
8.969400981341837387e-01
-3.616588511564877706e-02
3.981084178195644085e-01
-6.740066414583625320e-01
-4.140899937101858441e-01
-2.916132646483935442e-01
2.364796494044789643e-01
6.794646945736695365e-01
1.023105291558670249e-01
9.988551556781399832e-01
-4.927122926705063133e-01
4.529317603494040778e-01
-3.957410939816734530e-01
4.788513825662052970e-01
-1.240911677264482371e-01
-8.053711199702937584e-01
-9.205190720224498691e-02
9.426348027144131336e-01
2.387408246713977888e-01
6.487139279272564618e-01
-4.287954300902936389e-01
9.832538931206151744e-01
-8.069672395081937122e-01
-7.962802244894138237e-01
9.425899263202384137e-01
4.676047754120971067e-01
2.215929430951857348e-02
9.470492591111492331e-01
9.498916640959838009e-01
8.561341345338304709e-01
-2.785234335754018797e-01
-3.353119538506796893e-01
5.133083254150809793e-01
-1.078976289801418798e-01
2.257935494941265553e-02
-1.444438943950010490e-01
9.066734306736679017e-01
4.192437425235036041e-01
-7.209026487350893575e-01
8.768512974353734890e-01
-8.748134273897147928e-01
-9.313710768384022565e-01
6.181459943221547793e-01
-1.871847070670715762e-01
-8.075930095401335773e-01
2.946099975590152908e-01
1.446495665064095881e-01
4.351860199199877322e-01
-7.616109690727028703e-01
-8.474480119295002556e-01
1.956511794334355736e-01
-5.155851378301576915e-01
1.482072752746858679e+00
-1.164399365143429232e-01
2.638549777899353632e+00
4.776965975157608235e-01
-2.389351184518813120e-01
6.771142957618816460e-01
-1.576267750216011621e-01
6.621481674767293324e-01
-1.719371128278861516e-01
8.051508122301940240e-01
-7.493099583336080283e-01
-3.004859676071112151e-01
-6.871766013477720314e-01
-1.005616567058680300e-01
3.921892290895367394e-01
-5.512793946465028849e-01
-5.740344056415438434e-01
8.986048775100528019e-01
2.016664588776335698e-01
-4.788319931584821276e-01
1.198216929489337446e-01
8.228168143018508296e-01
-8.743922254262923577e-01
-9.813205211280078277e-01
5.342045336360072838e-01
1.489017208661498337e-01
-3.917015404924277799e-01
-4.747127573398948197e-01
8.631271368618964601e-01
-6.851486347000346200e-02
-9.857462251680595422e-01
7.328605233538967312e-01
-6.306631621719529512e-01
-1.177945509247391165e-02
-2.850097821735197989e-02
-9.750669837831138498e-01
-2.112097890382242937e-01
-8.364851406143403167e-02
2.281738107762583123e-01
2.333497052902357982e-01
-2.018458210935374364e-01
-6.659897178356910530e-02
6.491016921483652169e-01
-9.334591211105198738e-01
4.729771441752694816e-01
4.623440170484414136e-01
5.465641159694683004e-01
4.703188001258182815e-01
-9.965178887898160642e-01
-8.184002114965731600e-01
8.788875110969700533e-01
6.087472687217585499e-01
3.381613292509295654e-01
8.352518578427732265e-01
-4.586350575748807668e-01
2.278438269243152625e-01
3.215975920945557398e-02
7.910232916325141694e-01
-5.694126906113055053e-01
-3.105434025420092947e-01
2.840213510337206149e-01
7.386645125007087476e-01
7.538666247684573385e-01
3.710865785111832071e-01
1.290910490788605980e-01
7.838758382081476572e-01
-3.083072075552399927e-01
-3.596139777522520120e-01
3.653656616237892507e-01
-7.153944867282009401e-01
5.446948858629432344e-01
5.004435301944354375e-01
-1.698130288919743602e-01
4.794301018373889889e-01
5.874718301924095609e-01
-1.260994502954657648e-01
6.695940768119086339e-01
-9.401931038904753901e-01
-9.595013409197594711e-01
-8.979563834129338229e-01
2.369325565843953818e-01
4.614846487526103047e-01
-6.952336560093814732e-01
2.667579028054993806e-01
8.535659055331208389e-01
-3.687702201880407316e-01
9.052889990241030915e-02
-3.439190582455853296e-01
6.942703868984925197e-01
2.791180102254382511e-01
9.896841899399748677e-01
1.334512149738371622e-01
4.102226256839487384e-01
5.704749584201014301e-01
1.552558777410422142e-01
-4.362975476019270715e-03
1.571548020918727140e-01
-6.980007787475921432e-01
