-1.436343454951727328e-01
-1.863549836626734457e-01
-8.650426776880717483e-01
7.045875617010959324e-01
-1.324912922525935288e+00
-6.028601168355032236e-01
3.871118310871137780e-01
9.412000472233272852e-01
-6.559597521775712980e-01
-9.867296446658935238e-02
-9.668735348870309831e-01
-8.064350455498949799e-01
5.913244515012687774e-01
1.802934562540587926e+00
3.473240399578725324e-02
4.916985233119901544e-01
-9.844583323494568994e-01
-1.713499313670163060e+00
9.885224312050919782e-01
-6.840344349603049157e-01
4.037109598281727330e-01
2.983059953536251196e-01
-4.550015271825769148e-02
8.784894841900214857e-02
7.209681414425372914e-01
6.515691871889885967e-01
-9.356891067006030127e-01
4.966802899435620589e-01
4.373224289169730383e-02
-9.196446935171072035e-01
6.451504902670834873e-02
-2.407401557470510767e+00
8.818947572059216977e-01
1.706696648132659533e-01
2.548595639736941365e-01
3.063629980478467463e+00
-7.316386320955488021e-01
1.155851766656714741e-01
6.460725342611048916e-01
-3.644330708649223816e-01
7.581690364175956987e-01
5.747318610452074594e-01
5.406252966247548919e-01
1.505180043495688569e+00
4.785823480597797275e-01
-7.183480080385453714e-01
-4.657814215289015625e-01
2.123896943873637699e-01
-9.612696043055013462e-01
-9.478976764037490010e-01
6.658668691942173368e-01
-5.217183771751787713e-01
-3.476815417718615020e-01
-3.300130525391087311e-01
-1.947111806411585544e-01
-2.819111878910234292e-01
2.615647890123846686e-01
-8.712483831686061997e-01
-2.333454050160257420e-01
-1.884589785045152066e-01
-9.958923303683173689e-01
9.106269898009127228e-01
-5.612297510997921179e-01
2.415684899996889179e+00
-1.774462764308635254e-01
-7.409108048207830866e-01
7.674851179297719206e-01
4.087434345201163000e-01
-5.141124591735819482e-01
5.520977976815812927e-01
1.524582576968082748e+00
-7.765737925885900506e-01
1.923325867819360990e-01
1.223101095178173559e+00
-1.632012265573721699e+00
3.040498565490133420e-01
-6.484337885262210222e-01
-7.916621824830385457e-01
-5.487990272441036765e-01
-2.160861027462457340e+00
9.036121543294928227e-01
3.729877386023133234e-01
4.209211993816144304e-01
-4.137255234983151508e-01
2.495412910016603814e+00
-1.807377725710384020e-01
-4.430252755182999547e-01
7.293525863022343181e-01
6.775877316953484719e-01
1.880137313058330539e+00
4.006243043006771920e-01
-6.351207121112247833e-01
-2.179233916657095649e-01
-9.077052612043878810e-02
1.011128654223842904e-01
7.818557220434085853e-01
-8.208746339157151350e-01
6.226333171769016239e-02
-8.695390324296754514e-01
-6.731867634685295698e-01
-9.601057887234885069e-01
-5.936780600911123473e-01
-8.686712783877608146e-01
-1.722637448087522838e-01
1.279278008668056188e+00
9.652923117674396813e-01
-6.702296304090721302e-01
-2.925267715456403295e-01
8.729864532984623615e-01
-6.793889851815371195e-02
-8.067473408890859510e-01
-4.688166629830441412e-01
-6.982279628189034248e-01
1.222776618712315688e-01
1.739322187935918862e+00
-7.573168033406936228e-01
-9.409777149434381815e-01
8.911032725087235651e-01
6.959296615838619360e-01
8.163655661603597125e-02
5.614419640041630188e-01
4.194229430059932540e-01
-3.086302751976250924e-01
9.057247179179794827e-01
-9.605490881453904173e-02
5.057877296789357047e-01
1.778216845824713843e-01
1.684300397786295811e-01
6.649294522446573819e-01
3.751973081513242381e-01
-7.217081825576565635e-01
6.129506764098306970e-01
-5.456174363791581605e-01
3.556513659752180700e-03
3.937538413837007312e-01
7.988078040710844263e-02
-5.108740043000177256e-01
-5.847524962765922041e-01
-9.421019272733066607e-01
7.118523206493339028e-01
-4.711239527060662180e-01
-9.668505655735781801e-02
-9.684382685473609254e-01
7.482186480882790924e-02
-5.283908326152784163e-01
-3.717275074420980374e-01
-9.144149908969412266e-02
-6.780532348883432370e-01
-5.715739507886785642e-01
7.932745172650847998e-01
1.600101908871327527e-01
1.824777090752043307e-01
-1.746899071602305842e-01
-6.842279891541749315e-01
-9.947845058415478725e-01
-6.793511717291358387e-01
7.083593004310912988e-01
-4.321163123474489609e-01
-9.008675392535103743e-01
-9.980554732707973553e-01
1.705126781466974606e-01
1.001071621832441139e-01
-8.693486598523043618e-01
-5.245094582836482555e-01
7.925363020254954094e-01
5.307328371361670349e-01
-2.857381460362307113e-01
-1.369828838208220212e-01
4.708508621405245176e-01
-9.186006221215334833e-01
-3.274000434600710108e-02
-1.819674099856261051e-02
9.332149531426798816e-01
-3.612410358496487284e-01
8.741431896823426140e-01
9.205518422372542808e-01
-5.269974662211953653e-01
-8.736777042711068031e-01
5.420656301452646542e-01
4.225293213554437433e-01
-2.960434366405870765e-01
8.567394815091140536e-01
-6.960914534213611393e-01
9.792280017270877934e-01
-9.575266312012264969e-01
9.129106909391286884e-01
7.186263273895594494e-01
-1.364705585445509239e-01
7.078741738367844150e-02
7.675123698608612433e-01
-9.361782522822617025e-01
-5.756577973169596518e-02
-9.480668637409350730e-02
-2.633955643184282547e-01
8.617259521176998671e-01
4.004400611963778722e-01
-6.167921182704747540e-01
-9.967537099298406922e-01
3.050983661453419149e-01
1.044875090295747100e-01
6.340292632096979908e-01
-8.947860758584329499e-01
6.520002385777892151e-01
2.942504691880332146e-01
7.853339338532716596e-02
8.913891922332990436e-01
-7.488964328500911094e-01
-1.704147396627708755e-01
-6.689487596346841425e-01
-2.244727275807973932e-01
-1.109749351961399899e-01
4.172642877856700405e-01
3.432296618388037679e-01
1.250672338763899605e+00
9.312761680529237918e-01
-3.538816823342052498e-01
2.553180555575143007e-01
-2.220119383703527127e-01
-9.597120482439815969e-01
-7.854935725836935667e-01
8.052125906685319023e-01
9.582012801394401702e-02
2.076018815350402669e+00
3.697156616676406937e-01
3.405266139022222749e-01
7.227964665115416132e-01
1.029264754915850677e+00
6.825104154421299807e-01
9.589520324520619532e-01
-2.859648931003988537e-04
8.051943293840382321e-01
8.869176224484309756e-01
7.542809181953380460e-02
-7.486823537506512860e-01
-4.518191676456657646e-01
-4.132011095182428484e-01
-7.448303798249635843e-01
9.829892901782908421e-01
1.464366594451188996e+00
9.865452645940524512e-01
-2.827586460980282546e-01
1.477228962932202849e+00
1.346588443465203788e+00
4.081284906656215128e-01
5.380864571825723086e-01
9.328441452618696506e-01
1.268039652818176988e-01
-1.803696354227620091e+00
8.965080563032570282e-01
2.095916339187141375e+00
-1.380361932158266303e+00
-5.036323757121708988e-01
4.845036656495447236e-01
4.136892299503207582e-01
6.053513580283294004e-01
-8.177640899389688744e-01
-5.548277601651117052e-01
6.500560243432906837e-02
3.863313424300502952e-01
-8.420085645685777553e-01
8.713456736240471345e-01
9.991914202303469050e-01
-2.908033673765497706e-01
6.655454517176604412e-01
-8.800768918832657661e-01
