-8.431194919669289245e-01
3.995922465994625750e-01
8.102827472421771926e-01
-4.902172912340401201e-01
2.177342527335937028e-01
6.164821046764641377e-01
-7.391217125838456248e-02
2.254011460241897025e-01
-3.126270516318016002e-01
2.015812027871145329e+00
2.676417094461374102e-01
2.832454255976659674e-01
-1.437413482332468906e+00
-3.983110413130328542e-01
-4.229657018114258982e-01
-9.963856820829384286e-01
-1.839336571174142954e+00
-6.080527773616397624e-01
-4.137694298381586755e-01
4.731477547587592536e-01
-4.903715011622298281e-01
3.902854562076900624e-01
-5.592499493499518692e-01
7.256796317937104224e-01
4.112761759536212036e-01
-6.643693772768681782e-01
-8.738776648784365442e-01
-6.153803052857416134e-01
2.388692147781288355e-01
4.607531806532523255e-01
6.543108624558620079e-01
8.507117750518600197e-02
-1.928556557149028183e-01
-1.505186078645384118e-01
3.376310984531187831e-01
-1.709222210674754550e-02
8.300070951985250023e-01
-6.169481097756817078e-01
-4.127765577281956588e-01
8.052010887853389143e-02
-7.726676546794077893e-01
-5.843445167904384174e-01
9.696926394221083711e-02
-3.303420534696324129e-01
-2.772705397465333732e-01
4.428202202957356448e-01
6.479171500485212398e-01
3.905062499241425122e-01
7.274371913357562391e-01
-6.334634714840126080e-02
6.142559035978265580e-01
1.583727470252189740e-01
-5.875076694387726395e-01
-2.869832594711914098e-01
-6.380976856726860991e-01
-5.303366142524894578e-01
-1.903556777530817090e-01
-2.517388986693818165e-01
-5.262521832501496633e-01
-2.788296302177561969e-01
1.444695560914128762e-01
-7.108535015297421378e-01
6.894356534095418265e-01
-1.845464785759725057e-01
2.642029929514051467e-01
5.800409519516440682e-01
5.967972303138908696e-01
8.647051772397638114e-01
-5.608239541040729303e-01
2.193068580596546635e-01
-5.841784467554742566e-01
-5.363018692818624089e-01
2.384616103134582499e-01
7.547689991452866121e-01
5.506929881338540334e-01
8.650529537714264361e-01
6.810118160114373431e-01
8.583372848993886528e-02
7.226326717927578080e-01
3.946372779564024658e-01
-4.121998312017398636e-01
-6.370537651099361653e-02
-7.904588580518501217e-02
-4.888630650776994990e-01
-4.759289824104695477e-02
4.738102093610065957e-01
-2.295263609545510342e-01
1.432014051334375981e-01
-6.310630023561603075e-01
-4.880970636986670108e-01
-8.853400074851587309e-01
-6.525889922465584192e-01
9.277407030270468091e-02
5.744047910201379725e-01
-2.911342564766610241e-01
-4.778378412241299777e-01
-4.407997305713338143e-01
7.598889408650209010e-01
-7.538439039656728013e-01
8.692946166783721562e-01
2.808706862645822255e-01
-4.366999100606652195e-01
6.797756465436441964e-01
4.327379660631869296e-01
5.348634978667221596e-02
8.684701121108839850e-02
-9.614453414074293214e-01
-7.268360894937855310e-01
9.124761394475338072e-01
6.622947828866232456e-02
3.485100723082759089e-01
-8.560922467988516527e-01
1.265697724088092890e-01
7.192628574540820274e-01
2.631015071919344805e-01
9.753759843791316442e-01
3.261061900905066757e-01
1.496692664962221198e+00
5.348672592682801596e-01
1.239651568424124939e-01
-3.957819093467782601e-01
3.303558615358324069e-01
-7.456407355235201706e-01
-3.824650939885942957e-01
4.257456098144196677e-01
5.120118225579084470e-01
-8.060644876021056948e-01
7.168621669617665226e-01
9.000180537958131222e-01
6.040591666806041093e-01
-3.365468471982520082e-01
9.745980447125874857e-01
-3.895932586296411149e-01
2.370290343736103367e-02
-7.557621754226886424e-01
-4.158825296765504831e-01
-4.940401454084097921e-02
4.962541047738910915e-01
-7.521539988622010231e-01
-1.565939843260948372e-01
2.923622877073304149e-01
-2.147666317648686540e-01
-2.656089860098620470e-01
-2.578960109587047356e-01
6.443617456112780140e-01
-4.177151803509613348e-01
-3.560180475377379139e-01
8.464362365485373907e-01
-8.058464330744852244e-01
5.266338030599884146e-01
-1.741541286631071994e-01
6.755587078117850641e-01
-3.597576801044850558e-01
-6.397866065398927216e-01
6.604981172154160696e-01
9.578749485903970129e-01
4.401777325269062846e-01
1.036122709412208298e-01
-1.645409711137000297e-01
-1.708069637126607976e-01
-7.480156407018301312e-01
-7.464968987712417015e-01
-2.242259465293616749e-02
7.775730639210900463e-01
-4.877906048583899867e-01
5.764960712686930666e-01
8.135765064310462868e-01
-2.580213350410307527e-01
-2.339844102013868277e-01
-9.599753436779410176e-01
1.260263334039790628e-01
4.574154982275511205e-01
-7.182331559155545886e-01
-9.100799557795682393e-01
-6.691655147785715574e-01
-7.995790824829465127e-01
6.388468238390985210e-01
-8.251607336063475628e-01
-4.176096425458020178e-02
-4.313638413706206709e-01
9.349945192507833625e-01
-5.633282533929155900e-01
-5.859341992957074474e-01
-1.442836303255368158e-01
-9.888056377065519431e-01
-3.843061164842043187e-01
5.439667609598990428e-01
-1.664017162305602149e-01
8.732791600297284962e-01
7.685432998462480292e-01
6.213156629691483079e-01
3.847949122419724866e-01
-7.892463862541554409e-01
-2.319248689511752559e-01
-4.738810218392721652e-01
1.464292681108882999e-01
-1.645495445323938988e-01
4.417647347997140095e-01
9.606882960099278890e-01
6.034028379103610895e-01
-6.067803893117824643e-01
-7.597003423125301413e-01
-5.447796824577306740e-01
1.831960662860729894e-01
-2.771192021596942112e-01
2.097438465784540185e-01
2.822380539776458974e-02
-5.467344111431771125e-02
-8.252748145336930019e-01
-3.711278875595698246e-01
-3.430337517172370454e-01
-5.868845543316008051e-01
2.902091553359298359e-02
4.644179674262003399e-01
-4.016536275306028525e-01
6.785973511183842621e-01
5.873487678357500741e-01
5.807382836415477811e-01
-9.633940378091554457e-02
-7.636375470901317630e-01
8.670080653669096638e-01
-8.229042327799780399e-01
-9.022094932211341956e-01
6.934128792705056554e-01
3.921510069727145442e-01
8.412528338658955551e-01
-8.922525269301972983e-02
9.495358601962327061e-01
8.461208613202599871e-01
-8.841461125545690969e-01
-8.913880480692231156e-01
-5.717545845953451167e-01
-8.015930644540691929e-01
3.692375653513924050e-02
-7.202011942125103872e-01
-5.394822385766961936e-02
-5.870990436513052746e-01
-1.756572270802656544e-01
-4.059824369923905607e-01
5.828955825647166300e-01
-8.835721441162809331e-01
-8.785217639186257976e-01
5.542654857047768502e-02
-8.054765118301470128e-01
7.757273950085203928e-01
4.445614919273506160e-01
-4.466284827365567534e-01
6.822559023516114873e-01
7.962515525896520785e-01
4.818050171431922379e-01
-4.771098071566943766e-01
-1.266932426650693166e-01
6.924945789851320033e-01
6.882860694473649232e-01
3.794299681924639955e-02
-8.961969386019525974e-01
-1.781982682128848694e-01
9.749782946947413986e-01
-5.950602169873264735e-01
-7.973361987174731880e-01
2.012618314018066457e-01
-3.559199738093872245e-01
-6.665187488520578629e-01
-3.393747389894841149e-04
-1.266301305222219398e-01
