-1.303259390689116781e+00
-2.256685312088076989e-01
2.742788342292508119e-01
-1.256327230130955819e+00
2.853132584974760189e-01
-8.742986326380957074e-01
-6.213675519100874123e-01
6.676914227158300408e-01
-3.974776120653185085e-01
4.913065652316168652e-01
-1.037999481333227170e-01
6.453414074588725846e-02
-7.602031504994468669e-01
-5.430893561568053141e-01
4.769835832835620515e-01
1.690848121479556987e+00
6.673939115105620434e-01
-1.257368580960851911e+00
-4.342441652321483714e-01
6.780429768931894863e-03
-7.594182775705962118e-01
2.200055311103831235e-01
-9.635428697693079192e-01
-2.323896136976966176e-01
-1.815640371598447489e+00
1.459926034102689840e-01
-1.817038668305750004e+00
-5.327824689891276222e-01
-1.210246714140423840e-01
-4.808679374887034896e-01
7.544044550851440878e-01
-2.191169420568781501e-01
-1.030466793420127036e+00
-9.488859644645397662e-01
-6.609583030696892791e-01
-7.893901729588896909e-01
-8.148547409142359310e-01
9.478919449655611729e-01
9.838572649583452456e-01
1.742669225586545245e+00
1.297848687536289347e-01
-3.631882660377510064e-01
2.476861247990576054e-01
-1.511677749067393273e-01
3.868722805920312702e-01
-5.324039982472128507e-01
9.726855476254943067e-01
-3.243500186670746910e-01
-5.025137642462469412e-01
3.902641375561159975e-01
-3.917203856886217750e-01
-9.104376996599592431e-01
9.494086676302959660e-02
5.515570744112372470e-01
8.718546349697844366e-01
-2.538372957756513948e-01
-6.077119116187517101e-01
9.404417733220922226e-01
-7.801211227467503839e-01
-3.854773574963183957e-01
1.293849632956630469e+00
-1.561425229008386317e-01
3.178511486045135781e-01
-2.687091545119224989e+00
-9.748089260908621156e-01
2.124333278572925199e-01
-7.099614889853700372e-01
-1.781809889695440408e+00
-7.025651670325050446e-01
-1.146880774718807672e+00
-1.267976295531735520e+00
2.270137056445669099e-01
1.450840088837357378e+00
7.710637869036696124e-01
-9.206407218814588456e-01
1.595505627337330257e-01
-9.530195081060928164e-01
9.334638327616020526e-01
-4.479257946002301871e-02
-5.838128134129831892e-01
5.282517639648380836e-01
8.858530516304548019e-01
-7.399481142467645434e-01
-9.199368087600248156e-01
8.610394994386660894e-01
-8.654316456099060417e-01
-1.980609722340089807e-01
2.140831047205340454e-01
3.159998057614235023e-01
-4.544499997580311312e-01
-8.079841599779036265e-01
-9.625199240097004338e-01
-7.155896617027095452e-01
-4.142708854985139855e-01
8.419959581288627426e-02
5.960303794731813820e-01
2.557924642659852310e-01
-7.862552874778487855e-01
2.671862153362376535e-01
-4.904894676607007842e-01
-7.253822865274215381e-01
4.950155418236235061e-01
4.675136184822830110e-01
8.930146830999206031e-01
9.753738461533785209e-01
4.252651890705183568e-02
-1.228569183433168011e-01
3.162893949713940778e-01
5.793844165350556796e-01
-2.720324396083708685e-01
-1.528212298500752908e-01
-4.255282082668476740e-02
-5.269583826956123485e-01
2.216851713293224169e-01
-1.828438855305418720e-01
6.375035774957735768e-01
7.714770830614332553e-01
6.725983323814002102e-01
-6.420038444875191264e-01
4.792081672558157202e-01
8.260297469214197275e-01
6.968829683331714264e-01
3.639228060583485913e-01
4.770979647624369324e-01
5.126032973144805105e-01
1.012245084975040843e-01
-1.268531792680724912e-01
1.472815650689167200e+00
-4.846280657696604433e-01
5.956752793809017010e-01
-2.148220079285861672e+00
1.567372578841284003e-01
-1.000347000320486845e+00
1.997073600737147903e+00
-9.551826613322871307e-01
5.035362831235992154e-01
5.829418918589188703e-01
1.419757555068603905e+00
7.362321967202838380e-01
-8.218147818378314096e-01
-2.431467092918355721e-01
-7.485399209443348578e-01
3.223767496777456554e-01
4.142507575401124797e-01
9.726706186308997637e-02
-1.048804483502028706e+00
9.007665671379323502e-01
2.261835007883927773e+00
-8.574296372790037868e-01
3.604763794088094997e-01
2.020930392900031070e-01
8.583537619249808071e-01
-1.210059977675859599e+00
8.538495904737244402e-01
-3.820404618947126352e-02
1.636449517559432909e-01
9.308240022957561255e-01
-1.066543171382268174e-01
-1.080533495040079117e-01
-3.858610563520368242e-01
-6.818600201746525258e-01
-3.767262125162536002e-01
-6.044387356729645777e-01
-1.466885714171233257e-01
4.438711952331393373e-01
7.315207141655898360e-01
3.548175002199289718e-01
3.482894455570311187e-01
4.489314197675753348e-01
1.289441390281236943e+00
5.545522290296391876e-01
3.275618107191471395e-01
-2.346908731587644681e-01
7.719393149781073049e-02
-5.071326417877264348e-01
5.803393562547682905e-01
1.504147716104431431e-01
-6.741347941995994297e-01
-2.117086305715631944e-02
-3.768310927882128070e-01
7.960001592559822203e-01
-4.073845037102996613e-01
3.207632645105922276e-01
9.268725527073535808e-01
8.802176844113744902e-01
-2.962850957559761689e-01
2.085415833745710934e+00
1.783668267145537722e+00
-3.726808553521687717e-01
-1.822757324058119077e-01
1.393499512530407269e-01
1.998539977187228089e-01
-1.522693571773339860e+00
4.384217388755942135e-01
-7.658940159537910297e-01
-3.634405004572690556e-01
-8.425898529072084475e-01
5.851377367649086558e-01
8.255610834695426004e-01
-1.830250119578123780e+00
4.060461781656008462e-01
1.172160291026004497e+00
-1.672971766305827224e+00
-5.646712764152810315e-01
1.842985343760574768e+00
3.535736628464110076e-01
4.737461369778821485e-01
8.815705435955585312e-01
5.495757744754792284e-01
-1.948807370509686443e-02
4.782502680991085331e-01
-4.458355672170966066e-01
-5.393834543916016244e-01
1.248937436551538216e+00
4.134158979171598247e-02
-1.241552822690541458e-01
-4.850117842815566682e-01
8.976104940208708971e-01
5.954751018699315779e-01
9.999059211450704865e-01
-6.534866622571295913e-01
-7.091623966932302237e-01
9.125911668833481816e-01
1.282983761944155976e+00
-2.278477171773560794e-01
-5.534254107502167841e-02
9.768053476757865283e-01
-1.680255436120905443e-01
6.012400547268255124e-01
-6.985484180329739612e-01
-8.500487501991109696e-01
1.458335754956779029e+00
-3.928301880024600568e-01
-2.583290527253637059e+00
3.851219383521866657e-01
-4.646328544558818163e-01
-9.554742243866101159e-01
9.814172222615575869e-01
-6.159479418393344341e-01
1.707616124910486421e+00
-5.814768861507288999e-01
-2.378977795408636631e-01
-6.432188061834982484e-01
2.366633829353153029e+00
-1.704515584487645619e+00
-4.207549543982855855e-01
5.469923816781671055e-01
1.738223271770289458e-02
3.293199892501819104e-01
3.879627671045904336e-01
-1.813510446151926914e+00
4.553164462974217397e-01
3.901061598258600549e-01
4.055520910246108723e-01
-6.070263874720851494e-01
1.072660464214776344e-01
-1.288634847544588569e+00
-5.987714099194205719e-01
1.619835435311229865e-01
-4.371113973252098717e-01
6.035682567070786986e-01
2.998628120789744722e-01
-3.273746079406087972e-01
-9.252749692071327026e-02
-6.824544358232447205e-01
