-6.275903555508995924e-01
-5.795153076463359643e-01
-9.708982015458100800e-02
3.473121658142930279e-02
7.438534511480576761e-01
-1.072581685490507919e+00
-7.966825021904411219e-01
-8.771816358041795159e-01
7.065363105138943167e-01
-9.800308831906494600e-01
-9.141526262595420782e-01
3.066927857598737983e-01
7.862505435651854224e-01
9.777111378026519528e-01
-1.589999312468881598e-01
6.646934362871326218e-01
-8.361146095075748796e-01
-1.169291678428185044e+00
-6.295978740003604912e-02
9.336880723223917045e-03
-9.663228269689805305e-01
-1.907294248106978785e-01
-6.821582315889624937e-01
-8.578155926469528403e-01
-3.747199454351892722e-01
-8.932319089457596561e-01
9.464071952117154574e-01
-2.694488362230185174e-03
-3.795433422553445846e-01
-5.768468755864246678e-01
-3.308608801670112065e-01
-4.361254901868076850e-01
-7.457825876092849526e-01
8.750791166992628600e-01
-9.126406395841746289e-01
5.057790291495596335e-01
-5.188275266044140022e-01
8.735303219994816626e-01
-7.923972546997850586e-01
-2.181787000989141578e-01
-8.734311344166025837e-01
-5.150383508220555129e-01
6.379596879891795691e-01
-2.374661534073116975e-01
7.017390505566840631e-01
-3.062083224882690136e-01
-5.944285298325846512e-02
4.761826344247834797e-01
-7.980304485430018691e-01
-9.683084743221437307e-03
-4.866852570218793694e-02
6.011937549660482105e-01
7.113450059493982014e-01
-4.139098306500643698e-01
-8.422038061094117012e-01
-2.821975341192985987e-01
7.752645872276060501e-01
9.587523745941164410e-01
-6.422018183807287617e-01
-1.366556195200050450e+00
-1.698045921803970071e-01
7.547583211161288386e-01
5.792741612031775400e-01
-8.433091537673564897e-01
5.257337753154134319e-02
-9.619640080380609248e-02
2.479374535359983867e-01
4.351307072191065717e-01
6.817589039193092670e-01
3.793096849355714895e-01
1.852818018960431523e-01
-2.086231843696788602e-01
-4.043441577096420492e-01
-6.220391102545634876e-01
5.247180199140242252e-01
9.190899482854599789e-01
4.839166821589613310e-01
-5.881011371636140073e-01
2.184103924840416600e+00
-9.925601815266018590e-01
-9.035784976087986031e-01
-7.876280362095027243e-01
-3.803297386573243344e-01
-9.545417858248589349e-01
4.749723538994119476e-01
-2.370455290901025691e-01
8.755582461215549728e-02
-1.269335611188457058e+00
2.116549514384569175e-01
8.660197671132039421e-01
6.326674884007965627e-01
-1.574084778474451607e-01
-5.786855218873059314e-01
-1.437912451805702929e-01
-8.517631101132994154e-01
6.333851624251163326e-01
-6.730750709821506916e-01
-6.683590241419992140e-01
9.085905657285775483e-01
-5.833173801965911842e-01
4.223593392197897423e-01
4.601679295579621520e-01
1.909243011648646959e-01
-7.461586716388006746e-01
7.736677326686764999e-01
8.169627935630212612e-01
9.953123290836307646e-03
8.662893790997314714e-01
-1.486207074702969644e+00
-8.450378808412395415e-02
-9.435336040852437822e-01
-3.403709451265417574e-01
-4.564577414040114078e-01
-1.140213595585757300e-01
-8.194184178988914713e-01
1.500054704143978235e-01
9.164056445158150765e-01
1.613085960238085370e-01
1.833311644003093877e+00
-9.239625760429799328e-01
-7.638807833915912671e-01
4.566301009397533139e-01
4.881847205123808209e-01
8.121615957480716741e-01
-2.213239698188367299e-01
-6.382476664033216451e-01
-2.236194964283713116e-01
4.453626838129174370e-01
-1.781108874710765955e+00
2.606632028510564858e-01
-4.557302462766712470e-01
-3.396660268606263022e-01
-5.960067091055027966e-01
7.522705695869791320e-02
-8.220798171660916864e-01
-9.661408840436986889e-01
-8.088829919301150362e-01
5.293203234853118833e-01
-1.518932606831813192e+00
4.337429008482023285e-01
5.968168006299909845e-01
-3.950874472435352835e-01
-9.813987741709964130e-01
7.623081341102675434e-01
1.834853307291463981e-02
-4.616734354559248743e-01
-4.779496994950638289e-01
-3.311431511074027778e-01
-6.500999696676739159e-01
-7.740866108106774224e-01
5.699335617811545074e-01
9.570085574047140220e-01
4.418991044159608084e-01
9.508092362188309554e-01
-4.371505670703617064e-01
-8.592816027474761142e-01
6.267952868270378064e-02
-2.112254887857289987e-01
3.405115697646633466e-01
9.304896365740897846e-01
9.928708348554818874e-01
-8.951986676589724912e-01
8.217017023177046742e-01
3.691650806229556658e-01
-7.269338834503136226e-02
6.026508918889410538e-01
1.034690611884004463e+00
-4.081847486680441062e-01
-7.254468938938043454e-01
-3.710896857195078447e-02
-7.147332503001315729e-01
-2.890613088708239076e+00
-2.713569977221903518e-01
1.018522583835843598e-01
1.401699670742070802e+00
-1.234690465958905303e+00
1.177422780121081480e+00
-9.004103592768939457e-01
-1.800319778877755572e-01
3.092219664666507883e-01
2.445936595629356614e-01
-6.126403772572051043e-01
-3.600171984569222605e-01
3.424304950321339636e-01
1.385658849640467594e+00
2.728899080820079703e-03
-9.221875075727745674e-01
6.240143604222940787e-01
8.515707604946662901e-01
6.701044755434995004e-01
-7.989908638952056830e-01
6.335237061043035300e-01
-1.267783217488431813e-01
-8.044033601913722631e-01
2.566703775766683293e+00
1.584072341096478098e+00
1.524075074351971537e-01
7.053079821934504778e-01
-1.085244409426571410e+00
7.613802088568828452e-01
-8.840368258762909548e-02
1.961949026824272302e-02
2.619675383810063929e-01
-4.566402649680033066e-01
-9.517521615439039628e-01
6.136610130031185939e-01
-5.582038137082090401e-02
5.823202982523256743e-01
4.900989982050456550e-01
-7.211784682148087988e-01
-9.834433426191588890e-01
-8.213244943043411794e-01
7.847248701791147418e-01
5.685086296627213098e-01
7.587054822627505857e-01
-3.064800032084722403e-01
6.083956511234211995e-01
-4.192513034963252228e-01
2.928159761016968510e-01
-5.718761166690253805e-01
-3.205628632792165700e-01
-1.496609833749708240e+00
-8.021462932566492121e-02
9.458188292905858052e-01
-9.234911687639684175e-01
3.935786530123157601e-01
-9.051164340195410052e-01
4.786271793178904499e-01
9.612110362714121337e-02
-7.118587354949041934e-01
7.019080197846649938e-02
8.130937647501206289e-01
1.256808611925877006e+00
7.771057408135746414e-01
8.941947135108252454e-02
-9.902206328756824050e-01
8.954969951536910777e-01
-2.827587368033166459e-01
-5.781164246426273579e-02
3.094319067159425618e-01
4.680933746260480532e-01
-3.618940704256066176e-01
-3.258201247818821589e-01
-5.629892273965952931e-01
-1.607650502503148449e-01
-2.717725706558387078e-01
2.921536255954146899e-01
3.303888868992448380e-01
4.244951892916535297e-01
-7.573480121127049713e-01
8.060963254861972516e-01
-6.232163537997625902e-02
2.948188485917382362e-01
9.814036977677265128e-02
-4.682315895905402314e-01
-8.274510373909249594e-02
-9.888450401286992264e-01
8.244535957295844320e-01
2.577604169160414571e-01
-3.953772009988467673e-01
-7.346630546867520817e-01
-8.071592354464935948e-01
-5.808179264041510859e-01
1.861720160961943815e-01
4.499365296442172646e-01
