-2.724641488746175622e-01
-9.822561116993175911e-01
3.193232202494789007e-02
3.046086428798662205e-01
-5.414614187015245328e-01
-1.189418771202215286e-01
1.686860291009062429e-01
6.844371487752298755e-01
-1.333401808469134586e-01
2.899429461868157087e-01
9.085589649082426167e-01
-2.888958620789345844e-01
1.668452072331934044e-01
-4.183317237016059842e-01
-5.807539600629145760e-01
2.617276927471618997e-01
-4.524742648891046937e-01
-8.522803055527197191e-01
-6.452433459515656278e-01
7.164222167146634401e-01
-6.145417543932616411e-01
2.290913934542331276e-01
-4.986290521149330246e-01
-8.739522837009170431e-01
-2.035126715397272967e-01
6.009739307858394941e-01
3.196313944324580270e-02
7.870213854857770475e-01
8.852814277916838392e-01
-1.606785016077136863e-01
8.852840208206349537e-01
-8.101541817453166150e-01
-2.231429363058401449e-02
1.487280081729149828e-01
1.652873642795111842e-01
9.772083561273903207e-01
4.757765409386001121e-01
1.220009405394399948e-01
8.740629600898168761e-01
7.712801321585114334e-01
1.332366646811640187e-01
4.635626925619198424e-01
7.209769523505156208e-01
-3.722058609680489738e-02
-4.188873620122277597e-01
3.041885358115312687e-01
-6.508975768795499661e-02
2.086698051266051568e-01
-1.614649505875873636e-01
4.568008156721623525e-01
-9.014694325981440493e-01
-3.502915838586391217e-01
-1.891499074483251608e-01
2.835145954633999654e-01
6.845220253251746989e-01
7.346255305945896819e-01
-6.189478715577256818e-01
1.267806726151357033e-01
-8.295311447387916370e-01
2.267226821701613382e-01
9.119618474254678198e-01
-6.933744549948639424e-02
8.024146319010732054e-01
3.971180582070403808e-01
-8.931766713197661911e-01
-6.340558858157119282e-01
8.950293206086863407e-01
-1.108016451361937271e-02
-6.232506945707534385e-01
7.851548363042475387e-01
8.431425075015996917e-02
-1.700546461750465088e-01
-1.267487679853807059e-01
-1.084397839483413062e-01
-4.050752018237009366e-01
-1.840915554062727555e-01
5.016774427795414049e-01
-3.104968866994171073e-01
-8.167183251090557317e-01
-7.678548340859792098e-02
1.413755540261463217e-02
-6.935689803324744940e-01
1.076096837114106641e-01
-9.081812046432347074e-02
-9.945339973282925072e-01
-4.698664666319172234e-01
-9.328091514679506258e-01
-5.803789792976583595e-01
2.890517671217902596e-01
9.595427426083769085e-02
7.834129050208220590e-01
-4.940563884271769179e-01
9.916721415112688121e-01
-9.293261718022833850e-01
-4.855894405743457209e-01
-9.682755946157024507e-01
7.072067879509265076e-01
5.346736391423563273e-01
-1.965613617085300024e-01
6.946365400806218116e-01
3.750661559646901733e-01
-7.077275433369969448e-01
2.255628933864937125e-01
9.919994658647359742e-01
3.041699392042449546e-01
1.944066666485722017e-01
-4.053422585423160918e-02
-5.118889613820056805e-01
6.201842579490968177e-03
-9.552275114343222739e-02
-7.098014181806209244e-01
-4.505612077977507735e-01
-4.585426459565407065e-01
-2.504784817108001160e-01
-8.748084092699788261e-01
-3.985557063339217887e-01
-6.098405881756709945e-01
-6.269784649649206010e-01
-9.327250567193039466e-01
-7.604023455499366868e-01
-4.565107624691733257e-02
8.373971904280161915e-01
7.357667452184628587e-01
7.832143574421472909e-01
-4.300264710162400306e-01
7.354574077526374598e-01
-8.038782145547058722e-01
-8.768459725793484871e-01
-3.309027726323552354e-01
2.463018142803723443e-01
4.413602818042337006e-01
3.142736532146170880e-01
-3.468073587249951295e-01
5.849852305398108854e-01
5.026588612790914290e-01
-6.462549639833581328e-01
2.056251032308034077e-01
4.730859103665498999e-01
-9.068090807904345407e-01
-1.772205417348517997e-01
-9.334874181038328445e-01
-7.930384667930745479e-01
3.529469253502535153e-01
-2.773291319635518004e-01
8.124976397615806256e-01
6.054469347674298341e-01
8.670527997332548864e-01
-6.384084566127785632e-01
-2.916726273911611766e-01
5.372222762986602618e-01
3.525965508188821929e-01
-8.804396710059390063e-01
-6.273677858901400839e-01
-7.123480539349722473e-01
-2.772422685614523985e-01
-3.942854987656974064e-01
-6.539881654724797322e-01
-7.951674268745489993e-01
9.797768831643116627e-02
-2.385388528735417069e-01
8.778116510471045686e-02
-6.623933605527703161e-01
1.941739147946581756e-01
-3.117163538633185293e-01
-5.583256861095833301e-01
8.760179178902769426e-01
9.033279254187065455e-02
-1.924216855645828339e-01
-6.653011021142722914e-01
9.603112667046180828e-01
-9.180643253841296314e-01
1.789909931709730007e-01
3.493812659633712681e-01
4.110775888623077190e-01
-1.874941675532699747e-01
3.609417086072075342e-02
2.645413684084576555e-01
4.913850167155562332e-01
-2.536776786759296076e-01
8.266715639657626902e-01
-9.275172111553398047e-01
9.597857330522809871e-01
9.532162212576669180e-01
1.763322544852319318e-01
1.399833790959104096e-01
2.830706054510245817e-01
-3.686135066058386922e-01
-2.018883690363058037e-01
1.956184620009853159e-01
6.883255121057363368e-01
-5.970146444270685304e-01
-5.059147255335281201e-01
5.392808202640853033e-02
3.019078719606815842e-01
5.314064139963217137e-01
4.475679774165277625e-01
5.684380047453296836e-01
7.709030647270442849e-02
-3.296611377052838243e-02
-5.639164547202017985e-01
3.362305591315970510e-01
-6.179879848695408739e-01
1.979665189142376658e-01
5.009166005736354066e-01
9.492832572375999867e-01
5.388084956401459902e-01
2.829032484010742809e-01
-6.874996306748497599e-01
7.270878215543785661e-01
9.942948012908532363e-01
-2.840941560244232278e-01
2.773426780329297792e-01
-5.364013753670964224e-01
4.775340442658286833e-01
-2.874338057551411030e-01
6.804506192536590170e-01
4.058629931866442053e-01
7.986609429099105206e-01
-4.889844110753993611e-02
7.925778235814413542e-01
9.580443999575738445e-01
-6.933711591760312043e-01
9.660328358921792535e-01
-7.013610947624617786e-01
9.085817160924367641e-01
-8.796205282693843053e-01
-5.417956910781047686e-01
6.865033453128834839e-01
8.256735820317018248e-01
8.639206974222128910e-01
1.206505485849920234e-01
-3.886206553768192240e-01
3.276703194922703233e-01
6.543167156612343938e-01
-4.081856967894892385e-02
5.229126821359786348e-03
-9.126487728411514233e-01
-9.342655477628225569e-01
2.974811501147061055e-01
-2.041150000176996659e-01
1.707310002471806865e-01
9.165212197316792153e-01
8.421943706611569880e-01
-4.564268382846781158e-01
-6.945909759799340222e-02
-4.409980511883897503e-01
-5.105376224110296235e-01
-6.763044383181227026e-01
-2.437407993677309648e-02
3.709150923385577947e-01
9.061730187963730199e-01
4.103150699245439181e-01
1.739532284515310501e-02
-2.282488431739808643e-01
-8.088863576419766943e-01
9.315606138812015935e-02
5.090937698696991198e-01
-1.995711978571386158e-01
7.987464378761237604e-01
9.539682629722530116e-01
-4.582033591494736324e-01
-1.278871971503428018e-01
-6.608075059578133459e-01
3.096598703748432158e-01
9.650189088781551128e-01
