-6.774504664802789566e-01
-2.473975914640216267e+00
-2.397040050258276156e-01
7.959071181883139445e-01
-8.429698237447416087e-01
-7.252633877258380934e-01
9.062498952713193834e-01
-4.543341528629860626e-01
1.311486753443536823e+00
-3.461379919831217844e-01
-6.790688828467634774e-01
-4.947526423939949680e-01
6.488069926719213232e-01
-4.695916502133847814e-01
6.141660578451899610e-01
-8.816694648592096062e-01
2.829588725553500161e-01
6.529173904124028205e-01
-2.980947608887112299e-01
6.093462188401905788e-01
-3.418585394780957465e-01
-5.453645938918145752e-01
-1.400660640769030962e+00
3.154302621304705401e-01
6.357256905104613498e-01
9.380045632005058476e-01
3.967775086524920614e-01
-9.416695242756349948e-01
8.073538324324669446e-04
-5.011431310383571702e-01
-4.201790789412520599e-01
-6.788699346483184627e-01
-8.970322759911988353e-01
-8.420376407545850928e-01
2.695129755765646173e-01
-1.374698592199325997e-01
9.760201479197498919e-01
-2.049043648762816083e-02
4.531337876823158251e-01
-9.254965613886967368e-01
-2.448297497722500826e-01
-7.332166838256548580e-01
9.203200194526555133e-01
2.374196331832425511e-01
4.709682955787155567e-01
1.781346526498621019e+00
-6.195630378251644199e-01
-7.524209585847525528e-01
-4.669990936665104897e-01
-2.807678057042457542e-01
2.426893865714936371e-01
-7.763453029945284189e-01
1.367422787275596185e-02
-4.464237789299050352e-01
2.135286827810602084e+00
-6.435027303905198615e-01
4.833497550520715613e-02
-1.509979271187762428e+00
-9.891228471293513902e-01
1.302758377210879726e-01
-6.216295833195075726e-01
6.959276089357415707e-01
1.562832006449110800e-02
-2.562847984308143090e-01
-3.480079534041107259e-01
-3.798308018093179417e-01
4.529026909669671142e-01
-9.481643918664088844e-01
-4.001925820795804167e-01
-7.853659837607327443e-01
7.494416914309041111e-01
-3.459329465970259476e-01
-6.381088061828201763e-01
4.195611045014764340e-01
-9.155517224646056995e-01
1.062493222456611375e-01
-6.083143859599429160e-01
-2.555087020209434456e-02
5.349500615078730537e-01
8.133484243270203695e-01
2.425187068280721725e+00
6.159539246071925600e-01
9.052204647709194418e-02
-7.260079072462484184e-01
-4.650567825292386548e-01
1.130852187407611620e-01
-9.002565996058542463e-01
-5.268600257072506565e-01
-4.197303104251781658e-01
1.980211022414581912e-01
5.001354914500386606e-01
9.713117448757013772e-01
-1.332244924538235065e-01
9.509816590008075554e-01
7.379695085455701964e-01
7.266590322622750175e-01
-8.150762354900200624e-01
2.493913899468942486e-01
1.719021360765229378e-01
-5.464081145860344435e-02
-9.650623852240127754e-01
-2.921336736602579975e-01
8.800188667016080046e-01
6.290048616867052189e-01
-7.295236369535305077e-01
-5.190126584682224209e-01
8.397436886804134915e-01
4.424256692951080705e-01
3.240073253561128741e-01
2.852530644784168068e-02
-1.253447037402359854e-01
-1.292984880416758742e-01
-4.816391690391750302e-01
-5.751762292417763600e-01
2.678706334339313599e-01
-7.640954558917985029e-01
8.881057012243878113e-01
7.474066971705317641e-02
6.336266234654372997e-01
8.067254175693339135e-02
6.466203575486451083e-01
-7.325229719032511078e-02
-2.037952666329170270e-01
-5.097034935689399582e-01
9.877470074009753187e-01
8.974336500526645111e-01
5.126823292927293885e-01
9.750813978254857517e-01
-5.242379028218209225e-01
7.841019793089434309e-01
2.281669123158480694e-01
6.858038472474068392e-01
-7.864444395457701464e-01
-6.496036616933253960e-02
1.209887825919082616e-01
7.694589798364537270e-01
-8.266195352681515729e-01
5.331535298026228720e-01
-2.750557331065763833e-01
-9.264188038393592617e-01
9.020640639487929047e-01
-4.490564509432322104e-01
3.237577003314773272e-02
-1.546276331581242225e-02
-9.008023278114514198e-01
-9.285622194349061331e-01
8.865339947263222165e-01
-1.969707709544936680e-01
6.854810839373639553e-01
3.481432741960324151e-01
-4.774748384620013386e-01
3.116486218287173315e-02
-7.872143844839680771e-01
5.159718558293910906e-01
1.989113358065064396e-02
-2.214019142453009792e-01
-1.365646324305154202e-01
3.720423283954641391e-01
8.257596167026968192e-01
-4.471554670918420626e-01
4.713621193239379004e-01
-1.271175470677250452e-01
-1.246471614668163141e-01
-3.307247601653042768e-01
-8.927573655791514184e-01
7.704169439045898127e-01
-2.356076652642171698e-01
-2.957972440709633055e-02
7.751113394335884532e-01
-5.732713141960497083e-01
1.505987105245720770e-02
-6.218094516153496176e-01
9.240376601117981092e-01
-6.450549742086875149e-01
8.046187656794177023e-01
-6.842358932485681500e-01
-8.588646287890528974e-01
6.765067762763987691e-01
1.817554084596844088e-01
-8.886874139850104992e-01
-7.172425525274859215e-01
1.531165789137871602e-01
5.460323132552731273e-01
9.432439543753394773e-01
-5.583834983331554813e-01
-1.651322301260784720e-01
2.041147996004901710e-01
-3.889533586261499920e-01
2.265181471301702665e-02
5.240474300782873573e-01
-6.027434605699200088e-01
-8.505223795175729240e-01
2.010468504472173734e-01
1.188651960744369074e-01
-3.432846635029984661e-02
9.602026306804467559e-02
-1.437819618866889027e-01
-7.795019018659714582e-01
4.608964869956868604e-01
-4.672296961484745381e-02
1.109548214223339269e-01
-5.455327181306790507e-01
6.216055321673674694e-01
-3.365769954560582367e-01
-6.525937965619328374e-01
3.198958232867985529e-01
4.171634162062145545e-01
2.615928383139694002e-01
1.135530257734797432e+00
5.354399122397952571e-01
-3.794218121322410209e-01
-1.782400652683435949e+00
-7.455587658707771848e-01
-2.243548409827373913e-01
-1.571486635284624622e-01
2.942315689156114189e-01
-9.662419684776846207e-01
2.936236209096811933e-01
1.978768398344215029e-01
3.273083018550544399e-01
-4.591715521016859203e-01
8.443058933477844974e-01
8.351682008934379065e-01
1.401976851257515033e+00
-8.829534847310775980e-01
1.240575854603708450e+00
-6.808263476351041898e-01
-6.169106680291960298e-01
-1.416489224816393833e+00
-6.040616552942851269e-01
9.742814329530857798e-02
6.727378849784448889e-02
-6.109123807353216140e-01
7.081738416519527402e-01
-1.167529072411586100e-01
5.633993445919003307e-01
-9.627896808557911967e-03
3.628729390320999393e-01
7.374787298630098853e-01
-4.943450123591548451e-01
-7.300132323252690458e-01
5.436285310109851832e-01
-1.181900938605728868e-01
8.318312788467587815e-01
5.399183359165580232e-01
-7.724313859500973045e-01
2.111433313119892574e-02
7.731012088705893071e-01
1.136514822933647473e-01
4.550809009219292101e-02
5.944162461386781615e-02
-6.309853103954152775e-01
-5.363577507387473631e-02
5.112242934440436315e-02
3.329418755684170339e-01
-5.798608368537290225e-01
-4.107072418519818191e-01
2.121760684534417241e+00
-2.414043042697053831e-01
3.097991225770502233e-02
-5.867327232245189705e-01
7.346931358513013599e-01
-1.053248928850452071e+00
2.188602710532677742e-02
-1.410155865193503999e+00
