-1.455194132810405216e+00
-5.816959555923606473e-02
-2.293305277735043557e+00
8.124070508527949652e-01
-3.299254713327395283e-01
8.629794482183752447e-01
3.169732850926691992e-01
8.812716900537833631e-01
-6.139763890608156416e-01
-1.906529021928881518e+00
-3.589218717564552463e+00
6.550284294235020344e-01
9.033530748204308125e-01
-1.461418244399026900e+00
-2.874866074476885025e+00
-1.699040156568413229e+00
-1.750153171354342563e+00
6.579746935130346142e-01
1.484472423291402166e+00
1.058658322938688556e+00
2.026432028576710120e-01
-6.534934998646191318e-01
6.319699035502093221e-01
-9.766499765252709686e-01
-1.928036993868664783e-01
-9.062311110922540713e-01
9.901117754383852443e-01
6.843964418297321384e-01
-4.478675114561077586e-01
7.660396910043323349e-01
-3.425798913940012458e-01
1.564771236144844035e-01
-1.314958405338504388e-01
-6.850899289525687053e-01
-5.827001385173353754e-01
8.149422547838870434e-01
-2.981523239024521654e-01
-9.770725369545825156e-01
-5.273804530069026164e-01
1.161319713377222396e+00
-4.349145662576234805e-01
-8.691642080577732798e-02
-3.126560711346093591e-01
8.784121045208796996e-01
2.341134119218302168e-01
-6.351288487805024641e-01
-9.867362553784841950e-02
-3.378113151566197736e-01
-1.089641241583709785e-01
5.648255966649891047e-01
3.231287634856043756e-01
5.927307559172212414e-02
-6.381033784303600243e-01
-6.398693122871983441e-01
-2.862178810968676324e-01
-7.163358712761882519e-01
-5.699100731835462508e-01
-4.260723852233121445e-01
-2.148249177046829828e-01
3.580515857646953126e-01
-2.550975318482699983e-01
-4.787161373819712740e-01
2.959411400295850481e-01
9.100717491989339658e-01
4.297439176471996025e-01
-8.147095636997179202e-01
-6.147833264243018903e-01
-4.872895996388573181e-01
7.418240936713276223e-01
-4.313805774455377051e-01
-6.910335014669943821e-01
-3.189266550556584257e-01
9.394127555665934270e-01
9.231612532480484301e-01
9.595985220071043820e-01
-9.316464334859326790e-01
2.541730707168698977e+00
3.779216199119495023e-01
-4.399961934782603556e-02
8.856512761513215537e-01
2.352940460924171084e-01
9.067187581876947622e-01
-4.883019249102584780e-01
-1.030156946212553493e+00
5.495695771779873784e-01
1.600580088819443247e-01
-4.777123242387685265e-01
-5.743598716484492606e-01
-1.168286674123493185e-01
6.592275763547930101e-01
6.957942047280127884e-01
-3.747242891593156600e-01
8.696299548920203293e-01
8.784150294978854134e-02
6.238789917494336201e-02
-2.767256425224948746e-01
-8.832464140096520921e-01
4.155202109748756811e-02
-8.568222071234916637e-01
-6.722622252582148850e-01
4.274668158768806236e-01
2.719345762096716523e-01
-1.206712614161542296e+00
-6.912548593727585455e-01
2.727252465577623131e-01
2.053117790979035462e-01
-2.737511969014319591e-01
9.441695187474989925e-01
9.858539296218737924e-01
4.308914905276406415e-02
-6.893106529125536674e-02
-4.074037749413779164e-01
-2.112806398793269924e-01
9.945175236601463964e-02
4.971185465514647017e-01
2.293324151632516461e-01
-4.096934975343560215e-01
9.759415087047251802e-01
-2.867906929556431894e-01
9.060267396441279431e-02
-1.497788389703154088e-01
-3.888257145219182753e-01
-5.418287932174892241e-01
-8.324861838254851154e-01
8.542231840211562677e-01
-5.703945872227134117e-01
-9.012860399439742709e-01
8.766579241400962452e-01
-3.195735954265956913e-01
-5.173596507954871804e-01
-8.583282429604646158e-01
-1.223364068319852116e-01
9.867631024909100379e-01
-4.589513383073238195e-01
5.244190294244723827e-01
-9.659449365122729780e-01
-3.388418018766636841e-01
-8.820669251400103938e-02
7.568919507864060314e-01
-3.110333882096505409e-01
-1.653520613774098535e+00
9.521075945061856505e-01
7.711330609747573117e-01
7.594849999344688296e-01
-7.844070864757182182e-01
3.727067112634752100e-02
-5.809217534947228589e-01
8.071973166081112261e-01
3.244069558529845132e-01
4.500479022306078658e-01
2.376652337960840633e-01
7.796243493786616519e-01
1.155723877188860937e+00
-8.230237160057454204e-01
-1.712486681479659101e-01
-5.807070505679279293e-01
-2.268530106243564770e-01
-7.404402179470335188e-01
5.748533833577975649e-01
-7.980621279033957016e-01
-5.552471479220253414e-01
-6.330711032573499430e-01
1.040666939531831758e+00
-1.441623001299918716e-01
-9.304471805144358676e-01
1.586746452350721093e+00
-6.242779524872688057e-01
-5.726317760108936561e-01
9.763349860151059323e-01
4.865558683264293860e-01
-2.474827375071531055e-01
-2.903388962582607036e-01
-7.037200725164958204e-01
-3.631275084230949357e-01
1.623496536429779535e+00
-5.421112743672220624e-01
6.675638722829897453e-01
-6.116080171968985013e-01
4.812197007626124456e-01
1.118852129865606670e+00
1.921735521138403291e+00
-4.664873287778876776e-01
7.494513157615667609e-01
1.844451113023184430e-01
4.722879059648228406e-01
-8.556594468437410672e-01
-7.012444805824151750e-01
-5.681040471041653994e-02
6.665765642391014989e-01
8.112391200403572533e-01
6.993488898642685747e-01
-6.437043837738547492e-01
2.793181316046245977e-01
-2.230708402372996169e-01
8.953946180059750848e-01
9.341363248476097780e-01
-6.146301347992888520e-01
1.732957353237198905e-01
9.580387976895963220e-01
-1.795345648939041805e-01
7.064043688041893310e-02
-8.195508991413578137e-01
-8.036712556350502634e-01
7.944317864200607371e-01
2.962032304539858885e-01
-1.553055805076659635e-01
3.233741712510069810e-01
3.250861631674428764e-03
3.179558602225214248e-01
-1.838804982468823290e+00
-5.092214845272957646e-01
-2.950430474629249566e+00
2.028824479580935147e-01
2.150219195606652978e-01
6.299915170764522898e-01
-7.209054884474814795e-01
-5.696294040759160016e-01
-2.424147698180236232e-01
3.503514488574380747e-01
2.646297850655106032e-01
-3.197762774975365652e-01
2.952803236920350294e+00
1.201914375587647132e-01
7.598799183425919423e-01
5.581480420849851409e-01
3.391996897207439909e-01
3.542354248825509838e-02
9.106241728685533499e-01
4.275936621253650927e-01
8.418776679574246913e-03
-7.144442807762771963e-01
-4.935144155136961253e-02
-5.309803080598163305e-01
8.754989803969777107e-01
-8.751801079427203867e-01
-2.216602828003657599e-01
-1.802094263930862361e-01
6.553384319847666006e-02
7.968791517135405122e-01
2.786702366862920943e-01
-2.688602089397316153e-01
-8.084671045090665586e-01
3.210893162204451201e-01
-4.171098070801626534e-03
6.098938746621234142e-01
9.374227354305334492e-01
1.984729040667491118e-01
1.970140070198362237e+00
-6.767280049051618285e-01
-6.679111811265703302e-02
9.283072432632955007e-01
-4.946785095430468182e-01
-1.666413770066989652e+00
1.083453945702053112e+00
-9.829676047096085334e-01
5.646523086452086559e-01
-5.183910526168846733e-01
1.304820895311194828e+00
-6.827675241219900437e-01
3.327483714958257011e-01
-9.024021778710056285e-01
-4.924780957882148869e-01
6.882110447168967582e-01
1.016077977226386375e+00
-4.873310271324913234e-01
