4.087374202511384613e-01
5.545821141665381315e-01
-8.961717385576217776e-01
5.553657775943632302e-01
-5.333061379846075756e-01
1.873822674783971465e-01
-4.771205789095038785e-01
-4.903934295300595991e-01
6.343816644305755315e-01
2.111601010561983127e-01
-6.354718789504421039e-01
6.809835768628000885e-01
3.619379348607718594e-01
-2.140280136861483218e-01
-5.083103100086172610e-01
-5.158009179947025125e-01
-6.993581655276450704e-01
-2.983985115226141183e+00
1.031552951688303299e+00
4.676028919292140595e-01
-2.690461623876934105e-01
7.706586542368405457e-01
4.210135276633666379e-01
5.046451820308527347e-01
2.569608042551752014e-02
-4.603298111075160293e-02
9.677467801154977511e-01
-3.041936707960231079e-01
-7.643992998566011554e-01
-1.574182595416839803e-02
-3.815894242570307959e-01
-8.025002574651336484e-01
-3.205939463934870393e-01
3.942841416963556167e-01
-8.830864787842049868e-01
-3.808887029569496541e-01
3.022201632535896909e-01
-6.247513960165171909e-01
-9.490504749266939211e-01
5.560820824455581235e-01
9.765030287956448785e-01
4.245946626570451521e-01
3.589021808223153975e-01
9.508270530209301796e-01
-5.761904091192233679e-01
-4.768455822852131210e-01
-4.341063140148906374e-01
4.998210363299959713e-01
-8.754775011932864892e-01
9.661363194626830797e-01
-7.212160912427758586e-01
9.635602010356172364e-01
6.769999911743276311e-01
-2.435145043512820240e-01
-7.099666442159247026e-01
-6.815038833387598860e-01
-7.123817663937772604e-01
-9.321559757502828614e-01
-3.961533852949110646e-01
-3.819431724699722253e-01
6.217182804254728357e-01
-8.070532484598920142e-01
9.507335994078409680e-01
-6.290906812551846361e-01
6.319309445199317032e-01
4.664022644399068440e-01
9.831900524732595237e-01
-2.797477903070744176e-01
-1.555178075021368178e+00
6.423930425615982376e-01
9.511978513188033002e-01
-7.709549303767326833e-03
-1.159825962547176292e-01
8.046853704590088974e-01
-9.337384006990321339e-01
2.163722458578811736e-01
8.018054290346260382e-01
-1.820591042164654283e-02
9.435653875495122467e-01
-9.917832275675577680e-01
1.632641564172315540e+00
6.759180062399836597e-01
-1.258048773674619314e+00
-2.204815137332793995e-01
-9.934091029388671945e-01
1.976745347031876321e-01
9.768082847209318409e-01
6.271933147273338616e-01
-3.618849812441489178e-01
8.943036779890527477e-01
-7.809884093529714244e-01
-4.504153433506004056e-01
-4.985959278010110296e-02
2.717675698788784011e-01
6.516135773745370674e-01
6.535015816794174093e-01
-7.391470320676563066e-01
-2.796742761769268615e-01
7.111987238877818251e-01
2.194594421484036495e+00
-3.852984545581024101e-01
-7.134948813934149925e-01
-1.917356392792333386e+00
4.591953235267669520e-01
-1.710638715280128341e-01
-3.803988057262013278e-01
-5.766001642801685811e-01
-9.792682305804016885e-01
2.306740816254413406e-01
-8.326937257340016885e-02
1.191500319020499798e-01
-3.152217274033239924e-01
-6.249518351798404314e-01
5.385888566367158514e-01
5.282160675990044130e-01
-6.852801748162073991e-02
7.917325602136067175e-01
-5.872669034986588432e-01
-1.554464617777795432e-01
-1.380583925029210679e-01
-2.010741278001424992e-01
4.700669095402196795e-01
1.540706307268133957e+00
9.395900269382870817e-01
9.033014367876024409e-01
6.817053621469495450e-01
7.951360223179293474e-01
-1.053198545334536274e+00
9.166535368595412070e-01
-7.961260890436241411e-01
-7.230451491277833931e-02
9.224692747426859185e-01
-7.287556980468139489e-01
2.719729056765207709e-02
-4.047377191979215638e-01
-2.768463188504473038e-01
8.086898222217216992e-01
-2.275080582728681300e-01
2.076119057889536101e-02
8.608476272619642877e-01
7.294100523918254364e-01
6.669850328272346474e-01
5.988862488391850647e-01
-6.559965122226971701e-01
-1.054318062203296380e+00
5.554587414402785139e-01
-3.621426811687846747e-01
-6.716470285608830970e-01
1.397667725867409727e+00
7.426485897211665410e-01
-8.870662628435832531e-01
-2.573613923263671222e-01
-2.011584808966138116e-01
5.255864905150542388e-01
-3.296355951221350278e-01
3.302778158193182545e-01
-3.469071894469160089e-01
-4.155398284026816658e-01
-8.028712432187563586e-01
-1.856566699050656855e-01
8.194766257435506240e-01
4.827046435644941624e-01
6.300594092288358539e-01
6.430940399665376894e-01
-6.189171756214053577e-01
1.557975416012264969e-01
-6.749163503576773859e-01
8.583346677090610832e-01
6.526857980517746238e-01
-2.318160110551821251e-01
-3.253666042700291694e-01
1.411216968408943728e-01
9.309917388303652341e-01
-9.152917860553186902e-01
9.812887782505441692e-04
-2.676957802341775050e-01
-1.387444326818396689e-01
-1.532728411422379367e-03
-4.467284498566990170e-01
9.665707990067802236e-01
-6.764862692505082542e-01
-4.780203659486059742e-02
-9.577787134994022455e-01
9.809727192986705813e-01
-5.816536981495277203e-01
-6.439817255056996537e-01
-3.610817674151298728e-01
-1.566296782785755903e+00
6.047444403738344576e-01
5.181667771383289267e-01
-1.754824046701806139e-01
9.375781173037502914e-01
-4.933149774141227795e-01
6.741602198316665184e-01
8.494076671330643702e-01
5.577900110928724065e-02
6.173200953487102405e-01
9.301931451687768249e-01
3.280060900478865005e-01
4.935759133964330303e-01
1.597233918741876701e+00
-6.125353448528505496e-01
1.215947856862019449e+00
-7.540512376049381960e-01
-8.981715218815733426e-01
4.436257086454540310e-01
-2.979629118658899678e-01
-1.005615607067908090e+00
-3.461674794472785477e-01
-1.139283730061342315e-01
1.695247976090757502e+00
9.411590703834451510e-01
5.783795118991705841e-01
-2.771212117820386345e-01
-1.625571019383558191e-01
-2.187134904985809314e+00
-8.678916703705068514e-01
-9.892717341058880898e-01
2.608552314044740861e-01
8.030510506129009407e-01
-5.647721978406772259e-01
9.847782564280331830e-01
9.233218169809154219e-01
1.110253359257921568e+00
-6.248697995494678636e-01
8.328589060069147010e-01
8.919422877607421363e-01
2.973696839388894730e+00
-9.015372730879216423e-01
5.884123489423755959e-01
-5.815686515008711144e-01
-5.165252210241322306e-01
8.540776588409588754e-01
1.429333683842147984e+00
2.509965380421363967e-02
7.123504090031635982e-01
9.749985091943698112e-01
-3.742307912906673861e-01
-3.398576780962245802e-01
-7.363216394442132495e-01
-5.970183257300900603e-01
-3.186219124133813918e-01
7.094171856532818232e-01
6.832221549643988645e-01
8.765338168554630549e-01
9.125730545939523264e-01
-8.406381856760576365e-01
-8.520703492568858506e-01
-2.154659108445640125e-01
-9.956230526982690066e-02
1.679073197811647988e+00
1.457941864568512713e-01
2.145825674848960141e+00
6.206430999162630968e-01
-2.566454129806847728e-01
3.200739424393628241e-01
-6.502189678579213261e-01
-4.181846467266170375e-01
3.942229837602351239e-01
-1.914662535868538296e+00
-5.288880201553662896e-01
5.744801274240072253e-01
-1.699143240559650936e+00
1.277717704099619045e-01
1.459529207740773771e+00
