-7.183354848688834338e-01
8.682181943181124240e-01
-4.584644698609330327e-02
-4.696646705869285121e-01
-6.613955322364029055e-01
3.380884338660692379e-01
-9.760887736431616002e-01
-1.546173527691565575e-01
-3.544358252678696530e-01
-5.513169867544298608e-01
-8.896435933909963012e-02
5.774865071006340944e-01
9.972639468214095082e-02
7.452452700108944672e-01
-9.833688309560508767e-01
-1.350168460652816371e-01
-9.310730461609733055e-01
1.519037657542785524e-01
-6.516572061060246224e-01
5.837947984188571748e-01
-6.357332160476709682e-01
1.103653846861039067e-01
-6.089481407055215012e-01
-8.505088217757208469e-01
5.054419980792737022e-01
-6.421252860049218025e-01
8.079914800030492117e-01
1.616756638030563131e-01
-7.555508556178158752e-01
6.600525096348366372e-01
3.958482248988692831e-01
-6.781706492042860468e-02
2.099944211689346307e-01
-8.194775944879748586e-01
7.754630007566332139e-02
-9.362460261213763069e-01
-1.668214805298817716e-02
-3.035821216146348256e-01
3.160527465355356114e-02
1.459574370171856650e-01
-9.792650210224715934e-01
-2.362869007411063649e-01
8.147125131077150861e-01
9.993045265492295215e-02
-9.479540933393635349e-01
-9.939670651239507215e-02
-5.646978401941045167e-01
-1.546153103904961412e-01
-6.496488874111012723e-01
-7.574849827113352418e-01
-5.515640297596584585e-01
3.860139984855770479e-02
8.670079197344930932e-01
2.418927861761606124e-01
3.970530490693295889e-01
8.651431702280405478e-01
-6.934798611294132886e-01
3.230073117986744791e-01
9.497231643259429479e-01
4.886555097969076389e-01
7.028841418352191894e-01
4.728241526098300174e-01
6.101099262627298625e-01
-1.225614644937667030e-01
-7.531480731800943573e-02
4.595391421246723951e-01
-2.566426400847900968e-01
-5.324219603206636897e-02
-5.542382249537352035e-01
7.619143791533182775e-01
-8.544276875557375028e-01
4.358134627438909892e-01
-3.062625371396594520e-01
-5.116344408912227859e-01
9.117581517436950111e-01
-1.614464153149184344e-01
5.268748901390873929e-01
-1.663395111317789166e-01
-4.870684999263783510e-01
-2.522751228118269573e-01
-1.135966055423294208e-01
-8.798380143071160564e-01
-2.559695803427495253e-01
7.104115227426581747e-01
7.214902948554684503e-01
7.505074803088305213e-01
-7.822385167025778241e-01
9.715748166179707379e-01
5.804371837532149581e-01
3.728576912921413022e-01
-3.202576689770981755e-01
-6.123561820718430582e-01
6.209665911477322275e-01
3.558749130818070761e-01
-5.749201417570495298e-01
-6.137979798893227201e-01
-1.180786976817533862e-01
-7.535487713689383860e-01
1.966007821696615920e-01
7.853670099690923667e-01
-2.394490277679706125e-02
1.016616694362819651e-01
-1.071453592340505523e-01
-4.564505119277695311e-01
-2.997873718325885228e-01
1.485932039811375116e-01
-9.800534857251865795e-01
-4.805444658916691036e-01
-1.765347214801202824e-01
-8.645736893610311835e-01
9.307968552402490214e-01
-6.427350247586014476e-01
4.078621450436541451e-01
1.423484666433305623e-01
2.158570983121399500e-01
-5.609394222213663905e-01
7.822102992075714578e-01
-7.788835572797276896e-01
4.247701050268191114e-01
-3.406707664462778062e-01
-3.249061869335911901e-01
-2.345011235067295807e-01
9.894734925730646058e-01
-9.638197392461966828e-02
8.296924073581106729e-01
-8.468747895475261522e-01
9.097185546174217929e-01
6.200205670710046135e-02
1.361076686756996779e-01
-2.905322161845431683e-01
7.333138007496309285e-01
5.762031224530095308e-01
-7.623971548947932053e-01
1.166955549203188003e-01
8.150987519534955705e-01
-1.393809780857699909e-01
-6.337048860064049549e-01
-2.833734676643131500e-01
9.515828184785892763e-01
-9.981933908643467745e-01
-2.295340950278810244e-01
1.492591839967849499e-01
-6.164014196814662228e-01
-4.965625925813090813e-01
-9.355594791005279465e-01
5.776442321579868810e-01
-1.578316374846622239e-03
-2.951006539146621144e-01
-1.749524986425916584e-01
-6.294256607979109575e-02
-3.292368284874267470e-01
5.202969299432040895e-01
-8.654433121763747128e-01
9.594112085910107002e-01
4.588304895835475516e-01
2.911540189039518722e-01
-4.520127431633822468e-01
-9.149976879851380307e-01
2.131139652719526989e-01
-1.279435841607270419e-01
4.870687995640081702e-01
1.812905610272614876e-01
6.193678475581265719e-01
3.901190478377496440e-01
-7.615263907895264417e-02
3.547308036647052187e-01
-1.725677507579612691e-01
-7.769751368938553338e-01
8.373029341110300727e-01
3.843274492272714671e-01
5.183594144908063583e-01
-1.185799410241159535e-01
-3.121057135612139710e-01
-2.935244017735334499e-01
-1.947330886783416037e-01
3.851780225100793764e-01
-4.949363465715634902e-01
-5.961688050765336921e-01
4.970030550955042425e-01
8.749849209504576564e-01
-6.649389329004093963e-01
-3.059897461718212863e-01
1.456487835590203339e-01
5.702422320876829875e-01
4.087287047116903160e-01
-7.788788277349789624e-02
-9.065376881599338521e-01
-3.538889651959431504e-02
1.783467966095262369e-01
-3.277149163361301465e-01
-5.195027539188736831e-01
-9.768350461546151386e-01
-8.172498265123595562e-01
8.351544833273609747e-01
-2.396898744972795203e-01
1.025482390112579356e+00
9.661578388086193847e-01
-1.991372179246067686e+00
-3.465570590510433924e-01
5.954561942554581488e-01
1.511734595642997281e-01
2.918846654233127058e-01
8.715866385487849310e-01
6.765113975976180249e-01
-3.874877582999569636e-01
-2.625112206246258850e+00
2.259719649907971917e-01
7.435853320569565383e-01
-3.856506496676186391e-01
-1.839268536581439850e-02
-4.945873067188397698e-01
6.642218404479471872e-01
5.022467347936150350e-01
4.996755072054170910e-01
-4.350487981665362991e-01
3.661766466639275741e-01
2.396164420884761004e-01
-9.668358160504140209e-01
-3.065071686018105979e-02
-4.693847885101483097e-01
6.633891661376198901e-01
-5.153409703377878071e-01
8.958578975554658541e-01
-1.737303348765102395e-01
9.045060375418008114e-01
-8.649002792119944161e-01
7.922741632589878069e-01
9.438624719254846696e-01
-6.868358488508581328e-01
9.474320993962548343e-02
9.785077961863772877e-01
4.290066027520875735e-01
7.909661009503936580e-01
-5.209982869244722536e-01
-5.494923822696664573e-01
3.465265350049473447e-02
-9.701163057169430726e-01
9.687234081308166989e-01
4.887722372687972605e-01
-3.761175482688770000e-01
4.201100239830839467e-01
-8.021435990513821057e-01
3.015373270297203590e-01
4.174675395970872671e-02
4.266413759140035289e-01
-4.436442573775183362e-01
-6.873381225352890311e-01
-9.259678500448615956e-01
-2.276148207206423191e-01
-5.939483064887460806e-01
9.091959355577758917e-01
-8.768436639077825667e-01
-5.729791542325848308e-01
3.434184995548468233e-01
-4.213916287934384997e-01
-6.453453710683700884e-01
-9.597264326369279175e-01
8.260665746627740003e-01
-4.172143860561305928e-04
-1.035242922574897140e-01
-9.880037986685126228e-01
5.116132498808156903e-02
3.697774878038653235e-01
2.939220847800734226e-01
-5.451524842383694835e-01
