-2.798850749048775732e-01
6.874315313640884106e-01
9.003845411632284135e-01
-3.473176554717702924e-01
4.984953815098318586e-01
-2.725814898029310651e-01
4.572069359455142035e-01
-4.149558409097358069e-01
1.281979474753058845e-01
6.031004623384094154e-01
1.941281966308869844e-01
-7.239308874127147186e-01
-1.491042523499905847e-01
6.132196712420491247e-01
3.221598193786356923e-01
-7.346040032884220139e-01
1.931166757370996745e-01
6.989803824541467314e-01
8.380032894406584665e-02
-1.861532300056946421e-01
2.600835120237217080e-01
-4.662719414062964640e-01
-6.111948714620190071e-01
9.170856200373078693e-02
9.035168753466708003e-01
-7.347863797988167800e-01
-2.705858240523159042e-01
9.648982475287622984e-01
5.444381670821423214e-01
9.011228180637227414e-01
-3.975567484753904646e-01
-6.951154112260941043e-01
-7.515633349196404467e-01
4.631855982294135199e-01
-2.880275906548481757e-01
1.000106497447555698e-01
-4.712178282414812847e-01
-3.927627180034426457e-02
1.817188565400553735e-01
-6.085678681993574868e-01
4.211975351974435178e-01
-2.783310900119623787e-01
-6.417270268760655316e-01
-8.627348321288292876e-01
8.877617744227415120e-01
-4.280858348048081075e-01
-2.698049350668058066e-02
-4.378592971428068581e-01
6.064882622897894704e-01
-4.245824393746253644e-01
4.235682819917008235e-02
-9.040196071861803517e-01
-3.135537205153143825e-02
-5.562015749309421331e-01
5.324695722511680884e-01
-9.118336819745194166e-01
1.264449789340571506e-02
-8.967266353408851476e-01
-1.230693968050824427e-01
-3.658093152730087505e-01
-2.189241724657253196e-01
4.316500774715056332e-01
7.920867860742367705e-01
-9.104345263723843118e-01
5.379371218309705327e-01
-5.308901435762429788e-01
5.765466041998243973e-01
-8.619573197836183365e-01
8.174408638677860273e-01
-2.888569156568179253e-01
8.925880395693053249e-01
3.496544635402898393e-01
-9.444753666367254885e-01
9.680097502374684915e-01
5.170239102681326582e-01
-2.518801256687315804e-01
3.922607479210922232e-01
-4.856910874233073550e-01
4.084739643969677036e-01
9.430740087277524886e-01
3.501010988714134964e-01
-8.952199122038586587e-01
5.207562324789970498e-01
-5.006866922527664077e-01
-2.986731624101227056e-01
2.945640021121199714e-01
-5.201348166375358018e-01
-5.334815969583406314e-02
4.154431953059505300e-01
7.186975555069740063e-01
-5.892629278838621421e-01
-3.444156546795640317e-01
-5.590052189889920253e-01
8.973697787416589078e-01
1.864916727385799167e-01
9.887172979707001819e-01
-5.222349454111608891e-01
6.920466553163853174e-01
-5.323369405041940006e-01
6.718597147800419167e-01
1.974320646027662163e-01
-5.394461573614346417e-01
5.554909614951211161e-01
-9.749518727247028504e-01
-7.737278134531906382e-01
5.397482558542372744e-02
3.101141123855612469e-01
-1.583778668947917745e-01
7.069372758565817261e-01
7.720175873793180266e-01
4.321050919474303531e-01
2.509198096090334840e-01
-3.615963125690366819e-01
-2.772740189433331448e-01
1.922424778882616536e-01
9.515713714021110103e-01
-6.225916003474134541e-01
-4.988030372171891047e-01
2.141638522128491706e-02
7.524654756632143116e-01
7.709739159292769983e-01
-4.498701954389032198e-01
5.596344859245778736e-01
-6.367197864363938198e-01
-2.547281338459923827e-02
-2.073955579516220671e-01
6.903573850270580126e-01
5.713684139445838195e-01
-7.279587383874326356e-01
-2.480175353592674048e-01
6.602881848252635244e-01
5.874996319538706713e-01
7.385718873133091389e-01
7.145949870142194182e-01
4.875526407915604654e-01
9.520928084739328501e-01
7.425492945664790012e-01
5.089934427547422313e-01
2.961618498433028490e-01
1.584243315831939669e-01
-8.724772334202530732e-01
-7.420803384747002296e-01
-1.417150154552215824e-01
-6.460676728016186976e-01
8.268107642986067818e-01
2.374848461401388167e-01
3.992410737244974639e-01
-6.590503641278552815e-02
-8.896264500003219222e-01
-9.934115704739667763e-01
2.545908223964655770e-01
4.053505415506157838e-01
-7.907259812074467487e-01
-6.616366686524632890e-02
5.624869450409619720e-01
6.961131582325553735e-01
-1.336377836254579177e-01
-9.258958300422350796e-01
2.105811785397768143e-01
-6.683044218640137313e-01
-1.965083686127397367e-01
-6.547307975119243117e-02
-4.453169393168174839e-01
-1.037723792127076272e-01
7.109019576529910234e-01
8.322672695965614986e-01
-5.411266510127601403e-01
-5.403121952250247162e-01
5.083126200121382832e-01
-8.593138360847613066e-02
-9.802360440031707700e-01
-9.628977697074891928e-01
-8.195654882621316029e-01
1.455923949988533472e-01
8.403328613946148273e-01
3.073641154519036744e-01
-1.026781116847883535e-01
4.652242073214338802e-01
-1.746025592854896225e-01
-5.334033566266325188e-01
-3.165314734810867892e-01
-7.153731436936596744e-01
-8.715150768127679637e-01
3.025908746754800704e-01
-2.790088432622434000e-01
9.735967438348673841e-01
5.396023771934472801e-01
1.424115256019540254e-01
6.756283297701708435e-01
-5.036827811671841237e-01
8.323940472986413042e-02
4.201267383400612565e-01
2.869800366249662948e-01
8.974060527892766537e-01
-4.759126823711611332e-01
6.102664141754812754e-02
7.139803355322971168e-01
7.435586364469739529e-01
1.734359918602921269e-01
-8.925201354824696676e-01
7.031391064138767799e-01
2.061507203052664883e-01
9.524430464080642089e-01
8.731599503499670734e-01
3.933511842256148805e-01
4.322595601937920251e-01
-4.351902011162709361e-01
-2.116298101041643176e-01
-7.042742340247949429e-01
-7.077065977550773823e-01
2.260226183034777514e-01
1.273272565255536559e-01
-8.670510695425637238e-02
-9.038967454028850046e-01
8.826251742341089113e-01
6.072559594314539400e-01
-7.011465735584760939e-01
6.764910007369860923e-01
9.655855021721186926e-01
-5.680282128964995181e-01
-1.862358358602111408e-01
2.303601149593531572e-01
9.007351600382758061e-01
-6.550451070857623570e-01
-3.160785221498360054e-01
3.027146328741662229e-01
-7.307920815861332908e-01
7.049656620706294952e-01
-5.587458054054745826e-01
-5.507534656672010698e-01
-1.895332384866292852e-01
-7.671457832568662205e-01
-4.905962324613819536e-01
8.037059743234191700e-01
2.964624524157579710e-01
-7.711070634309387106e-01
-4.443234557306369181e-01
9.086352642658910295e-01
-1.779952152709263491e-01
5.963563225336365736e-01
-4.768238010651094649e-01
4.891518012866851173e-01
8.768673562770297192e-01
4.965066977067966736e-01
-7.461469697219811348e-01
-4.488522101530612041e-03
-8.403513271612232938e-01
-6.023039332434415583e-01
3.818326486048850832e-02
-5.139845572256422912e-01
1.512984074054124495e-02
-6.872318544369961923e-01
-4.209741508283290079e-01
9.357248308081292931e-01
7.881003337896596017e-01
-2.981758140189110229e-01
5.223439824966057410e-01
-6.349723607179891260e-01
8.475353275256325425e-01
9.838813776320043392e-02
2.973368269998288849e-01
-2.397513310599758696e-01
8.153908598792820595e-01
7.173889874286152324e-01
-3.745568038975153335e-01
