9.620856688609584761e-01
-4.683362503157468826e-01
1.369788343392741581e-03
6.961236724458124137e-01
-9.663492191323852509e-02
-5.777818784542070318e-01
-5.686830816462338234e-01
-5.170154846831118700e-01
-1.985342459224073153e-01
2.802127644701564169e-01
-6.263617624133530626e-01
-9.466485746600712403e-01
-5.549483214821770982e-01
1.514417789427391359e-01
1.648956545863142775e-01
4.008662851066304711e-01
-3.869692304325713650e-01
2.213480751526744061e-01
9.076720459274898456e-01
-8.475537662231513725e-01
3.535676630077231319e-01
1.900059020906841312e-03
5.306207095550043995e-01
-8.574819450957238409e-01
8.824223776433950395e-01
6.697810568291728828e-02
-7.267459485025120625e-01
-1.194673086304278709e-01
1.058488155715104906e-01
-5.188081811151543654e-01
-6.244450975123667646e-01
1.676978868118208510e-01
2.967713711879738092e-01
1.293376554461391770e-01
3.729531194956572371e-01
-9.764262641600724990e-01
-1.831552428731764159e-02
-6.401532931707678564e-01
7.756934621875892777e-01
1.011559613382237988e-01
3.856992947688446804e-01
4.480238041418249662e-01
-2.862032852568294761e-01
-5.492192789880647741e-01
4.512440609843813011e-01
6.182732130701906748e-02
-8.785876950982827172e-01
-7.171897635531054860e-02
-3.100800335354325643e-01
-4.650798441925285687e-03
-4.081530347840038875e-01
6.572378295796110770e-01
-1.776365824781069858e-01
6.890190577665291638e-01
7.533998423299448355e-02
8.850219739357059190e-01
9.890892694595230239e-01
-6.685044786781231263e-01
-7.741406616013437603e-01
-5.801679679116074073e-01
-6.060934596100113758e-01
1.522021437828782187e-01
-3.742019157267149065e-01
-5.854202125567615766e-01
9.625619906218954025e-01
9.646277320484732964e-01
-9.032469195556052100e-01
-4.585744755172711518e-01
-7.338730475932002673e-01
-2.566181195160837092e-01
-9.822409937647860190e-01
-9.084227899305306053e-01
6.131720402459031050e-01
6.469987103995393785e-01
1.080639587891507603e-02
4.320770693883249081e-01
-6.811167624062768322e-01
-6.764574467589885565e-01
-9.455210499619812747e-01
-5.412405660332955115e-01
-7.475324317627984883e-01
2.873752307954300367e-01
-4.822771944322779003e-01
9.046390341480086139e-01
-2.806055492405736818e-01
6.905840791787818400e-01
3.555687725100884489e-01
-6.232088110447242535e-01
3.303702270231354543e-01
-9.708680810277066087e-01
6.111451004094263784e-01
5.545207246951382452e-01
6.990133638522357806e-01
-1.039473027548769579e-01
5.907336818923822896e-01
-9.878681547031813448e-01
-6.571722279306047021e-02
8.777372777926077951e-01
9.393295430000736523e-01
4.618299213430459016e-01
-9.049488992442071833e-01
5.570649906444833377e-01
-5.728142097645654296e-01
1.727094211094544196e-01
-7.128440557350106399e-01
9.124410405713183625e-01
-2.348372502705293741e-01
-7.178821463434437167e-01
9.842134033317557762e-01
-9.066214609450957695e-01
-4.529493592653577316e-02
6.328252971521288739e-01
-5.723325985071125999e-02
4.023596596806664483e-01
3.354613872421707832e-02
-2.914302605410534763e-01
6.003278697156126942e-01
-2.850992819049724680e-02
-3.784986459877945908e-01
9.062458448334131944e-02
-7.860089125516707131e-01
6.553635926222001196e-02
-2.527488034134419692e-01
6.325195367177689487e-01
-4.408217313000606374e-01
-4.847718981550144246e-01
-2.410939236384266326e-01
-8.303912468404806013e-02
-3.405471707263130199e-03
-2.526547671411705220e-01
-3.413828795567181995e-01
-3.886139280574922861e-01
5.705036275055235251e-01
-1.957033498065161581e-01
6.256193114054322546e-01
-2.119496669713314407e-01
-5.214156729685597291e-01
-9.249221596987537986e-01
-5.423513034496958429e-01
5.658411007893209277e-01
-7.846277118288957908e-02
8.343847093989338326e-01
2.717496380645270104e-01
-4.121661966138867594e-01
4.570263065619251108e-02
4.402589040444488955e-01
3.844361843090471353e-02
-2.998655037220838704e-01
-1.894110648456170942e-02
-8.179855258611015145e-01
-5.596924708219159772e-01
-4.386836140017844610e-01
-4.046980809814109126e-01
-4.786684991004388490e-01
1.707943170438392944e-01
-5.555838872998661859e-01
1.750902529523834517e-01
8.922570033284624724e-01
3.461981470257284865e-01
-7.430089525669814066e-01
-3.915861431699578787e-01
-6.287853792425854849e-01
5.993394564162506377e-01
-2.492095076707736556e-01
-8.916335525064988943e-01
1.547073461695094299e-01
5.354117587851272564e-01
8.949566874798986493e-01
9.175648845436805701e-01
-5.728844361167504395e-01
1.544993060487904746e-01
4.432509731993050650e-04
-3.667908148778542543e-01
2.351714719008759502e-01
5.420258829569799541e-01
2.105649865593812731e-01
-8.848427753035867926e-01
9.848159195319670101e-01
-8.829844013750234311e-01
-1.423640820254590267e-03
-7.976969238329276735e-01
-4.888926327630620516e-01
-2.296870810804163554e-01
8.700227982062174181e-01
-7.283582546834233007e-01
2.187283191140476646e-01
8.254858990798719098e-02
3.893063205716680297e-01
-8.365277616086654877e-01
7.127909930939315686e-01
1.811232997103064957e-01
6.892984304012090835e-01
-9.926952314857580006e-01
-7.461769955240771246e-02
7.426549740900185714e-01
3.521071458988749292e-01
-6.616881237449028230e-01
9.029049742051276084e-02
3.768400209039206583e-01
-9.912961845582413112e-02
-4.801223632339191028e-01
9.557470548815452105e-01
7.977587403332806471e-01
-2.888312175494929246e-01
4.305434709780637803e-01
-5.755946651038736928e-01
2.887275260819981426e-01
-2.627222878032842157e-01
-1.057823918249474193e-01
1.499990021372743509e-01
-7.777388176747299653e-01
-9.330295105556727364e-01
-4.252785556905562814e-01
8.815173814306671574e-01
-5.897961987860509403e-01
-4.029667660912854554e-01
-8.226758987931432898e-01
-8.437221755144792557e-01
6.400246486007310498e-01
4.970633542701738961e-01
-3.689866523495899386e-01
-2.965750144638485963e-01
8.656705385645464546e-01
9.229607214551593941e-01
9.827602154721004624e-01
4.652645398494270612e-01
-6.431864102423172636e-01
9.739497247293420479e-01
-9.486909154665468247e-01
-5.534779455523031189e-02
-3.901269978336809885e-01
7.645759369669187233e-01
7.008876508378185655e-01
1.626399922863355219e-01
-4.708160532920038222e-01
8.552542044214477279e-01
-7.116339113840397523e-01
1.431967974799246424e-01
-3.279228371738072134e-01
4.061336068479213246e-01
-8.434043364308074775e-01
5.671025155311741894e-01
5.225433271106891819e-01
6.362814566747692080e-01
2.148788177704599178e-01
-3.379534885031749702e-01
7.828001234962815857e-01
6.814504672295931265e-01
1.571110017394219405e-01
-3.081517453434627907e-01
7.837774272711119927e-01
6.128028545936687888e-01
5.005136317662306489e-01
-8.582297342707401189e-01
4.460572301102745385e-01
-4.484304238568215251e-01
-1.037759075956983246e-01
-1.190815435065932792e-01
-3.208931947288777842e-01
-4.079894064593352354e-01
7.573929739295430785e-01
-6.501108176716445808e-01
-7.420662494958283339e-01
9.496357176467491445e-01
-7.615345712046823756e-01
