9.620856688609584761e-01
-4.683362503157468826e-01
1.369788343392741581e-03
6.961236724458124137e-01
-9.663492191323852509e-02
-6.275554295910337199e-01
-6.016102067360660222e-01
-4.557648254993719728e-01
-1.985342459224073153e-01
2.802127644701564169e-01
-6.263617624133530626e-01
-9.466485746600712403e-01
-5.978423511655408529e-01
1.514417789427391359e-01
-8.237569846363311798e-01
4.008662851066304711e-01
-7.128883758978389329e-01
-6.676651699788580530e-01
9.163145546733029168e-01
-8.475537662231513725e-01
3.403578221130211245e-01
-5.101425558358287093e-02
5.593506999092393572e-01
-8.574819450957238409e-01
8.824223776433950395e-01
6.697810568291728828e-02
-7.120924608699957803e-01
-1.194673086304278709e-01
1.058488155715104906e-01
-5.188081811151543654e-01
-6.774460326135753885e-01
1.676978868118208510e-01
2.953279062100222507e-01
1.294331469156387582e-01
2.866199881007874817e-01
-9.764262641600724990e-01
9.437207839058048275e-03
-6.401532931707678564e-01
7.572745908972636775e-01
1.011559613382237988e-01
3.856992947688446804e-01
4.480238041418249662e-01
-3.036601250611110636e-01
3.247241468430203115e-01
4.512440609843813011e-01
6.182732130701906748e-02
-3.635704813266938951e-01
-7.171897635531054860e-02
-2.994129841177083917e-01
-4.650798441925285687e-03
-4.081530347840038875e-01
3.412019836468118683e-01
-3.228180458339073855e-01
7.029697076812890799e-01
3.730101115562850511e-02
9.398066434455880636e-01
9.890892694595230239e-01
-6.685044786781231263e-01
-7.670195829925487985e-01
-5.801679679116074073e-01
6.871415527907814846e-02
1.522021437828782187e-01
1.800057872045638108e-01
-5.854202125567615766e-01
9.625619906218954025e-01
3.354226597492883100e-01
6.555302716725003309e-01
-4.086489103927842814e-01
-6.398575702019300149e-01
-2.566181195160837092e-01
-9.822409937647860190e-01
-8.982932058245072238e-01
6.131720402459031050e-01
6.469987103995393785e-01
-1.786424695950024899e-01
2.411260937534118187e-01
-6.811167624062768322e-01
-6.764574467589885565e-01
-9.349079947729822537e-01
-5.412405660332955115e-01
-7.968947841454135927e-01
2.873752307954300367e-01
-4.822771944322779003e-01
9.046390341480086139e-01
-2.806055492405736818e-01
8.678284301007352930e-01
4.386377709714829876e-01
-1.442589468140880460e-01
3.303702270231354543e-01
-9.708680810277066087e-01
6.111451004094263784e-01
5.545207246951382452e-01
5.845604678613027794e-01
-1.039473027548769579e-01
6.606061959088682656e-01
-9.878681547031813448e-01
-6.571722279306047021e-02
8.777372777926077951e-01
-4.527363100047850364e-01
4.618299213430459016e-01
-9.067007597287264353e-01
-3.263558449381033788e-01
-4.500684788602984376e-01
1.727094211094544196e-01
-7.128440557350106399e-01
9.124410405713183625e-01
4.034848215045865327e-01
-7.178821463434437167e-01
9.877504226231643703e-01
-9.066214609450957695e-01
3.235075991430420017e-01
7.591546233647729069e-01
-5.723325985071125999e-02
4.023596596806664483e-01
3.354613872421707832e-02
-2.914302605410534763e-01
6.003278697156126942e-01
-7.595408639893379277e-04
-3.784986459877945908e-01
9.062458448334131944e-02
-7.860089125516707131e-01
6.553635926222001196e-02
-7.404880595901186524e-01
-9.151666418037128770e-01
-4.408217313000606374e-01
-4.847718981550144246e-01
-2.410939236384266326e-01
-2.063221248969431820e-01
-1.036676097722522005e-02
8.041395048296535730e-01
-3.413828795567181995e-01
-3.886139280574922861e-01
5.705036275055235251e-01
9.749667709500899893e-01
6.256193114054322546e-01
-2.119496669713314407e-01
-5.214156729685597291e-01
6.095201595051205068e-01
-4.382370396068089868e-01
5.658411007893209277e-01
-7.846277118288957908e-02
8.343847093989338326e-01
2.717496380645270104e-01
2.780046148614949697e-01
4.570263065619251108e-02
4.402589040444488955e-01
2.502339319485069602e-04
-2.998655037220838704e-01
-2.114860549171118098e-01
-5.174280225331001626e-01
-5.596924708219159772e-01
-7.956206092795248264e-01
-3.982779765060340815e-01
-4.786684991004388490e-01
1.707943170438392944e-01
-5.555838872998661859e-01
1.816421272023786004e-01
8.922570033284624724e-01
3.461981470257284865e-01
-7.357981834687837841e-01
-3.915861431699578787e-01
-6.287853792425854849e-01
-2.038380317224348648e-01
-2.492095076707736556e-01
-8.916335525064988943e-01
1.547073461695094299e-01
-9.022460056785273075e-01
-2.150626770142675115e-01
9.175648845436805701e-01
-5.728844361167504395e-01
1.544993060487904746e-01
-8.235007973439942286e-04
-3.625369831745820504e-01
2.351714719008759502e-01
5.420258829569799541e-01
2.111408892477687482e-01
-8.848427753035867926e-01
9.543161977831795539e-01
-8.829844013750234311e-01
-5.690111351416454744e-02
-7.948398003192655992e-01
-5.128582122957121570e-01
-2.296870810804163554e-01
-8.376153320392766277e-01
-7.283582546834233007e-01
1.275719480895594615e-01
8.254858990798719098e-02
3.865921256812008266e-01
-8.365277616086654877e-01
7.127909930939315686e-01
8.080807356770451921e-01
6.892984304012090835e-01
-9.926952314857580006e-01
-9.332035587580542746e-01
8.249742946327155435e-01
7.377860039089720323e-02
6.026911469486458950e-01
9.137868301505376323e-01
3.768400209039206583e-01
-9.912961845582413112e-02
-4.801223632339191028e-01
9.557470548815452105e-01
7.977587403332806471e-01
-2.888312175494929246e-01
4.020228762167589176e-01
-5.560514552653518239e-01
4.373759913190400361e-01
-2.569614756745147166e-01
-1.057823918249474193e-01
1.565312791556169036e-01
-5.799103079695933083e-01
-9.330295105556727364e-01
-4.202028291318532505e-01
8.815173814306671574e-01
-6.027646735094850383e-01
-4.029667660912854554e-01
-6.980872943449912826e-01
-8.149468222135127782e-01
6.400246486007310498e-01
4.976178345371709555e-01
-3.689866523495899386e-01
2.504377826267122353e-01
8.656705385645464546e-01
9.229607214551593941e-01
9.658641280038389176e-01
4.652645398494270612e-01
-5.966246955750259540e-01
9.584883130282220165e-01
-9.486909154665468247e-01
-4.128776923341626048e-02
-3.901269978336809885e-01
6.337284604246813391e-01
7.008876508378185655e-01
1.626399922863355219e-01
-2.718589946074637664e-01
8.552542044214477279e-01
-7.952754363213900834e-01
-8.342351461646790867e-01
-3.279228371738072134e-01
4.449731377098720131e-01
-8.434043364308074775e-01
5.671025155311741894e-01
5.225433271106891819e-01
5.766559309903621644e-01
-6.587746662336094183e-03
-3.379534885031749702e-01
7.828001234962815857e-01
6.225620882493432262e-01
3.898980449429922945e-02
-3.081517453434627907e-01
7.837774272711119927e-01
5.493673597078221338e-01
5.005136317662306489e-01
-8.582297342707401189e-01
4.460572301102745385e-01
-4.484304238568215251e-01
-1.037759075956983246e-01
-1.190815435065932792e-01
-1.840954885676632236e-01
-3.593287142965744807e-01
7.573929739295430785e-01
-7.293462065950108153e-01
-6.499811651227871412e-01
9.496357176467491445e-01
-7.615345712046823756e-01
