-7.710990606780602219e-01
-2.588185213042625277e-01
4.650609438870965118e-01
8.473457754080551130e-01
-9.594881926256927374e-01
-8.081729515105950945e-02
-5.383549292465601432e-01
-6.772367499473075370e-01
4.053399175548038635e-01
-6.814779422463405067e-01
6.683599953726460097e-01
-2.690285851996727096e-01
-7.928788149757033388e-01
6.745661855957636455e-01
5.315283923533561383e-01
5.674117830395006834e-01
3.431334864478079449e-01
-3.314799973381750142e-01
5.685384831470204903e-01
-1.642776628140452111e-01
3.076652597822453483e-01
-2.888654196191891566e-01
4.621046905916528225e-01
7.888335542845396064e-01
-7.876778637325316801e-01
9.706540005172437091e-01
3.911439835592086522e-01
9.994652136405716147e-01
2.924761822289265178e-01
-4.471555488835351477e-01
-2.624758809315048680e-01
-5.369080013145863806e-01
-4.093776731226199117e-01
-2.054402175196614611e-01
8.420309404492698491e-01
-9.862632253735670318e-02
7.419992842384277587e-01
-8.654327711616429664e-01
-4.939097638194089868e-02
8.857514358400092602e-01
-8.088470864020056439e-01
-3.622876627384120640e-01
-1.680987259213069240e-01
3.004701170369286078e-01
-9.418464018235097601e-01
-6.150501686692977366e-01
-3.219879587823739620e-01
8.273849713686702856e-01
-3.477462241113804531e-01
2.484281355955786086e-01
-2.208929584342088637e-01
-1.348414439501559592e-01
4.992684345097049281e-01
8.428224843891468643e-03
-6.475788430298801135e-02
8.952223792364281119e-01
-3.581164078339243440e-01
9.464532175180669915e-01
-1.664429029757502065e-01
2.548667567568925207e-01
3.951700136716024825e-01
-9.806363146581233980e-01
-3.296155089890777656e-01
3.749617451957525383e-01
-8.358803632562192831e-01
7.360625572269223760e-01
-4.119927683503221694e-02
4.204729271375944322e-01
-8.886689483088914265e-01
1.966017825181601841e-01
-8.630308198915424001e-01
2.296013210481702704e-01
2.575368185349729000e-01
-2.285194510153292224e-01
-2.099616388226133723e-01
2.541575925367891009e-01
-7.222944511381745869e-01
-3.491730074518642479e-02
8.982723066887983165e-01
3.555787511656978150e-01
-3.533364756088813174e-01
-7.146990139197941794e-01
-2.231638363551957660e-02
8.859199711777907549e-01
9.145931291422544351e-01
-9.333532129835869773e-01
-5.109121435744019557e-01
-4.742329682649665951e-03
-1.505551126772954884e-01
-8.534926808455856051e-01
-5.095425089220244619e-01
-5.586784032265386113e-01
4.116610366127640419e-01
-6.700290442764880172e-01
-1.908107635547152958e-01
-9.527877439332927967e-01
-3.861312877046124137e-01
-2.963283439414330367e-01
-9.816228437206502289e-01
2.248284939214803269e-01
9.447995168632683516e-02
-8.667407002867728583e-01
5.792392589690271709e-01
1.807045204826359663e-01
2.552372665381550387e-01
6.230712882850573120e-01
4.015778671569386615e-01
3.077025894863134603e-01
6.941858100106066409e-01
5.497978151556356941e-02
6.186425327374898142e-01
-4.172676049109810825e-01
-8.399616730385162100e-01
4.384970281981519502e-01
3.417649607514011700e-01
-3.996782247713797642e-01
7.677601632938781950e-01
3.941719192620221079e-01
4.664316868053363652e-01
-6.196448204329039200e-01
-6.055497483595577712e-01
-5.193713778827401262e-01
-4.892507647603260290e-01
-5.973255043319547486e-01
9.486763206656869674e-01
-3.296578558511240598e-01
-7.607912840765533868e-01
-7.725968837713845794e-01
8.399400980039353204e-01
2.692062806245190676e-01
6.907631521949791908e-01
2.005231398841045287e-01
8.643403447089090808e-01
-1.276704561868846899e-01
6.498038401566986755e-01
-7.533956510125229267e-01
7.460865685433142325e-01
3.795833105715233913e-01
-3.053839162654152783e-01
-9.014282244164014690e-01
-8.888597048032131909e-03
-4.852575648613486337e-01
-6.995896859425980718e-01
-2.873930324290551730e-01
1.145299807778263901e-01
-3.161244951797381741e-01
3.612455640117590017e-01
-8.287908301249319321e-02
-7.184428719394577723e-01
-6.364236224964014976e-01
-9.959690816524089385e-01
8.573939869841377126e-01
-1.200974633143541137e-01
-1.313053307889104904e-01
-9.325600932962654355e-01
-8.289549177652549838e-02
3.941555393665007179e-01
6.971174811676134064e-01
-6.212459497793664243e-01
-1.919833961784978005e-01
4.962380020353601151e-01
6.790579147328241749e-01
-5.705773128676172590e-01
-2.804541163483733612e-01
4.992305956191055438e-01
3.223763343235492851e-01
-3.226936363663126528e-01
6.592080174907102297e-01
-6.150692956358625452e-01
-9.837710825452834762e-02
-5.785634719312882090e-02
6.207190647246555448e-01
-5.517210427744509982e-01
4.968101507463971167e-01
4.489341523158002500e-01
-7.569755072083406144e-01
-5.264339856739977952e-01
-6.776582252380898286e-01
-9.069098006452985805e-01
9.786412621015138091e-01
7.639493835772013242e-01
1.577614256279910587e-01
-3.683769809574859860e-02
-4.655150270659222933e-01
6.095866517439834098e-01
3.958523095121415647e-01
4.928346722712516614e-01
-2.122190785124043466e-01
3.272265388486340632e-01
1.970721448490823091e-01
4.532192034457136476e-01
-8.537739542659456005e-01
8.537617623255231436e-01
-4.011578120145182780e-01
4.355348049166105628e-01
-4.080688924859419142e-01
-4.830985523667954418e-01
-7.453656674713230457e-01
-2.960459549106889132e-01
9.543623635161746499e-01
2.370097646519912504e-01
9.441851813301698204e-01
-6.543611759346270595e-01
2.133412408464567533e-01
3.380632400751859556e-02
-4.386092000561611082e-01
1.426841831547925356e-02
7.624283088115677565e-01
-6.586917475358033958e-01
8.114536124838520603e-01
-1.661436993012945784e-01
-3.678773066070092912e-01
-9.948169191554204760e-01
-8.739417085255458684e-01
-8.782238220523863603e-02
-7.720344633636511134e-01
3.947649839042590703e-01
2.966197180422081026e-01
7.913337957792923039e-01
-5.955114390426592408e-01
-2.148819263678555802e-01
6.935696458667162112e-01
2.342420117457042483e-01
9.575296526272514264e-01
2.042011210696640378e-01
-4.508038755513187335e-01
-3.259661016119313470e-01
1.700658077474146712e-01
-1.152977169193550866e-01
-6.298472530049077367e-01
-7.180147756880866927e-01
-1.701179460968131885e-01
1.979351132922941847e-01
3.207967171104644244e-01
-9.279662851502574750e-01
-9.794425088983176320e-01
-7.664920968594401973e-01
5.435995433842473190e-01
5.758342722082163689e-01
8.635034238640836302e-01
-5.188748195070216895e-02
-8.497994234382972856e-01
-4.426069730564512472e-01
5.684140388150975554e-01
9.641187820603078773e-01
6.325211869011562182e-01
5.308159538265946331e-01
6.403301884669010402e-01
-7.907778092935449088e-01
9.824034304942053097e-03
2.630222078807004094e-01
4.857689622796918516e-01
4.490843146883005677e-01
-1.889205527985717836e-01
-2.444846819350319223e-01
4.346571354161763434e-01
-1.521407296210991189e-01
7.192939063488410500e-01
6.041640789239676179e-01
5.130214435834736797e-01
4.938090096144801544e-01
-9.060307289923383856e-01
9.181513467201674050e-02
6.732247892472844608e-01
8.108011588089529820e-01
