-7.710990606780602219e-01
2.307289890338576344e-01
4.650609438870965118e-01
8.789518536659096659e-01
-9.594881926256927374e-01
-8.081729515105950945e-02
-5.383549292465601432e-01
-6.772367499473075370e-01
4.053399175548038635e-01
-6.814779791908133211e-01
6.683599953726460097e-01
-2.690285851996727096e-01
-6.827310109166078167e-01
6.745661855957636455e-01
5.315243762032043628e-01
5.674117830395006834e-01
3.431334864478079449e-01
-3.314799973381750142e-01
4.991881559538892676e-01
-1.642304042710868994e-01
3.076652597822453483e-01
-3.769887016784247979e-01
4.621046905916528225e-01
7.880577580124783488e-01
-7.876778637325316801e-01
9.704526249734471977e-01
3.911439835592086522e-01
9.994632088402126691e-01
2.924761822289265178e-01
-4.471555488835351477e-01
-2.625690554736642146e-01
-5.369080013145863806e-01
-4.093776731226199117e-01
-2.054402175196614611e-01
8.420309404492698491e-01
-9.862632253735670318e-02
7.419992842384277587e-01
-8.514406018347784322e-01
-4.939097638194089868e-02
9.026157097738058965e-01
-8.088470864020056439e-01
-3.623084512373402344e-01
-1.680987259213069240e-01
3.004701170369286078e-01
-9.418464018235097601e-01
-6.631670904203428307e-01
-3.219879587823739620e-01
8.273849713686702856e-01
-3.477462241113804531e-01
2.484281355955786086e-01
-2.208929584342088637e-01
-1.348414439501559592e-01
4.992684345097049281e-01
8.428224843891468643e-03
-6.475788430298801135e-02
8.952223792364281119e-01
-3.581164078339243440e-01
9.464532175180669915e-01
-1.662792920155821697e-01
2.548667567568925207e-01
3.951700136716024825e-01
-9.806363146581233980e-01
-3.296155089890777656e-01
2.881228794840119956e-01
-8.358803632562192831e-01
7.360625654376726779e-01
-4.119927683503221694e-02
4.204729271375944322e-01
-8.886689483088914265e-01
1.966017825181601841e-01
-8.630308198915424001e-01
2.296013210481702704e-01
2.575368185349729000e-01
-2.285194510153292224e-01
-1.266207338143435779e-01
2.541575925367891009e-01
-7.222944511381745869e-01
-3.489844045044369902e-02
8.982723066887983165e-01
3.555787511656978150e-01
-3.540903434824099749e-01
-7.146990139197941794e-01
-2.231638363551957660e-02
8.859199711777907549e-01
9.145931291422544351e-01
-9.333532129835869773e-01
-5.109121435744019557e-01
1.772189325982087560e-02
-1.505551579953798846e-01
-8.534926808455856051e-01
-5.123709300222724083e-01
-5.586784032265386113e-01
4.116610366127640419e-01
-6.700290442764880172e-01
-4.722704925066670834e-01
-9.525898644788455272e-01
-3.861312877046124137e-01
-2.963283439414330367e-01
-9.808548530588137027e-01
1.969023516930857032e-01
9.447995168632683516e-02
-8.667407002867728583e-01
5.792392589690271709e-01
2.920748891479672538e-01
2.552372665381550387e-01
6.230712882850573120e-01
4.014204015143382764e-01
3.547441913487112686e-01
6.941858100106066409e-01
5.497978151556356941e-02
6.186425327374898142e-01
-4.172676049109810825e-01
-8.399616730385162100e-01
4.384970281981519502e-01
3.417649607514011700e-01
-3.996782247713797642e-01
7.677601632938781950e-01
3.941719192620221079e-01
4.985843464896524413e-01
-6.196448204329039200e-01
-5.036853343822751405e-01
-5.451661278334304361e-01
-4.892507647603260290e-01
-5.983328307465378693e-01
9.487808229019596418e-01
-3.296578558511240598e-01
-7.607912840765533868e-01
-7.725968837713845794e-01
7.325124347572886663e-01
2.692062806245190676e-01
6.907834577731454262e-01
2.005231398841045287e-01
8.643403447089090808e-01
-1.276704561868846899e-01
6.498038327113215828e-01
-7.533956510125229267e-01
7.460865685433142325e-01
3.795833105715233913e-01
-3.053839162654152783e-01
-9.077418199981353020e-01
-8.888597048032131909e-03
-4.852575648613486337e-01
-6.972684643406716898e-01
-2.873930324290551730e-01
1.145299807778263901e-01
-3.555724282532911618e-01
3.612455640117590017e-01
-8.482909838627678001e-02
-7.184428719394577723e-01
-6.364236224964014976e-01
-9.959690816524089385e-01
8.573939869841377126e-01
-1.200974633143541137e-01
-1.313053307889104904e-01
-9.325600932962654355e-01
-8.289549177652549838e-02
3.941555393665007179e-01
6.971174811676134064e-01
-6.212459497793664243e-01
-1.919833961784978005e-01
4.962380020353601151e-01
6.790579147328241749e-01
-5.705773128676172590e-01
-2.804541163483733612e-01
4.981634849912125462e-01
3.223763343235492851e-01
-3.226936363663126528e-01
6.592080174907102297e-01
-6.150620528595729386e-01
-9.774840102076387538e-02
-5.785634719312882090e-02
6.207182748155628538e-01
-5.076878039940527776e-01
4.968101507463971167e-01
4.489341523158002500e-01
-7.956475821621111777e-01
-5.209943658502975694e-01
-6.776582252380898286e-01
-9.069098006452985805e-01
9.784132465638033516e-01
7.639374866410626463e-01
1.577614256279910587e-01
-3.683769809574859860e-02
-4.655150270659222933e-01
6.095866517439834098e-01
3.958523095121415647e-01
4.928346722712516614e-01
-2.122190785124043466e-01
3.272265388486340632e-01
1.970721448490823091e-01
4.532192034457136476e-01
-8.537739542659456005e-01
8.537617623255231436e-01
-4.011578120145182780e-01
4.355348049166105628e-01
-4.080688924859419142e-01
-4.829745687086872685e-01
-9.390199857729943922e-01
-2.960459549106889132e-01
9.543623635161746499e-01
2.370097646519912504e-01
9.441851813301698204e-01
-6.543611759346270595e-01
2.133412408464567533e-01
3.380632400751859556e-02
-4.435241288590244801e-01
1.099859041930845160e-02
7.624283088115677565e-01
-6.586917475358033958e-01
8.126547788893241364e-01
-1.661436993012945784e-01
-4.042699168465200277e-01
-9.948168515574821180e-01
-8.739345735245164226e-01
-8.782238220523863603e-02
-7.720344633636511134e-01
3.947649839042590703e-01
2.966197180422081026e-01
7.913337957792923039e-01
-5.955114390426592408e-01
-2.099906639637552086e-01
6.935696458667162112e-01
2.342420117457042483e-01
9.575296526272514264e-01
2.039907919457605023e-01
-4.508038755513187335e-01
-3.259661016119313470e-01
1.552236593589479963e-01
-1.152974174775208138e-01
-6.298472530049077367e-01
-7.180147756880866927e-01
-1.701179460968131885e-01
1.979351132922941847e-01
3.207967171104644244e-01
-9.279662851502574750e-01
-9.794425088983176320e-01
-7.664920968594401973e-01
5.435995433842473190e-01
5.758363055378709072e-01
9.145269823363632034e-01
-5.188748195070216895e-02
-8.497994234382972856e-01
-4.418574346228163474e-01
5.684140388150975554e-01
9.641187820603078773e-01
6.329512941931627612e-01
5.140632855731424034e-01
6.402929569322488579e-01
-7.907778092935449088e-01
9.824034304942053097e-03
2.630222078807004094e-01
4.859576484214848668e-01
4.584392348892091795e-01
-1.889205527985717836e-01
-2.444846819350319223e-01
4.346571354161763434e-01
-1.521407296210991189e-01
7.192939063488410500e-01
6.041584326337982036e-01
5.130214435834736797e-01
4.938090096144801544e-01
-9.060307289923383856e-01
9.181513467201674050e-02
6.732247892472844608e-01
8.108011588089529820e-01
