1.723450592407962390e-01
-6.541444359038561807e-01
4.652606733474207168e-01
8.867647917616148234e-01
-5.436111531455696255e-01
-2.601947951424434802e-01
1.427871819272366061e-01
-5.194244632468238976e-01
-6.979012412748344385e-01
1.128384511860967665e+00
6.843897238293346064e-01
7.877833147220545396e-01
7.914197580802317944e-01
6.619470504297904068e-01
-1.917591321933371784e-01
-4.149585321289055995e-01
1.105712248302526124e-01
1.431854342586413420e+00
9.434585931119165991e-01
-3.744652290352501467e-01
-1.959541018674904045e-02
-9.911109851705504070e-01
-7.040574019806720152e-01
-6.423246408608120905e-01
-9.944763017351276879e-01
-9.298098704413815252e-01
-9.232915078539716269e-02
-8.190146912161733184e-01
-2.325370258249425781e+00
2.559036396398530755e-01
4.048839186165411608e-01
-1.214777763147252276e-01
1.001273955857022724e-01
2.023507559122301735e-01
-3.086606249257772827e-01
-1.861943460332002864e-01
1.297171529632925591e-01
-2.384579548302849794e-01
3.686388511489724351e-03
-4.707716218527377983e-01
-5.570528542202104472e-01
-6.623539790467039001e-01
2.400410122720972872e-01
-6.788625189819694761e-01
9.140213132779868577e-01
1.682209283069575623e-01
9.265779758697023638e-03
-4.084392045794864590e-01
-1.326727560808671713e+00
2.668964985633548448e-01
9.032081698778855472e-01
4.552951641163673902e-01
4.856455895284250701e-02
-2.925104184042901512e-01
-8.800701721483727979e-02
8.405052054094408476e-02
8.560329691087338322e-01
-6.699840939109154014e-01
-5.659758901888811700e-02
7.907503060433282993e-01
3.467247319347912526e-01
8.624781639555489932e-02
-4.587441155777925994e-01
-2.252357642635471890e-01
-4.816628363126835843e-01
4.635214766735400449e-01
1.555038719376968803e-01
9.598665182938106444e-01
-5.843836765439018865e-01
8.088181616618814740e-01
3.954941253877943819e-01
-7.077771664151366604e-01
-8.799529421365706039e-01
9.287656424648804698e-01
1.121376153359586514e+00
-8.355553966212274641e-01
2.019077815900303108e-01
6.053640424584811885e-01
-3.533167380597868057e-01
7.119333391871196515e-01
7.055902151374124909e-01
-1.993085195495156725e-01
-5.221255526303036909e-01
-5.353496881910280170e-01
-3.161498270587896897e-01
8.768223308030558272e-01
1.480266465878081972e+00
-5.237110915493139451e-01
-5.356785244132591384e-01
6.647571911041330051e-01
1.133858135297772796e+00
4.146679018397125827e-01
-2.499597536224457128e-02
-5.334875372221274947e-01
-5.107147025091269832e-01
1.253112214590728080e-01
-9.663709313246378052e-01
7.417097623268755768e-01
-6.193927607539917446e-01
1.963245304037779526e-01
4.165039121808016276e-01
-8.759853331336218130e-01
7.016576241926275603e-01
8.610430362956706940e-01
3.890325815531117115e-01
8.875879205162156005e-01
1.203696151989335217e+00
-9.902097623896626288e-01
-2.317169827016418715e-01
4.569201989716831225e-01
-9.571474496469587478e-01
-7.813182051325973099e-01
2.903337437888216521e-01
1.823777361051503565e+00
1.336847288184432214e+00
5.333781888627406875e-01
2.489304760683221929e-01
-5.809295690886018271e-01
1.294075985268600348e+00
-1.295206362310688197e+00
1.261648305426343875e-01
2.187014070804899069e-01
2.561366338982162816e-01
-2.330557000580897320e-01
2.149158028014370725e-01
7.604045553715641503e-01
-8.623826119915185551e-01
-1.723544054691954486e-01
7.865687466804387462e-01
-1.888726658133317304e-01
-7.165712445029390754e-01
5.034227350313622562e-01
6.458801624719725520e-01
-7.012409585893795150e-01
-6.959414807154509219e-01
-2.627897806443688644e+00
-3.567752859912842744e+00
-1.426040790719516060e-01
-2.429549751795870627e+00
-4.821755259570024155e-01
1.449653429732276066e-01
9.774442008856256692e-01
-3.433061449430869772e-01
8.404932581257806845e-02
-9.543896292446152341e-01
9.748964113726806824e-01
9.466829600012169887e-01
-4.085403721380944653e-01
-3.270426401776715952e-01
-2.930784900839324969e-01
-2.936579520483948436e-01
3.024848507328334879e-01
-7.885222704211323208e-01
7.394314533816903623e-01
-8.630319519123967886e-01
-2.132004947127950079e-01
2.016830508023739199e-01
3.459633851094401358e-01
-8.069844814650450893e-01
-9.937948172397632618e-01
-6.492775900026344083e-01
-6.711407182044277775e-01
-6.168602537305700739e-01
-8.700335547398969638e-01
1.075917109745654798e+00
1.300839000726389694e+00
-6.178975890717586239e-03
-2.419369392415754660e+00
-6.652616509103632669e-01
-6.274911767477791003e-01
-5.795520421857336402e-01
5.355510567665242583e-01
-5.679145723764424947e-01
9.518909107160240524e-01
-5.160854267368018000e-01
2.844490677307256465e-01
2.032851906115472340e-01
6.555745616604162773e-01
9.846154322546651905e-02
-8.487740075429892617e-01
1.437150212295570162e+00
9.654543855030748301e-01
8.358591267078165910e-01
-2.480102363371905483e-02
4.930016125406517791e-01
-7.890979074039514707e-01
-7.489015760910500141e-01
-7.559193513047608448e-01
-6.893209566581788295e-01
5.324469600340215880e-01
-9.938286493164403268e-01
2.056666550529353543e-01
7.085498156770508871e-02
6.761406684605923978e-01
7.843667822836464243e-01
-6.386159419235721835e-01
6.211258915430697414e-01
3.122294379354515037e+00
-5.484035882557254382e-01
5.131928790118553962e-01
-4.110983137217314454e-01
-6.104362649858836587e-01
-6.412558566300243790e-01
1.348724217477193399e+00
3.869511272648582523e-01
5.722963772667395421e-01
2.412176845018169091e-01
-1.486619853977507066e+00
1.118419794880452400e+00
5.125169683595368619e-01
5.913194886445221066e-01
8.166110983960142011e-01
4.090809036903590989e-01
-3.065381941895513052e-01
7.153096346337104450e-01
-2.909324948009437417e-01
-8.341466483362567352e-01
-8.044979622470500580e-01
8.443310854520174047e-01
3.685475460027411998e-01
5.161825229585079722e-01
-7.042715852807996946e-01
-5.212203365449274983e-02
5.132017418304457568e-01
6.453829560511703534e-02
-1.395954816616274297e+00
-3.678424452283581836e-01
5.104671643214766519e-01
-5.232518829067918098e-01
-1.160779082748026880e-01
-1.440762153475627638e-01
1.632401753613508255e-01
8.183703693671775525e-01
1.266031070696589378e+00
-8.265321096152264957e-01
-5.563022763151797001e-01
-8.977109384787917978e-01
-5.581327858496687444e-02
6.673256820077979601e-01
8.360604080041766917e-01
-5.523670010631722693e-01
-4.439947086874709292e-01
1.757815090479721176e+00
-1.140001599109630170e+00
3.020894045570927666e-01
-9.044173142758265005e-01
9.697326337078520098e-01
-7.348222500783652134e-01
6.599517073040654935e-01
-2.868008264354464654e-01
8.608858538300034891e-01
5.297069686095179364e-01
-8.102864933931508418e-01
9.874049450820021612e-01
7.600969308699088156e-01
-5.915040673203630917e-01
1.604966532354578312e+00
-8.059013979590687882e-01
3.118024399325987073e-01
-9.416519897371808945e-01
-6.461842260017516271e-01
-5.557178335089556498e-01
5.424439071178512872e-01
1.753567918061885500e+00
-8.149963837214676543e-01
