5.849028173058357094e-01
6.416355965530073924e-02
7.481615099694816085e-01
4.775225342933957506e-01
-1.374599927102180263e-01
-6.388080136323237568e-02
-8.547912362395977404e-01
6.520630801200955062e-01
3.337923651095910937e-01
6.206248474698581319e-01
-1.703611927142418825e-01
4.514208552327139135e-01
3.142839432940560673e-01
-5.952069707939602328e-01
2.671611584924942218e-01
-3.087334791334264139e-01
-1.429292913046930957e+00
7.574722374260012270e-01
-5.508847080284606790e-01
-5.914519649363632059e-01
1.024806619192901724e-01
2.152021864903204684e-01
1.282670651086326163e+00
5.014339937557792393e-01
1.121969791726485255e+00
3.394483344761822785e-01
-5.291400013195404206e-01
7.446892593668699156e-01
7.405610787609335777e-01
3.014222830491259941e-01
-8.891089212423730626e-01
1.890318316039756974e+00
2.321228841480023952e+00
-5.470306263745339237e-02
-8.209605365713663616e-01
-9.176280448958729075e-01
3.457897540182932605e-01
-2.503096070774684101e-01
7.801749007271472358e-01
-8.019173364802765214e-01
2.316885617177294465e-01
-2.874055064126572745e-01
-6.824557545100768952e-01
-2.261809265081966558e-01
-5.734682982211491975e-02
-7.520070805583882745e-01
-2.452400196249628905e-01
6.637384828168344519e-01
2.943105659924351025e-01
-6.542201246112451241e-01
7.018659635500756888e-01
-6.170261009887978432e-01
-8.248007565976684941e-01
-3.428581656550648837e-01
-7.079325350491247892e-01
-5.758646576256840621e-01
9.734232824415764984e-01
8.721567129831175880e-01
2.963512524949829530e-01
-2.670827895182661393e-01
7.620601029281879324e-01
7.765475948284870089e-01
-1.397077868392786471e-01
-1.652174322348775037e+00
-8.704546815907650004e-01
-8.285548970007954317e-01
-7.011132384596805434e-01
-9.600242759281751859e-02
-1.696556743459021188e-01
9.783534863793590386e-01
1.692633399732201838e-02
-8.893346658986580611e-01
6.092029889936660947e-01
8.038897486513938428e-01
1.628371669933219579e-01
2.813495350552600027e-02
-6.515048922302559831e-01
2.646848860509569690e-01
-4.377936892794465074e-02
1.099450828646977296e-01
7.774119146505337197e-01
6.534332805058380433e-01
1.499330899206076095e-01
8.964055567780928602e-01
-5.813499289234200784e-01
-3.834064464121471616e-01
-9.175930406797405681e-01
-5.067626196455532472e-01
8.724039835012729061e-01
-9.382319852272047456e-01
6.241639393824769400e-01
-9.717937298717170824e-01
6.020431887018997674e-01
4.020773301425695223e-03
1.407529476375697364e+00
5.890839117822899151e-01
6.807584452617576609e-01
4.053203783911734082e-01
5.859184157554764294e-01
-6.548804346328385151e-02
-8.511103240253214963e-01
8.634343302339557713e-01
-3.375192055932492163e-01
-7.972618203806576265e-01
-1.335614229134005626e-01
8.185972288679699282e-01
-3.699106626701196276e-01
7.722859753769668600e-01
8.405952640058584890e-01
2.636826070200655181e-01
7.474341857572388559e-01
4.757608315675618815e-01
-3.145010355198898377e-01
-7.222677506945602843e-01
-3.289569550797959430e-01
2.151847307352705574e-01
9.911805601861467530e-01
4.850255942578039492e-01
-2.676041580891952432e-01
5.165343397203705500e-01
5.411928918479391726e-01
-4.238517629180236224e-01
4.061350812975401681e-01
-2.575792635512346163e-01
2.253611634813190712e-02
2.126187554182907835e+00
-7.288037297996097230e-01
4.024894291502836285e-01
8.644458330039199723e-01
-4.534814435153595724e-01
-7.764084039488097222e-01
-4.202328476427295012e-01
5.746255347741267006e-01
-2.839517745202442267e-01
-3.503400403519283390e-01
-6.602285638253018174e-01
9.413251076186974764e-01
-5.249845959891497049e-01
-4.513957364606672740e-01
5.033361373393208105e-02
8.928654245800471401e-03
7.986008316423665043e-01
1.596590527237580215e-01
7.792683903639336940e-01
7.708186894219040131e-01
-3.918877490935104291e-01
-9.728368174990404960e-01
-4.778110141921123599e-01
-2.435321260661473808e-01
-4.861196217564657807e-01
-1.628486829107010259e+00
1.787228170185326759e+00
4.615200282892133465e-01
-2.017704384392511319e-01
4.973395726062310729e-01
4.854486092711647327e-01
7.238262992015709330e-01
3.443330589899256111e-01
8.751740879184219946e-01
7.722182754411681671e-01
2.603538612593027324e+00
-8.904859747338729203e-01
-8.439496235471242169e-01
9.426022696037361648e-02
6.450923242157380333e-01
-9.801788395967099277e-01
-3.540207433439468421e-01
9.706456049082294868e-01
4.071137076908419861e-01
6.778106398502199426e-01
9.929407679216100124e-01
4.980584044605106397e-01
-6.663276438360112852e-01
-6.961816157445654962e-01
8.760173738030412327e-01
3.966611032435773954e-01
2.056877593709849350e-01
-7.615702013712000173e-02
-3.228685686079988404e-01
1.101742705086583785e+00
4.061514091100895119e-01
-5.234711917685725968e-01
-2.447599069047666775e-01
-8.808299353091291195e-01
-3.575607291182132386e-01
6.118337458021907427e-01
9.739949192342824968e-01
1.949279132027279537e-01
1.272958189428012865e-01
1.641043737767662325e-01
-1.292364677730848621e+00
-5.410259008996778363e-01
5.305736787798973619e-01
4.400098249202235579e-01
-9.713563491813514972e-02
2.364434588087505063e-01
9.358696791316341024e-01
3.001377680504820233e+00
-7.812545226694658229e-01
5.358250259358854350e-02
6.296919078213971677e-01
-1.460799668270544194e+00
-8.331926474736339738e-01
-5.193542544651246207e-01
-6.784894180765155269e-01
4.742221706001459314e-01
4.284878403687064630e-01
5.486533056180842305e-01
3.381228068965442812e-01
3.650315826304662004e-02
-1.187421211432764023e+00
7.203037378431094151e-01
-3.909025556377271338e-01
1.696211484430237837e-02
-9.291881039462075442e-01
1.163013435346005098e+00
-8.191051776251895289e-01
-4.410835567578561545e-01
6.636854990869003323e-01
4.982258185605417111e-01
-9.525317112926905416e-01
-2.453364185830113620e+00
-2.667366820237755398e-01
-2.602861007839434304e-01
4.959644021683939918e-02
1.326948371916538694e-01
-9.078134184317199207e-02
3.902557631365399793e-01
-1.141671444942506719e+00
-3.557902682580416087e-01
-5.658416410826675458e-01
4.471351846815647679e-01
5.819587958392509197e-01
6.248632615024174441e-02
-2.237336420154933947e+00
6.995142303842898368e-01
1.301844899852917514e+00
6.352147745060920947e-02
1.983095562583692129e-02
1.995820058666655239e-01
3.158767158144824005e-01
-1.141646446588708841e-01
4.211317843001594063e-01
2.711038325255101800e-01
6.633578135574307311e-01
-7.444880985661148642e-01
-7.023756926933446554e-01
1.419262902910629620e-01
-6.170903089547514764e-01
8.466021238497833945e-01
-5.458580238641195237e-01
-8.061663942423320517e-01
8.148081958278250436e-01
-1.632845741885688984e-01
-8.290032929557946684e-01
1.027309562940674770e-01
-6.835484868642718315e-01
1.304681797062556825e-03
6.404050317736427189e-01
1.249853655564887589e-01
3.052035375985199250e-01
1.336326994694236880e-02
1.853035577022084102e-01
4.563648661877592327e-01
1.233949121387905024e+00
