6.589780921360617327e-01
1.375894627243008372e-01
6.037287431306433971e-01
-7.664981189487372060e-01
-1.079512527565544833e-01
-9.846704834876054413e-01
-9.067555052707130248e-01
-7.688322196948464970e-01
-8.045191062315735220e-01
-1.807473960118175516e-01
3.043566412675959842e-01
-1.872461579057578263e-01
-3.075761025583006458e-01
9.663356904830268101e-01
-9.252160881515416602e-01
-1.021757965716375560e+00
7.215056357759679351e-01
-8.116930880974349005e-01
-3.647546156578902465e-01
7.898813466897993685e-01
2.485218562962261402e-01
6.653071693639829309e-01
4.251423996591829901e-01
-3.612637901784849781e-01
1.600357861028933515e+00
4.497162974450283901e-01
-6.165821446436900999e-01
-9.721577524234636947e-02
4.441004462279956044e-01
2.720574911060475998e-01
-3.650847964618726404e-01
-6.763557350595863493e-01
8.548025100777323360e-02
-3.538479267172017106e+00
-8.779633551247394418e-01
9.021597308915851876e-02
-1.640064011203611560e+00
3.491769919844667225e-01
-9.033465683096542076e-01
-2.002878689659743916e-01
8.232634580469069263e-01
-6.826749993649615655e-01
6.923816441710464176e-01
4.035555349058788099e-01
3.709890111110936139e-02
2.029004763066366568e-01
-2.588238730904672824e-01
-1.266530230438100979e-02
1.701883860225317235e-02
-7.142917379910914688e-01
-6.171035236435706839e-02
-1.934634274387789787e-01
2.323803264207689456e-01
-3.483268040400722132e-01
9.646826864170124916e-01
8.610919015428322165e-01
2.160097585712841717e+00
-5.322131927457633971e-01
-5.807523226690125551e-02
-8.374691251954893279e-01
3.237611501079951104e-02
1.549852081627344447e+00
1.252951557486012391e+00
4.859390038318629479e-01
-2.854113266325672971e-01
9.981709379957819372e-01
-6.732953500316398721e-01
2.191654281717985153e-01
1.360744865641763113e-01
1.777592565863648222e-01
-5.407176196052621009e-02
-2.138405798201090668e-01
-5.303171737031098232e-02
-7.500776021278310335e-01
-4.028492860081842597e-01
2.938855894094265508e-01
8.809327464493277304e-01
8.896445346713564017e-01
2.498182873544791960e-01
5.579141314640010396e-01
3.737775215294745212e-01
-8.964168016650460036e-01
-1.958156304416016624e-01
1.809666143717882925e-01
-5.897669727607779411e-02
-6.303284712075558627e-01
3.552726437243467483e-01
-3.962859685691393352e-01
-6.485162393913213030e-02
-3.255253315334243336e-01
1.470414733882281055e+00
-7.053339811917473945e-01
8.852209782504072422e-01
-9.755123561214165129e-01
2.591994014843332916e-01
1.125509505210568584e+00
2.153361349324072194e-01
-2.411237495790579111e-01
-9.956079634459122918e-01
2.199415698015960707e-01
-7.060403346635764077e-01
2.072351554961853193e-01
3.845532860259740504e-01
-4.273300232877508265e-02
3.718783585629514832e-01
-4.775961071319967388e-02
-7.728736759842480541e-02
-6.118227167866108207e-01
7.650801097574655429e-01
-8.284834391352144944e-01
-7.412124615672752714e-01
-8.753890263923829185e-01
3.077626646272721977e-01
-5.842086752732931210e-01
5.787261054575800756e-01
-2.139804834937028000e-01
-1.471041457830143173e+00
-4.332926536795211891e-01
-7.552500051123578473e-02
1.563000423043676701e-01
-1.368753399799099935e+00
-1.360397733904070039e+00
-2.306372253232336078e-02
7.704048831306666845e-01
-4.037224799682317400e-01
8.577356313669592947e-01
-8.722954519822150310e-01
-3.903634100329647083e-01
3.255220084766996536e-02
-2.967117236316376694e-01
1.805310354360332159e-01
3.175415028081691737e-01
6.429007880467985103e-02
9.501350598024651539e-01
-9.607404810173130194e-01
-5.853023608375571563e-01
-6.311081877820823305e-01
1.505254438954111151e-01
9.113596940956458781e-01
-2.132679460895647860e-01
-3.145108096237150264e-01
-7.066118224795472358e-01
-4.280593376309962395e-01
2.198684982877607830e-01
4.005448834518193779e-01
-3.192890378303490095e-01
2.036889762497150258e+00
-3.267258442112219718e-01
-7.579194677676235337e-01
1.073692758188397933e+00
2.401802536174948433e-01
8.839486113289396485e-01
5.089910550442671155e-01
4.189556888730749939e-02
-1.174563733277842470e+00
2.042754814531488883e-01
-4.121364273811676249e-01
-3.415270629338116315e-01
5.647271193917486887e-01
-8.859957982546460276e-01
3.249977139991280239e-01
-2.951566203435240787e-01
6.586199693442273961e-02
4.772543365722636821e-02
-3.899632611406917970e-01
8.822914751256734078e-01
5.091695362723180907e-01
-7.459233647971696968e-02
-5.829039392653596607e-01
-3.908757690876540902e-01
-2.098278792473582399e-01
-6.652168484841176621e-01
4.344542313601562622e-01
1.105932482609106593e-01
-5.705342946827336448e-01
3.342834207953204739e-01
3.370209226429432547e-01
-1.841188421593926705e-01
1.634634223459912050e-01
1.883641156268993644e-01
-7.530640571782882819e-01
5.048175987193943559e-01
5.722269317680919176e-01
-8.681141401996856910e-01
7.122755164835188335e-01
-1.083617266924878919e-01
-3.489978045005537322e-01
-2.336410160005621961e-01
9.796914520307045127e-01
-1.651339991948177488e-01
-3.745249656896909585e-01
-2.004999371184406076e-01
-8.700096883455123997e-01
-2.564076966327053508e-01
5.344749423138022149e-01
1.037115680469420376e-01
9.348279867221507278e-01
4.661881463582355778e-01
6.527512968549795680e-01
4.838308996581330845e-02
-4.582380768239426860e-01
-7.790041520023271993e-01
-9.202106232512043960e-01
8.510942520064077588e-01
8.440059692442414274e-01
4.991442636147063183e-01
-2.304334604766353767e-01
3.904095576088049135e-01
-9.924196721092601869e-01
7.414825795203054959e-01
1.797631817589748771e-01
-6.400942885987579434e-01
6.044269290323456278e-01
9.445238670832212247e-01
-2.768883914011546210e-01
9.721645881308644821e-01
8.611656202280733030e-01
-1.825585962596194545e-01
9.918401272746488750e-01
-1.736210207838921882e-01
-9.914579434495629506e-01
4.450043940193690872e-01
3.297281081272247505e-01
-6.001094607537869052e-01
-2.617100929332574211e-01
6.709328146809825366e-01
6.693959326100111795e-01
3.847021402021675307e-01
1.506698865243758512e-01
6.684849151471723427e-01
-8.350607632681485981e-01
-8.555853327368965200e-01
6.758360044469589045e-01
9.436899518066450554e-01
6.939583642717375156e-01
-8.216413809582097105e-01
3.764481810494864078e-01
3.754109775139673477e-01
-4.887682779443169867e-01
-6.344427299857955393e-01
-9.345049364281059479e-01
-7.689505595067476218e-01
8.176611920917751242e-01
-6.677575611819337453e-01
-3.902316388144906334e-01
1.347352659104259498e-01
3.615436178855975236e-01
8.774427715479917733e-01
9.225159027825620139e-01
6.002283358743962793e-01
-7.584211881446201176e-04
-6.049501069596587843e-01
6.562916101753195619e-01
2.641005533081441925e-01
5.678656938347548255e-02
-5.695858698305358292e-01
-5.474467559726268195e-01
5.936170756888277111e-01
-3.244114808694944507e-01
4.956987329430835310e-01
-9.084424612154262668e-02
1.713437988193939887e-01
6.052908764432318733e-03
5.297901129555366850e-01
6.309492610488589559e-01
