4.355297298624147828e-01
4.263614136637956520e-01
6.436744137810574973e-01
4.379325967781328988e-01
-5.027220256802553688e-01
5.097998807324812809e-01
3.884360577017054172e-01
-8.974268341920708103e-01
7.512208020095865191e-01
9.840443579032305266e-01
9.431322722583888041e-01
-1.603209198817501235e-01
6.646825803276512623e-01
-2.663870415055316077e-01
8.463215583655110397e-01
-7.191908285526735778e-01
-5.376721371817188011e-01
-1.261136159884785890e-01
2.324743236155544235e-01
-1.121480023292538153e-01
-2.691631526180799927e-01
4.856253986398997302e-01
5.230211865153373552e-01
1.760745641708933995e-01
8.871952410096242136e-01
6.790591300963133570e-01
1.907708124573737063e-01
-9.405560563500019455e-01
-8.470321083865415268e-01
-4.233077594975245272e-01
3.310194028562163382e-01
5.954591609240467154e-01
-9.099644204919026258e-01
-6.109959170115455418e-01
-3.866568955759208670e-01
-3.192983140473075743e-01
-8.435504180673236707e-01
-9.586070184134853900e-01
7.391794809560834345e-01
8.938992155851355204e-01
-1.571844712059622395e-01
3.357813002049054862e-01
-9.858048636706318035e-02
8.251666188645501165e-02
3.784895517235253859e-01
-7.839047344932656980e-01
2.757872483974321831e-02
-9.834434962763061172e-02
-6.873126811345862119e-01
6.946591423238914764e-01
7.134172709090305098e-01
-6.894867171798242378e-01
1.613318107708963112e-01
6.700770510787479317e-02
4.791297947923809364e-01
2.658662602079386872e-01
8.112875442309428475e-01
5.807782459978036993e-01
6.921581877426463691e-01
-7.170420563020696303e-01
-2.626146741992316791e-01
-6.393926355602499445e-01
7.815298303362192556e-01
-6.023032190782042772e-01
-1.792343594687941799e-01
6.011436896512933892e-01
-6.452664898890723144e-01
2.658623441541669852e-01
-2.989998244272420447e-01
3.081307929220382658e-01
6.412908870077973500e-01
9.155316608589414429e-02
8.163796824906641714e-01
-2.449918516356068832e-01
4.773703471286816491e-01
-9.438275078841196208e-01
7.867686868682377543e-02
-4.440050271266158255e-01
1.212732842287733703e-02
-7.938504322071402441e-01
-6.594322096764559937e-01
1.424010987672594819e-01
-7.867833113998574657e-01
1.142504533679966627e-01
-6.977448267286174843e-01
2.188576541170976775e-01
5.739514995887695648e-01
2.613716534859613638e-01
-1.601923480946529921e-01
-7.171653672695352810e-01
-7.441996383316789032e-01
-4.382225227259621825e-01
8.273276960205635522e-01
9.215902857011355476e-01
-1.515106582508716215e-01
-8.486802820064034414e-01
-1.736650943224513632e-01
5.498988042778947261e-01
2.737367839429050154e-01
-4.893902974690982344e-01
5.181090812726807382e-01
1.175482635722711056e-01
-5.600289925054520168e-01
1.262926241204902489e-01
4.751346558622997485e-01
-8.422800479072245494e-01
9.286700185050504874e-01
1.628669558628406122e-01
-4.056637581950217619e-01
2.311467977299082044e-01
-1.981335155475869580e-01
2.852250863742158415e-01
8.982390881241804070e-01
5.747247350085888939e-01
-7.801531779548036560e-01
-2.020884634299657812e-01
-6.567814214135712092e-01
3.251110900404996507e-02
2.572913838471135861e-01
-4.456406231582177302e-01
-6.922991021994062688e-01
6.639291941339233727e-01
6.760764923569952956e-01
-4.833777013676270329e-01
2.126854018317461126e-01
5.099457456854783466e-01
-5.045761391451064615e-01
7.857397870348532543e-01
7.176321054827061729e-02
4.894008870359893848e-01
8.951193606568639272e-01
-5.827636786282464065e-02
5.532959154953704939e-01
4.464009437437161942e-01
-9.901990710687564867e-01
-3.984086088811198412e-01
-9.760954026587658205e-01
-8.859113439573129689e-02
5.385150891776699922e-01
6.948455261913830672e-01
-4.249053347573639172e-02
-7.958198588359017833e-01
5.630316806373436567e-01
3.129592839532953086e-01
1.116387815538635309e-01
-9.048676619818953881e-01
2.919120767531384608e-01
3.449998971431189609e-02
-5.289769467289120453e-01
9.434925283526676143e-01
5.345834449588648951e-02
-4.271103645682450267e-01
1.291419828197049036e-01
7.117295162488530558e-01
6.786322157546353928e-01
1.364230063722899899e-01
-8.127735988572231118e-01
2.223998706669259029e-01
-8.019051902995928405e-01
-7.974146010048999145e-02
-5.927011546484206583e-01
-2.191209624627572516e-01
-8.909521328177876232e-01
6.800033833184124799e-01
5.722643347822908844e-02
2.342296276205937389e-01
2.040084414207294916e-01
8.878546238345008668e-01
-9.761361855390804365e-02
3.471641732005181780e-01
6.817588825634057770e-02
7.076845109447094107e-01
-6.758247441842493153e-01
-6.725356190793059241e-01
2.722318698537813386e-01
-8.717798354271966144e-01
6.375615112740551371e-01
-2.959109306171636700e-01
-1.598653163331806848e-01
8.410282729160125648e-01
2.413783180447681698e-01
8.262754560324614417e-01
8.530317914047285122e-01
-5.996888939256277418e-01
-5.173613174267215342e-01
9.737764885375030932e-01
8.870951361542041003e-01
-3.017562015550085963e-01
6.115561909272224650e-01
-2.083673431459975856e-01
-1.881747536947948607e-01
-3.081358753228906622e-01
1.399246278008665634e-01
8.271303369398654848e-01
9.467156000454401976e-01
1.383918639148780105e-01
9.423452739681530410e-01
5.513653180567905654e-01
8.759443115332010699e-01
5.327592200159076974e-01
-6.004761752429117472e-01
1.020560398230454524e-01
8.050196750362836884e-01
-7.817926931544796343e-01
-5.350136530353768460e-01
-4.704445291242080884e-01
8.851728604846709203e-02
7.595633864087265597e-01
7.772082425394239991e-01
8.486809721335335510e-01
7.820171220480827134e-01
-7.071261484202742142e-01
7.060543061593849146e-01
-3.922867698345597898e-01
-2.013346340030846005e-01
1.617998298441032379e-01
-7.580945817332840342e-02
4.720103792914787100e-02
5.777262031413199495e-01
-8.406466919559221207e-01
-7.376369039890695589e-02
7.694172243288852631e-01
3.437392857494572240e-01
6.695824456612651243e-01
-5.514188094952019448e-01
-9.511901574507577450e-01
-5.834987163575104940e-01
-9.407195972710107323e-01
-7.347840527350046891e-02
5.436260930566312322e-01
9.692586180733075985e-02
8.477739358658944457e-01
8.359666119820818864e-01
-6.274683356608250495e-01
-2.984271752175238213e-02
-4.631525157397986536e-01
3.839984759291985572e-01
-9.567176850262977261e-01
1.928569043733627808e-01
6.004987588502634921e-01
-3.483352813087481348e-01
1.267728350978349905e-01
4.651031597609978085e-01
9.256666102764445903e-01
-9.116042088592544168e-01
8.875308947997098130e-01
2.927157121883983137e-01
7.206399646485350807e-02
-4.794730956079917839e-02
-5.290481200801102624e-01
-4.162114687166935667e-01
-4.455469756854981700e-01
2.807517968865511637e-01
6.772537538560698955e-01
7.203899728210769737e-01
-6.845018720708995197e-02
-6.286799595301193477e-01
-3.514612392362359561e-01
2.724837871339629292e-01
-7.353956931952034815e-01
-9.003514602024067504e-01
2.714087887019298595e-01
2.293577391650380992e-01
-7.464760479334087151e-03
7.084700776354766472e-01
