-1.614292897688414330e+00
-8.504450542161126614e-02
5.396960058007982397e-02
4.735120440190481172e-01
-9.030435449857308061e-01
-9.860409228484465771e-01
2.247326922654385051e+00
3.830577744426869602e-01
1.076574455789267581e-01
-1.114721288383261122e+00
8.330739364250865364e-01
-8.151483883391458241e-02
-6.711272262809917510e-01
-2.982796670536438377e-01
-2.026961976310499569e-01
4.773596767693968346e-01
3.894487523192802225e-01
-8.456146702417741690e-01
-2.955477483377944026e-02
-1.259601685699692553e+00
-3.643334023074906725e-02
-2.229234765638612448e-01
1.584159972453745624e+00
2.177582339516838772e+00
-1.892520311808919109e+00
6.242776948983170815e-01
-7.371358543392345641e-01
-8.904380314890092407e-02
3.602356975663614236e-01
-7.104392596041966268e-01
-9.531109060573004221e-01
-1.214181046889120097e-01
2.573174780454188237e-01
2.664629406527730282e+00
-4.149427407727155348e-01
-1.015705962568125287e-01
-2.506179600587574718e-01
-4.751884636686292129e-01
7.406406866601078498e-01
-1.627389310529436361e+00
2.400776111679383540e-01
1.714695825741011870e+00
9.174743128025579786e-01
9.500955844225337232e-01
-4.870256076044616744e-01
8.754745738390681264e-01
-2.521339540328019435e+00
7.822500700086409964e-02
-1.876976475909521991e+00
4.388707426858933225e-01
-7.631576430648687737e-01
-5.763367468184015241e-01
5.270212931168978265e-01
-3.213490066032925752e-01
-1.523217287960766830e+00
-1.965636172720842456e+00
9.407457302048827241e-01
-3.391697097600023802e-01
-4.120016957943373193e-01
2.443313777147884669e-01
-7.532977955200224063e-01
7.895111191536533513e-01
7.792658215171832659e-03
1.035515646804581635e+00
5.119830821266821985e-01
2.549568855437609471e+00
7.092989886329552629e-01
1.081085738455376033e+00
-1.171347996639340527e+00
-1.079567546135200562e-01
5.343463383253811427e-01
7.843248827828350755e-01
1.224755627289529691e+00
-3.267717457157133243e-01
9.104842381338534851e-02
-1.701374941668304386e-01
9.102398526837658377e-01
7.458878663320313018e-01
-1.273759048125434390e+00
-9.345548417425875165e-02
-2.372254749637889848e-01
7.807272251400076968e-02
-7.694136183943358631e-01
-3.961307859022304423e-01
-1.616720360554192215e+00
-3.044972136024701292e+00
7.711528570208525668e-01
-8.933788529138210199e-01
7.018793048443512372e-01
3.815541921295176220e+00
-1.092827427409064134e+00
1.302536549040147706e+00
-3.663989881992734121e-01
-2.515526848670401883e-02
-6.818693464583134300e-01
4.584774119292140959e-01
9.538848639634753823e-01
-1.077209713165970362e+00
-3.734124472584807730e-01
-8.898235922751303040e-01
-2.866847217870338582e-01
3.118001251082536118e-01
-7.709185817594187418e-01
1.898128474110136521e+00
8.107173300696068896e-01
2.270898761386155762e+00
-1.080316436136830038e+00
7.175466097189318049e-01
5.771598413032543728e-01
8.332417011368004056e-01
1.146003951886804373e+00
9.506895043715823945e-01
-9.958863237125461509e-01
-8.746664954620525512e-01
2.787549541815341314e+00
4.522043236836617019e-01
-8.859154846788861448e-01
3.497063114275140716e-01
-2.253920521825891310e+00
-2.025889422057038480e+00
-9.670388242537772960e-01
8.009150643346011345e-01
-1.023524363783363089e+00
-1.568976796964268727e+00
1.106898292236157266e-01
-1.737297009845788498e-01
8.029439609578816750e-01
-9.292289143098600990e-01
-1.413381446056519719e+00
-1.572153353161199751e+00
7.042953506047324730e-01
8.050332877140211618e-01
-1.382065005938644120e-01
7.677418921243830408e-01
1.995683530506976222e+00
7.606348026431746234e-01
2.937395411177807780e-01
-6.811062481091207932e-01
4.064335892778681014e-01
1.515999743469343741e+00
-9.366530730383968439e-01
1.760694012674690612e-02
1.262615369343790039e+00
2.092999001382965574e+00
1.605234238844656769e+00
2.687976457371175076e-01
-9.770881301336369340e-01
-3.900785472734407122e-01
1.411952980266951041e+00
-2.271140808911864539e-01
8.221098661343548830e-01
-1.896237054493621121e+00
8.866424842487230507e-02
-2.682767485585855205e-01
-2.957548797546489805e-01
-3.598416794399161844e-01
7.601767213663735978e-01
-7.640069513469207596e-01
-1.067696680391564623e+00
3.573177242422144184e-01
2.598273429990818340e-01
-6.235914405772180480e-01
-1.394680563868929690e+00
1.512055424271365300e+00
6.129808413261234046e-02
8.492733340615694626e-01
8.286039662743110989e-02
-7.816824114786435906e-02
2.343356954072988441e-01
7.516959838947792072e-01
1.851738658174860053e+00
1.041136326703033799e+00
3.889673997780269676e+00
3.827114113146083962e-01
9.467800723899368887e-01
-3.013245033501271486e+00
-8.701404927374990494e-01
1.813507550359450438e+00
-1.723112650092907927e+00
-2.318354002246240331e+00
5.982459819716885452e-01
7.609578340195239932e-01
6.577153194380360723e-01
-1.171343842032488980e-01
-7.826352596253034477e-01
-1.913361807866673647e-01
-3.216800325244557612e-01
5.732442843820515499e-01
6.722079371173328433e-01
-5.089739581832259940e-01
9.336508523041517904e-01
-4.467870502697490753e-01
9.224619923084187434e-02
7.678097708354150175e-01
-1.022244207069094024e-01
2.245017137023492815e-01
4.707898545991276995e-01
1.008392984183434038e+00
-2.774452315813140668e-01
2.469868153287199108e-01
-1.135379983313316465e+00
-7.243668769739570745e-01
1.932622626655932763e+00
-1.526130912844969600e+00
-9.061424717380126559e-01
-2.908405754634724616e+00
1.657876626649055218e+00
-8.035906173852591650e-01
5.512351739507476145e-01
-1.799675044557313419e-01
3.028839803042968626e-01
-9.612278010158192831e-01
1.377841302740222762e+00
-5.312658477768216203e-01
-1.388771648787304747e+00
-5.588884290370215169e-01
8.026744798238174550e-01
-3.781032732621130155e-01
5.316883203129840751e-02
1.496848043462173372e+00
-1.245863529865256059e+00
-9.802214909098516671e-01
5.884208789139251383e-01
-1.311825528119208162e-01
1.064471794084018264e+00
2.242088878545179242e-01
-5.669628011010086066e-01
4.067595669359829191e-01
1.345461519671610873e+00
1.686822939055581561e+00
-8.708232605318677599e-02
1.240338173959076418e+00
6.321735056115533880e-01
4.489540412913785028e-01
-6.127021025466634629e-01
-1.344054194125599011e-01
-8.950862106050316847e-02
-9.481224072076421816e-01
-6.554621405193936656e-01
2.045871397895878019e+00
1.140795235877565261e+00
-5.014664123729304368e-01
9.252158513053000410e-01
-1.294188705906478942e+00
-2.406450567903910986e+00
-6.823376529023104098e-01
-9.683606886347173592e-02
5.301642326061859478e-01
-1.589444936920991758e-01
-9.962324584967112706e-01
-4.693665111885105823e-01
9.333105848142482230e-01
-1.029417803074421434e+00
-1.022038445213090618e+00
-1.078848547399810176e+00
-9.253691160446444464e-01
-1.246255528569247817e-01
1.543698262154416523e-01
3.038504350032318335e-01
9.258087333379938499e-01
-6.415752629326862966e-01
-2.102314467705297396e-01
1.287592233782532070e+00
5.029222667115682555e-01
-3.427390065976826383e-01
