8.936062617740965219e-01
-3.473961639691682812e-01
-1.122890013291404365e-01
-6.651338027633197925e-01
-3.610249449648161857e-03
8.007079650899933121e-01
-6.563926832002007217e-01
1.935819274689978275e-01
4.695962783712426258e-01
1.539988814031409969e-01
7.768658233766652099e-01
4.922459972343342649e-01
-3.147358236225186179e-01
8.613220134477539425e-02
-9.973617239530998546e-01
5.156469779192867087e-01
7.426204289348126153e-02
8.087872007642109562e-01
5.127872547133858205e-01
3.795244299195301707e-01
-2.140807453165656238e-01
-9.980641294376046968e-01
-5.728721052679968118e-01
-4.147310556030054940e-01
-1.453083601108861256e+00
4.670797573966676275e-01
-1.497980571496526636e-04
-9.278312735908422759e-02
1.417870258813658246e-02
5.525000102631134613e-01
6.243304436717089789e-01
8.660611356753098455e-01
-7.604647035433624858e-01
2.828615215186338627e-01
1.207593844494101010e+00
-9.340268945935716882e-01
8.203484251110113590e-01
-5.489898681063467567e-01
5.436921203561584370e-02
2.782598695725204685e-01
9.834021691787839803e-01
1.461656516388711635e+00
-9.033732149280231383e-01
-4.627387591938572076e-01
-5.608083016151805822e-01
-5.260160254674834945e-01
-9.837387260117735899e-01
1.035984575345378911e-01
7.240105976609556571e-01
5.500765486487944056e-01
9.578077733944441174e-01
9.008614516186663757e-02
9.561674999942844089e-01
2.311876558692496086e-01
8.046363893939179057e-01
2.212450814698030399e-02
2.923719091981138440e-01
-1.181225618582146808e-01
-8.039962963033586707e-01
-4.830348485470556952e-01
9.081268504793045260e-01
-3.533151044816928987e-02
6.250816678244563995e-02
8.801239173039847596e-01
6.084361713343500178e-02
-1.191069892538902941e-01
-7.673453710145230477e-01
9.647243152214517448e-01
-6.890883738652562318e-01
2.217952923915076369e-01
-1.026390305938149616e-01
6.831591104530865266e-01
1.547176621927248696e-02
-3.925255020170936859e-02
3.023377016748145518e-01
-2.436948751343637198e-01
-3.715301235728845075e-01
-8.648618548995075095e-01
-5.812388451276426782e-01
-4.124316741964464406e-01
-5.222171477486365898e-01
5.157354153018183229e-01
6.516556620866524874e-01
5.066006591660996428e-01
6.656255682464271572e-01
-9.934841162533183390e-01
3.635861357276004568e-02
1.283839443923051604e-01
-7.422954286800445001e-01
1.772121448061365623e-01
-8.479693793991933681e-01
1.305940246863923626e-01
-1.750086953316210003e+00
9.261831359413918996e-01
1.234216000299472205e+00
1.062911924143784548e-01
4.045289924994794895e-01
2.807989128952304014e-04
-6.491072839415046314e-01
1.164501054683801939e+00
-8.607416209218290426e-01
-3.255614094262477831e-01
3.505652476709126830e-01
7.907829517190303470e-01
5.075777717117169185e-01
7.553960524990441794e-01
-7.601176097802713194e-01
1.032133189950356522e+00
7.396396707215724398e-02
-1.229144380636395528e-01
-7.924191048086828282e-01
4.556061830942867985e-01
-6.400885201350674514e-01
-4.620373362945142670e-01
-3.281791002199125895e-01
7.806825894141401490e-01
1.369248673106469028e+00
8.319853939453802916e-02
3.692507290041915358e-01
8.100532914020086572e-01
4.180832679682256470e-01
4.849228174240691747e-01
-1.829799792993886953e-01
7.597155804120881983e-01
-7.220624623130136310e-01
-2.617864629178088265e-01
1.101218289812454287e+00
4.545858848250263762e-01
-7.797700785635253151e-01
-9.966127060523706227e-01
-9.275370209860216431e-01
-4.044230693846293523e-01
9.569927606918215979e-01
-9.814207766347189388e-01
2.229877886343761828e-01
-4.797577889739645940e-01
6.961211820405645012e-01
-1.875639015369486851e+00
-2.580420793415483249e-01
-3.800305194303610357e-01
-6.810400035314807532e-01
6.428742711134356469e-01
5.290465911009862854e-01
-1.883779606512758775e-01
6.421438951359655922e-01
3.062444834522850545e-01
3.667356610229870473e-01
4.455967198724297695e-01
-5.688018875679008435e-01
-6.445263651258856807e-01
2.987977697789485632e-01
9.988704736379179216e-01
-3.955222086193002085e-01
5.354352341618957567e-01
-7.011375915475916987e-01
5.342665002851902933e-01
8.875839851193487728e-01
4.943528639923204793e-01
5.177884055916461836e-01
9.413346064711956007e-01
5.687300792215452816e-01
-3.979541199251492856e-01
-8.507026189510078495e-01
-8.960897881638882900e-01
-4.265276696468884854e-01
1.740970763459361026e-01
-4.679797623876258417e-01
-6.824840873267108421e-01
6.800888305172279047e-01
6.699383488106047668e-01
7.450265953161261390e-01
-1.020839515875442416e-01
-1.373936489064637723e-01
3.648603001316554906e-01
-3.488861626859431908e-01
-3.516536847689849532e-01
7.694107743706743996e-01
3.206199355067895773e-01
-2.682685211125250824e-01
-1.357257514260875375e+00
-3.394712451241586049e-01
2.318385191228244935e-02
-1.812525742049424515e-01
-3.492238293794587278e-01
-1.642436771894086878e-01
8.373968325397991297e-01
-7.924716122241386440e-01
1.006306437734501291e-01
3.453964203454693571e-01
-2.261327186126882438e-02
3.211652656035048903e-01
-4.825602971326323765e-01
1.822256632606649163e-01
-7.017768378548832064e-01
-1.676160204443140067e-01
7.254476300412908696e-01
2.950466920813576976e-03
1.144810537769804792e-01
1.329685123301314054e-01
2.956783614539333360e-01
2.679496417404725328e-02
-7.414710138046816112e-01
1.351314466569678574e+00
4.169725707446036989e-01
-7.870097652106888830e-01
7.188594155468797098e-02
8.546578762363141735e-01
-5.001605386759475635e-01
-4.440587993672937550e-01
-2.267739832300553759e-01
-7.170307972331044777e-01
3.808284823135104080e-01
3.492235582645208947e-01
9.552073089692425523e-01
-1.399254737186095277e-01
-5.562073832023088915e-01
-5.862575940115033468e-01
2.537296875153225439e-01
-7.470002190775768547e-01
-8.251157530497887915e-01
-8.373857730573228686e-01
-6.783673031275583298e-03
7.545154705652175053e-01
8.252001255320458029e-01
7.894861447751666539e-01
-8.816135561602320703e-01
8.820712549379874368e-01
3.062583005027947891e-01
3.973347510561597851e-02
-8.290336569880418782e-01
9.259107876418641858e-01
-8.282519387269593469e-01
-7.286587224132503593e-01
-5.825090816947284811e-01
9.704589293463516952e-02
-3.001754118425312701e-01
-4.983294757399145958e-01
8.291482085357086973e-01
9.143832727775746960e-01
9.808373353695456487e-01
-4.226167914956682203e-01
-7.520940327726586272e-01
-8.787046360994710259e-01
4.302532504574507755e-01
-5.978110154971822965e-01
-7.102992740890214929e-01
6.603708045945833049e-01
8.468133674915101494e-02
9.885936924435272388e-01
1.732759845025140244e-01
-7.303695413094044575e-01
7.566656903867996498e-02
-9.532541337655202618e-01
-2.282188324724732098e-02
8.680765404158157228e-01
-8.345841118024888150e-01
-8.427363969715404579e-01
-1.264940409741031058e-01
-5.834429312800035738e-01
-1.321793929452252936e-01
6.521045726250971342e-01
8.362195255075581812e-01
8.140280776009911623e-01
3.374930962456927919e-01
-4.197887558358137650e-01
