2.779682599902284501e-01
-1.206930182535239648e-01
-5.755199887811155435e-01
-2.818810055512597224e-01
-4.552020817706161626e-01
-1.910654294665365960e-01
-2.485125526512443894e-01
5.604727879119990597e-01
-5.612524356864321273e-01
-1.976688129738093380e-01
-9.819618340106797127e-01
-5.306433226057596375e-01
-3.508502222833018713e-01
6.373348392860094247e-01
-4.705002600318382022e-01
2.143980212815514985e-01
-5.609211810810335042e-01
-5.602780835833360840e-01
-6.938525520081242348e-01
3.197062617291672737e-01
4.549159535491589246e-01
-1.001565904156087594e-01
1.705684913682097292e-01
6.999626705218118250e-01
-9.084952443933884680e-01
1.309926856249163496e+00
5.353317272213324873e-01
-8.142661054553186339e-01
5.199230310322544568e-03
-4.808482165236151462e-01
5.482227976322089358e-01
-7.110892753905135866e-01
-4.687675746571158264e-01
-4.312210243822665046e-01
4.599880620544868348e-01
2.397875896551271424e-03
1.646372866147347569e-01
-3.035484372744212678e-01
-2.794617085428121595e-01
-6.921252647215239140e-01
7.877758377495869269e-01
1.095840026614994578e+00
3.901341677564569288e-01
-8.407523388679729592e-01
4.647620891140848975e-01
4.729000132214151719e-01
7.053302536107464160e-01
-7.518630071469576404e-01
-9.029311344418220475e-01
-5.500237483069239097e-01
-7.533706730173304056e-01
5.487214713326100668e-01
1.652544210080197917e-01
9.609310650421962752e-01
9.704710775098601694e-01
8.072324962737265075e-02
-6.004114827681867883e-01
-1.704472006949389051e-01
8.705322651395719369e-01
-9.661887343259847327e-01
1.752310534682297583e-01
-3.955233765045738092e-01
-2.172754766458941944e-01
-1.668012487140724254e-01
7.354279063233915004e-02
7.252486613218058764e-01
-3.056113311713646308e-01
2.005340622520124239e-01
-8.582299419704328969e-01
-5.691204089494734664e-01
-2.709221024231189823e-02
-6.949490442803760715e-01
-8.790632868385188647e-01
-7.359436812709803100e-01
3.350214641627202727e-01
4.752630951348877364e-01
-9.254180708895136664e-01
-5.064222423041704335e-01
2.684096046444428563e-01
-2.302929403486784210e-01
7.449905867071797694e-01
-3.999269549956696590e-01
9.964247872532550065e-01
-2.375627822537231815e-01
-6.589799256200687960e-01
9.299810359286280192e-01
-2.755299483523430126e-01
6.838929448856294613e-01
-8.209094022410863278e-01
-5.650065869562062026e-01
1.153524185902359278e-01
-9.435359940552618951e-01
-8.347354803101074694e-01
-6.049303324173622709e-01
4.595976138774491293e-01
-3.269809744994998102e-01
-9.859054032379854782e-02
-6.150863632359215849e-02
8.908229963612428470e-01
-4.643722265661349713e-01
-3.701220047479114594e-01
9.449293874851454333e-01
-5.260104947724295599e-01
-4.859255688322685618e-01
2.966144187597172799e-01
-6.011423735794838574e-01
-1.019452947068373305e-01
9.988695732857155729e-01
8.144532352016009558e-01
4.947242998953151893e-01
3.124759082962995649e-01
5.978546022493880230e-01
3.198894787535431217e-01
6.834364606748404292e-01
5.279743280696460594e-01
-6.405919863469826669e-01
-7.387784199582387856e-01
-1.672401127009943700e-01
9.996949203338630907e-01
9.990696448025138121e-01
6.135000254585680768e-01
7.354548472581832197e-01
-9.426631330839363443e-01
5.278177873249780827e-01
7.223471737494282507e-01
9.877982299961887147e-01
-1.432703358182230158e-01
3.346407399042428121e-01
-9.627849480775356739e-01
-5.121964137830272712e-01
1.012620477471295466e-01
9.352662833660134734e-01
-2.144095284431051240e+00
3.039935583196251567e-01
-4.233607933732419504e-01
4.483949293354032584e-01
4.598071616244101545e-01
7.085470041647539130e-01
5.540351494898261286e-01
-4.059230120529366825e-01
-7.338555278664569137e-01
-1.644877860676703385e-01
7.456170505741255283e-01
7.240347835919656028e-01
3.019433258762261874e-01
1.171580123179209343e+00
-3.735461182004073954e-01
-5.262267564158041866e-01
2.068966836157135614e-01
-2.087687266962341415e-01
-6.145875922198460461e-01
4.324655376738588686e-01
-8.412111952389105252e-01
2.377437613293558183e-01
-3.941647478382415137e-02
2.488028891921223451e-01
5.948097062343400410e-01
-3.477858106362121671e-01
-5.809572315604409898e-01
3.063907618126773258e-01
7.787059170279535536e-01
8.486838896973012414e-01
4.960391141798131676e-01
2.451687949314331760e-01
-2.896925269191397145e-01
-7.220824432307224594e-01
-5.167718922935116144e-02
9.509695684461640930e-01
1.435412353045082412e-01
-7.235794026127810863e-01
6.129378495615855904e-01
-1.879258387993918422e-01
-4.490399010274859215e-01
9.906082623661798259e-01
2.005388760561317429e-01
-7.771353436256376312e-01
-6.509166858042847448e-01
7.839510881006119813e-01
6.663034159698992820e-01
4.709395877349460413e-01
3.300329252896028187e-02
7.287011089051003143e-01
5.931284641719831718e-01
2.539191389728214787e-01
2.507651655029612403e-01
5.239535214272939001e-01
9.411781825772631560e-01
-1.778375631158971348e+00
1.797089544808756489e-01
3.640522132483037243e-01
-9.294136066027944842e-01
8.022701092053676764e-01
-9.500222812538432482e-01
8.333532418362641359e-01
6.007214497624181471e-01
7.307179502998162324e-01
2.315483950656447298e-01
-9.347801324600779616e-01
2.155615348150596855e-01
-1.180392741053746253e-01
2.944414679870182017e-01
8.790610277885841928e-01
-7.608669278579567319e-01
3.420216338812401280e-01
9.986563267390191623e-01
2.215739658482318575e-02
-5.425838373592062336e-02
-6.004242431361135335e-01
-7.280512440940238861e-01
-2.536477604322571189e-01
-5.969696688133747653e-01
1.151799272158626763e-02
-2.651912481999418869e-01
5.672833071950977857e-01
7.119681564174049626e-01
-1.429985980776373733e-01
-5.051691384341363555e-01
-4.906840747771012978e-02
-2.305009036191274507e-01
4.029495876455426728e-01
-5.035437314594497504e-01
-8.187350876249630538e-01
2.496342323302069843e-01
7.429562132917195694e-01
6.565555966166440882e-01
7.301338611039438486e-01
2.678364078619964728e-01
-1.515682689968906871e-01
5.546158420525757471e-01
-4.213625952666606445e-01
1.462102135289986560e-01
4.670945494463847325e-01
6.923997115124613799e-01
2.151484003945969281e-01
4.820653721145915505e-01
-2.802158809088775016e-01
5.109729568567420444e-01
-8.460924498428907814e-01
-3.758947910564018891e-01
2.011937327036359413e-01
-5.915741941495600287e-01
8.984292277866074983e-01
-8.047014738836708592e-01
7.718858551242342436e-01
7.915083996449048254e-01
1.375543198093917674e+00
-6.650166386474836155e-01
3.086915543549073604e-01
6.223863501871329529e-01
-4.465190824264508862e-02
-7.201906966132298749e-01
-5.956105634161757978e-01
-9.144627262225155651e-01
-3.419970089194366292e-01
-3.971323362958389946e-01
-4.492015916274962883e-01
3.586855831784561133e-01
-7.505097503656066316e-02
9.700819711340138429e-01
-1.097176771838086484e-01
-4.482363974671246254e-01
-3.988781485157577578e-01
7.309067578820693800e-01
9.538610497519159903e-01
1.892202105424263259e-01
