-8.544125204487582614e-01
4.073159168732454205e-02
5.200333517926147842e-02
5.470826718878387673e-01
-4.123117866776486728e-01
2.170389897045270633e+00
-1.062268965407162646e-01
1.788381616366987448e-01
4.770815801520582600e-01
-9.502957862616006057e-01
-3.330659751878504160e-01
2.440731980658445988e-01
8.063703230579488679e-01
-1.989968054722561996e+00
7.668411235794083680e-01
7.672245372501118599e-01
-6.814370077460865094e-01
5.809990382695815470e-01
-4.030824450351695454e-01
-1.649987536006525257e-01
5.624080143701009060e-01
-7.891713624737795030e-02
2.721283605974390563e-01
-6.761655268593973478e-01
9.009341930542744681e-01
-7.480638586822685454e-01
5.546037130292849060e-01
6.705056387621504133e-01
3.101852719248907597e-01
-3.833675877831737577e-01
-6.167293318957438597e-01
-1.530363139124804706e+00
2.425823081190083830e-01
6.484118928909097246e-01
5.910491323220580240e-01
-7.552780343784967210e-01
-3.679369152318696656e-01
6.166486456316764286e-01
-5.122270612129167233e-01
4.854503010835964361e-01
1.382445534238697427e+00
-9.200391129405234292e-01
-2.672592179336203966e-01
-7.253537380685193270e-02
-1.562080319341398127e+00
9.494800972069017408e-01
-2.211851875543756840e+00
2.198885805552761585e-01
6.257890621826729394e-01
9.729161727134281179e-01
8.438560287857741482e-01
9.417228354138533486e-02
-1.229286750760840707e-01
8.499734417489079874e-01
3.251752876023330519e-01
8.939665014393276543e-01
2.784722132438315345e-01
5.454275460164177414e-01
-5.540465202251609877e-01
1.722889470662478661e-01
6.650582727445852882e-01
7.324459646573209248e-01
7.721012764388465177e-01
1.168156211005819678e-01
-7.365455549353858711e-01
4.490962868510768313e-01
2.183299923816650612e-02
-8.706961805601178828e-01
4.211394392481089266e-01
3.029008530120117282e+00
-2.240804168637833271e-02
6.237455310797934693e-01
1.361316348520624775e-01
-9.965145159020645238e-01
8.529590641579631871e-02
7.584284479222722641e-01
-5.904602123260920266e-01
8.467956750397711563e-01
4.735777287133418056e-01
-5.041176773068205552e-01
-6.446630947075648876e-03
2.891654181088967324e-01
5.839178971284755271e-01
-1.903701083143188866e-02
-9.210638620552904499e-01
-4.004513018282134240e-01
3.973505854423515782e-01
1.427653083775834997e-01
-2.479098384655376019e-01
5.992926305541343979e-01
6.063368773055044514e-02
7.446535929542716925e-01
2.415378480458019173e-01
3.778653077458612453e-01
6.875185701612149813e-01
2.902626488879230138e+00
6.152825679035927031e-01
1.922626100579085673e-01
-1.394603781749723936e-01
-7.061990104995403694e-01
-4.453999970731898905e-01
5.098690064661284271e-01
-7.947277725257251291e-02
3.418713966950732708e-01
-6.303213260627249515e-01
-5.036208625759677204e-01
5.056085905048925966e-01
-1.939367321117236198e+00
-1.482883572674089656e-01
-3.865875122664523822e-01
7.036436203041034343e-01
2.232148468257635354e-01
-9.983679092528929822e-01
-1.791451115697335617e-01
-8.137843295356983475e-02
3.918033395941791230e-01
-4.744969083190622161e-01
-2.429652087647478087e+00
-3.983861732742779993e-01
7.023076080583914305e-01
1.601006880804403565e+00
7.263191307334591063e-01
-2.927896662270970118e-01
-2.631801051722713058e-01
8.088654195866320507e-01
6.931704552845256995e-01
1.428266086412586677e+00
1.377193783226393631e-01
-1.215602464586565290e+00
-7.219816682115194340e-01
5.789478896369990579e-01
-5.269386912706703896e-01
-5.474895343675090231e-02
3.551898594772540108e-02
-5.160089812341139837e-01
8.010623043863907000e-03
6.798871303929556742e-01
-2.254461410187815318e+00
-1.183817792827528415e-01
2.239884351061185441e-01
-8.385632555919220188e-02
-4.490419113753070235e-01
7.564378270165732498e-01
-6.607076042737747290e-01
9.085907467141305371e-01
-6.873000852600672506e-01
4.214236690828447873e-01
1.305096354226620292e-02
3.393535438591377407e-02
1.202643529118727628e-01
9.439117578639941719e-01
9.926480871806957484e-01
4.710851167606133760e-01
-7.853961680459109473e-01
-3.998256761472154253e-01
5.632410792194546545e-01
2.368879871719149488e-01
6.390726886273210283e-01
-8.611639525891439106e-01
-8.815131819960804194e-01
1.044856295882796715e-01
6.074736932670488088e-01
9.307858063166600804e-01
-8.407924883024133766e-01
6.203424144676459306e-01
8.829641613254479715e-02
-3.341862832920450277e-01
7.025015082161905067e-01
-1.590932378094422894e-02
7.060894195310332133e-01
-9.600618144731183357e-01
4.071056028030135554e-01
-8.602396901255020545e-01
-5.747036621519920896e-01
-7.421155413609579199e-01
8.998538489585252709e-01
-3.427646430544832867e-01
7.889986354484694875e-01
-6.581819391954712994e-01
6.745739495993907653e-02
-6.772978586560896019e-01
-1.382105851559753962e-01
-1.163929144524513681e-01
6.423233253433879852e-02
2.900796112778811775e-01
-3.275498897753291727e-01
1.632773488295384823e-01
4.150349807824357251e-01
6.386464155794757680e-02
4.094294760611705275e-01
-3.199648514949171574e-01
5.173758631390854568e-01
4.271253513414796643e-02
-3.732073299189204718e-01
-6.439176509381625557e-01
9.185536551336417332e-01
-4.660108819357666743e-01
2.764571370498107861e-01
-9.743799738976091085e-01
-2.084989336164242424e-01
8.262826817651696132e-01
-4.541040277029475547e-01
3.312111806300412908e-01
4.895057453714724005e-02
3.281336895937947418e-02
7.837806865896981279e-01
-1.343213903388178476e-01
-3.780270701689973922e-01
-1.277655727317196233e-01
7.604951789337488499e-02
1.323896088248806002e-01
-9.869742353439137084e-01
-5.127642098746600929e-01
-4.524341249051779812e-01
-5.279650180604544829e-01
-9.224791130409975004e-01
-7.060422119297575794e-01
-8.931368094199605423e-01
5.154145468136739350e-01
-4.509140967346790263e-01
-5.152883775120375986e-01
-8.947716974201334050e-01
8.740442549999039024e-02
-8.648305062749341854e-01
6.136475568497252731e-01
-2.859531309313245728e-02
-9.266239101724496052e-01
8.271931488964741064e-01
7.912291869820451407e-01
-4.541624963624981692e-01
4.315789413969071120e-01
1.695541938310074492e-02
-1.458994350743278989e-01
-3.910499498993911249e-01
-6.707320758309631703e-01
9.515610346141190057e-02
-6.405895163586916574e-02
3.069644570088696511e-01
5.111562957584612210e-01
6.564058618997101746e-01
-7.583642865845163783e-01
-8.026494313601548747e-01
-8.473040178752566653e-02
3.971744422857097501e-01
-9.496572377823462308e-01
-1.464140492312209441e+00
-1.819574495591638863e+00
5.891852275781512827e-01
1.527520436381087476e+00
-1.351524176858551751e-01
-8.747159729518125815e-01
8.397447167941016755e-01
-4.017217007558926412e-01
6.403768316399789384e-01
9.820932851227712757e-01
-1.231739055461789967e+00
-5.722124148232405894e-01
2.409414972225185636e-01
5.867960929333355669e-01
-6.572684675475002347e-01
1.975542025025642245e-01
6.706743161582107149e-01
3.707659447471074454e-01
3.607119430742056210e-01
-1.728658666676394784e-01
