-1.527814341712627311e+00
1.895800319733635941e-01
1.062330088706941567e+00
-6.215853234016706086e-01
4.637971674065204386e-01
-6.882651288827490443e-02
-8.780169301593541142e-01
-9.866830469831391337e-01
9.793548856036566885e-01
7.398637687727931400e-01
-1.149531365018770623e+00
5.062006981480182688e-01
8.096523327303333240e-01
9.808716193397071237e-03
-1.992408316187692652e-01
-3.455429476515150533e-01
-6.255250629787538763e-01
6.273833627168095006e-01
4.444347710849561039e-02
4.873258896784982142e-02
-5.282606319868372591e-01
8.993778584372733587e-01
-4.365846355476046270e-01
-9.864363693218227702e-01
-8.710181160713459381e-01
1.533571688713426528e-01
4.140233774369428410e-01
-8.353856736612399470e-01
-9.973482625426701720e-01
6.821240791237743739e-01
5.176112297277766228e-01
2.813668566687237416e-01
-4.975624024480107543e-02
-2.709844633768123678e-01
-1.615573666496663563e-01
3.170399300283077704e-01
8.251777925823440274e-01
-2.351649723173834250e-01
-5.302176171094394874e-01
4.010591109625833983e-01
6.858166980485307374e-01
-8.011426433212571752e-01
7.039271990483517705e-01
7.886479938382964239e-01
6.755074384123840314e-01
-1.718079263488787589e-01
9.276958386897302677e-01
4.142878485720062898e-01
-6.387066044305007573e-01
-7.908321606588439856e-01
-3.361671614090311344e-01
5.638318873400482989e-01
-5.674106790739807948e-01
-8.516040868867331692e-01
-3.915976382690669055e-01
9.007637058989323986e-01
5.723014601466862583e-01
-5.757044304955072356e-01
4.841778652410211325e-01
-8.853442339701023123e-02
-9.820359345944145169e-01
8.981266222240646968e-01
-9.297440842779511883e-01
9.803405105492069005e-01
-4.895410788827874171e-01
-3.005206743726298591e-01
-9.981537136347322647e-01
5.547026323999759700e-01
2.475542783194371044e-01
-4.140652196697565124e-01
-8.990196119516098427e-01
2.200559374735324702e-01
8.986349655167777950e-01
-8.394484726340787351e-01
-6.956186362790275357e-01
7.638280106666346381e-01
3.997690878435613548e-01
-4.499465928659454050e-01
4.746381097306626717e-01
-1.305646097805555073e-01
3.735477067371217874e-01
-2.714826170173996189e-01
7.403970908656047900e-01
7.480192389258379926e-01
-4.457155042061384798e-01
2.748824631696402676e-01
3.123666052538272009e-01
-3.504868982972904057e-01
7.850074953196299887e-01
7.108268596031499520e-01
5.677097846643883727e-01
9.425859088626877824e-01
5.438745471209305293e-02
-1.156517512877615061e-01
-8.097430081733449914e-01
-7.437896255366838183e-02
-6.699441037605926574e-01
-2.963675872997333371e-01
9.941607378989552046e-01
7.239813059988964294e-01
2.484468724595689793e-02
8.711029765626765453e-03
2.454405412668843045e-01
1.383853862132737866e-01
5.162974186571396285e-01
2.956200626223297601e-01
-2.067600432310334746e-02
-4.271998021455087891e-01
-2.385963182716066555e-02
-9.227012755320938009e-01
6.784350687104871991e-01
1.243475607813568917e-01
8.724501652868963397e-01
7.962013895057662438e-02
9.572637582430116865e-01
5.123884510187006747e-01
-9.042967795515655105e-01
-4.804675259828061762e-01
-9.935410891818099444e-01
4.106667564915051916e-01
-1.878868521113128409e-01
1.696711624903677329e-01
-9.659006402250320811e-01
-1.556010164156846898e-01
-3.566968418087905768e-01
-2.485027177843663893e-01
1.817822208510400106e-01
9.677356177740905618e-01
-7.750445294088579296e-01
3.521645782334543728e-01
2.909949903305242280e-01
-4.744055962274305038e-01
2.924420214445877519e-01
-9.392595819254756506e-02
7.962276979773428298e-01
3.633247593175947809e-01
2.403361183042411753e-01
1.705201701720384655e-01
-4.620566380606936363e-01
6.503981866307375626e-01
-7.504463269736403319e-01
-2.618519111576067537e-02
-7.581912295113060196e-01
4.603214820443297661e-01
8.297331298293126878e-01
-3.464727671185288127e-01
2.375355057612769105e-01
6.607783072165203109e-01
9.656124957139731180e-01
1.730321200838447204e-02
5.719964257299694488e-01
-3.856315015638756005e-01
7.811430890209942746e-01
5.770815002556033413e-01
5.165849597203970855e-01
-7.637655212253888770e-01
-9.617011111118511923e-01
-6.570712478577993565e-01
2.284386757765948239e-01
9.748437075428162402e-01
-1.530136019082068977e-01
-1.413556032608154212e-02
-7.137552889724962935e-01
1.887459829547126766e-01
-2.539975910097131973e-01
2.468283968995588218e-01
4.418361141130879854e-01
1.282296001699152477e-01
-7.904224069491831983e-01
-6.973502927044628041e-01
5.205367008196428724e-01
6.418027621983275477e-01
-9.405886506099359057e-01
-7.884079593465460611e-01
-3.549871872985581600e-01
-8.907335732454393362e-01
5.088344457511828622e-01
2.007570242233167601e-01
-4.566322335387420495e-01
-1.577829434471733627e-02
-8.791157113312191296e-01
5.855824430027773975e-01
3.180714522355758689e-01
4.184296687834017092e-01
-4.244471977399504325e-01
1.521685037505162708e-01
1.672066220338970233e-01
-7.840400950909067745e-01
-4.710045051243558767e-01
2.534778210928883002e-01
-8.397286183688370542e-01
6.652722650070268529e-01
-6.028117719685748277e-01
6.986088591324883801e-01
9.149219833233108723e-01
-4.157375911889416020e-01
-3.484558083827886676e-01
9.078764815399631427e-01
5.380489779006603079e-02
2.980903002861308160e-01
-8.732859905145962109e-01
6.100406769745549962e-01
1.724292496527612961e-01
3.861015342069364920e-01
8.416130009978943782e-01
-4.193316812371159497e-01
9.174329103138385566e-01
-7.422070421297666254e-01
2.831681007875967993e-01
7.114024797803812916e-01
-3.946905606826967006e-01
-8.002749213508917325e-01
-2.327991365820225589e-01
-4.599129304116580386e-01
6.828434212363914124e-01
6.519692101521521455e-01
1.905294184670156543e-01
6.777088613626180980e-01
2.748868615731638876e-01
3.297730666626264018e-02
-9.514627501534211884e-01
5.480402068950966932e-01
-8.796704867533353678e-01
4.592044746874124894e-01
-1.568317987393349489e-01
-7.672928714255664584e-01
-8.820242569636329577e-01
1.568505171986649405e-01
1.693654818822323271e+00
1.170628092222152583e+00
-1.462945024047347609e+00
-2.880635616941960020e-01
9.547241494141016638e-01
1.916733591054229358e-01
8.097891693030028204e-01
-5.430195224480304228e-01
-7.162686855146263021e-01
5.543337038517207604e-01
-8.754797539425933639e-01
9.337392954208967311e-02
4.294081061690390722e-01
-7.259400482552016420e-01
-8.910018092194649242e-02
6.233725594108954215e-01
-2.531937577020804575e+00
4.699515478170293026e-01
-2.594049721304962475e+00
2.622828572133897307e+00
3.469005381309460678e-01
1.626689157182803491e-01
-6.637182031707102858e-01
3.053759271037767675e+00
-1.003206889194542706e+00
3.152111245075568391e-01
4.484319828957963328e-01
-2.413081182628451504e-01
-1.533570078505857470e+00
4.771619251828393971e-01
2.297491548629944091e-01
-6.550986971979138040e-01
2.876931985104138612e-01
1.432356764249878012e-01
-8.793006978894701842e-01
7.966471331822890800e-01
-4.813681416962978799e-01
