-9.149544655975800911e-01
-8.862492113292226303e-01
8.409397947578605148e-01
-6.316729243732082111e-01
-2.645140991406067510e-01
1.767480659103717322e-01
-3.162148336677879090e-01
6.625755776661010898e-01
-8.632293529752870231e-01
-8.804527595844953147e-01
-5.779472410817576566e-02
7.831450353421287591e-01
6.392157500188238028e-01
-8.770061247852845021e-01
5.217283444687825789e-01
8.061159271499660495e-01
8.289782206698235179e-01
9.258432284017235059e-01
2.722554786594066911e-02
7.539341432370536555e-01
-6.598463088759414230e-01
1.438145614965926633e-01
2.413711922433379176e-01
3.131659357820550937e-01
-1.885381657053137872e-01
3.342090860000124231e-02
-1.199044121432188970e-01
4.008691838171112298e-01
-6.822985055980219649e-01
-6.658798082187271650e-01
3.929489211355141620e-01
-4.729319018208055780e-02
-9.035365013376264187e-01
-5.942130626402615245e-01
1.063900709079839135e-01
-2.192017759937625598e-01
-4.899928289321977548e-01
-7.618675383162494263e-01
8.028246884403575923e-01
-6.639416894359999599e-01
5.192965651854617448e-01
3.138007903606965243e-03
3.256788142282680543e-01
6.629241971180555026e-01
7.127551056830576659e-01
-5.641700878810889108e-01
-3.856784550973217929e-01
7.830536246462140859e-01
6.769323296677647317e-01
6.279212082044347554e-01
1.004177124495089224e-01
-7.650122359077626832e-01
8.939024183095896081e-01
5.909808647351506572e-01
-4.919474886561281401e-01
2.764779780158490574e-01
-8.691656786525383538e-01
-2.183381599125677752e-03
-4.052421255633584796e-01
-3.226211979859527901e-02
3.452521825115473231e-01
-3.429485329517081293e-01
1.287264429334245008e-02
-9.150504460666553097e-01
-2.998519722848511648e-01
-1.650478018062946362e-01
5.345415812039322478e-01
-8.709548565811191523e-01
-9.718304582691215110e-01
5.556883250164825760e-01
8.744112486514943328e-01
-2.989451012995185675e-01
6.026605410348604419e-01
3.281973570588703204e-02
7.489617674319903884e-02
-4.468638432634075563e-01
1.566283802262993241e-01
-1.277538747261501850e-01
9.369699558982576004e-01
2.215016743705544577e-02
8.101288492645997152e-01
-9.754458675807864410e-02
2.271560098705713848e-01
-7.089785185150354607e-03
7.789599204207080518e-01
-9.187008132376366376e-01
-4.185246672881965946e-01
4.189007930943580149e-01
2.781112425990774906e-01
3.193016851891159469e-01
9.563257578264972025e-02
-9.735132775924419946e-01
8.975226715593309645e-01
-5.272818886276415817e-01
-3.175117745257813873e-01
-3.120043109982519880e-01
5.819665686653097136e-01
-6.252212546356126222e-01
4.142739973455087377e-01
5.257991485621928973e-01
-3.223297733323835512e-01
8.365466421588956258e-01
-4.907220855507707924e-01
7.444400267162516460e-01
2.405469546642811096e-01
3.324183378293774638e-01
6.319472968508417221e-01
-6.146864293363043519e-01
6.284556950226269922e-01
-8.660396282549904790e-01
7.806189335043793864e-01
8.922802309959054767e-02
-6.641766647856497396e-01
-9.510899619075150468e-01
-4.284786096795738519e-01
-5.915904247472441035e-01
-3.832155575040869788e-01
-9.642635128772665265e-01
5.311547567699101968e-01
-1.054231083053651652e-01
7.190807041742786065e-01
7.277784226549235402e-01
-3.040803751208107641e-01
-2.773971311249321392e-01
-5.944785164053030257e-01
-1.120530498171941058e-01
-7.918780797441127284e-02
4.399223243898651159e-01
-9.468358043496809540e-01
7.541512693698160241e-01
-6.121010814026921487e-01
-1.072532884284571608e-01
7.914474602915391177e-01
-2.757420792375138152e-01
-2.677273624475378089e-01
1.122119461889712344e-01
3.123831847497511305e-01
-7.485661690540308388e-01
-9.563931728246510833e-01
6.987151202470620603e-02
9.615297657850914170e-01
3.050448390783644381e-01
-2.376262148339767233e-01
1.547813860506439543e-01
1.643478834316209891e-01
-5.129720772669297268e-01
3.492368414359057205e-01
4.856041347535091646e-01
6.334314993738965338e-01
4.237254631492266554e-01
1.245601544912486869e-01
6.612322448207914594e-01
9.553983648315005350e-01
6.597845621122493398e-01
-6.921989126920891078e-01
3.891984987595169532e-01
-9.813629765371121305e-01
-2.589860818967177902e-01
5.939722684464372460e-01
3.380971461584423299e-01
-2.976919972011771165e-03
-7.267384874111504356e-01
-9.742232260517602604e-01
-3.260097590604684736e-01
8.421678340710490041e-01
4.516788554764761265e-02
2.951959188847637083e-01
6.283673050093716572e-01
6.902648446361068224e-01
-8.829958949068255070e-01
8.937479319875947237e-01
6.974529341352111445e-01
-4.920953061676791584e-02
-7.942988567269346767e-01
-5.502894970053133772e-01
-6.289262784344469281e-01
2.277748193631663476e-01
5.845368672694517542e-01
5.368202359929865608e-01
6.117907573788905484e-01
-2.596856867627765908e-01
2.455116758826343393e-01
-4.013098280403948337e-02
6.190343702708489548e-01
-5.538772326059104856e-02
-1.345480681516491028e-01
7.652126145065241136e-01
-8.267662701095628286e-01
1.136060125608049365e-01
4.162328914656718837e-01
-5.376836201901917800e-01
-3.434993070659166925e-01
-3.288430772000603408e-01
9.097224078388721491e-01
4.187948570878861076e-01
-4.598483314851764536e-01
-6.815180802986056108e-01
9.564230986168817950e-01
7.225709927973882341e-01
1.726059737537330996e-01
-1.893922262489862174e-01
-4.304458705244278427e-01
2.542309658991899202e-01
1.029871187711550728e-01
6.169521772995649744e-01
-4.985841939536668210e-01
-6.249112471994904272e-01
-9.406757662861195968e-01
-4.179517125981324632e-01
4.209796515870583011e-01
-6.641133366876188493e-01
8.178985565045184813e-01
8.079139420821093154e-01
2.614081700663062335e-01
-2.084447092994707873e-01
2.157789450724110214e-01
-7.442067150182030133e-01
2.541935381093221036e-01
-2.075205898043339658e-01
-8.819165469213978703e-01
1.251614171406467690e-02
-2.234127654588673462e-01
-1.151226628997212842e-01
-4.587526570888711408e-01
-7.530543808522627280e-02
-9.718434351296589835e-01
-1.925296722028517760e-01
-6.356332108228615052e-01
-1.773331193928813221e-01
7.618983036307320766e-01
-4.823675564666385363e-02
-2.635545402336350040e-01
-7.336379718068721800e-01
-1.861608391645201976e-01
-6.957754279499472894e-02
2.406246073954676490e-02
-8.355172531283845405e-01
-4.523112088610521386e-01
-9.631164617322687249e-01
5.557600837407452588e-01
-7.968649273296284363e-01
-3.845489636820853541e-01
-2.643485422209068680e-02
7.892215777804996168e-01
-4.549351314785265998e-01
3.027324240803448419e-01
-6.765954691923008468e-01
5.068693973792426366e-01
-6.006049140554061694e-01
8.455657802110752019e-01
8.201742718518456599e-02
2.924658731520120014e-01
9.902235592352672811e-01
-1.882325397276738421e-01
9.553277067567411684e-02
-3.677299878924005228e-01
4.147056091302678826e-01
4.327552410648045633e-01
6.918961557999407930e-01
-5.880912849799004860e-01
-2.613124530875814422e-01
-9.999754929510824564e-01
4.667024969166815307e-01
3.379121212323663581e-01
1.800424065038506161e-01
