3.243260354055290673e-01
9.455304073515402585e-01
-4.676694934977123630e-01
-9.682876986099648864e-01
-4.737427113710057647e-02
-3.381122434514631792e-01
-4.496265715215703729e-01
-6.975222950976589509e-02
8.718493558554551992e-01
4.232071928619343115e-01
4.596907797865963374e-01
3.054514360503985948e-01
7.773783490132220031e-01
2.777016346283556203e-02
-1.254960576185302212e-01
9.892457739519151527e-01
-7.122317877369706007e-01
-9.111749927835679497e-01
-8.443054661259958849e-01
-8.781738138116086390e-01
5.056284452832082721e-02
-6.502700919339037267e-01
-2.054862738900298247e-02
-8.722562329073753062e-01
-7.350175732665391592e-01
9.924097766297219625e-01
1.334161830895994605e-01
-9.702839891736807498e-01
-5.727683989990000057e-01
-9.762835661792959030e-01
1.899556164176954276e-01
1.739439474645478878e-01
-4.639380074628223216e-01
4.508807751391228358e-01
2.014573287790772937e-01
-4.733598829481240333e-01
-3.962605290816585413e-01
-9.010857596670114322e-01
5.759386476406636035e-02
-7.958921057998646909e-02
9.764718688483799980e-01
9.945324994289193032e-01
-7.412090812388305583e-01
1.906899805051776031e-01
-5.311596925363084587e-01
-9.886410734308821446e-01
-5.397107062187371795e-01
5.541523100898322340e-01
-7.386218227076257747e-02
-9.910334639002167378e-01
2.323776827041732496e-01
-3.499266752004852599e-01
9.745302815210712399e-01
-6.120104507616057621e-01
6.186242280119138570e-01
-9.446626257417405359e-01
-1.238761468974125535e-02
7.929958582933038791e-02
2.494798354508438454e-01
-4.450785104627488220e-01
-5.970895454905063016e-01
1.961620859514461301e-01
-9.804066822783308321e-01
1.924525067511089205e-01
-2.770486046051436890e-01
9.783814998170670130e-01
8.448171911699156045e-01
3.303198661031696570e-01
-6.070519637629194776e-01
5.708713246293584120e-01
-2.827903464798675603e-01
-4.039409784292806727e-01
-1.852100445566409181e-01
2.614920041862993649e-01
4.084288848910553327e-01
-1.308160105530893347e-01
4.253885364121106072e-01
4.103867028439038833e-01
3.072099355107165142e-01
4.547122426565892717e-01
6.702750558046217666e-01
-9.109656900850293670e-01
-1.836626642711092217e-02
4.849044760399334741e-01
-3.684316451361000500e-01
-8.525307023005357365e-01
-2.794556528334730672e-01
3.385075248873108400e-01
-3.553038888751265389e-01
7.537705325756978159e-01
-4.795755567251909213e-01
-3.496889217701624197e-01
-6.938553984519253426e-01
7.267677217222714425e-01
8.351805492496064964e-01
5.172900174418293417e-02
8.173748761241519389e-01
6.934051886375667273e-01
-8.056478480689932553e-02
2.191276659542040761e-01
-4.177274328401794357e-01
-3.107208578586373449e-01
9.161267372377968066e-01
2.627007875976650197e-01
-4.446876238937751413e-01
4.309310569558020276e-01
-8.354072724389076665e-01
-8.403239914475897354e-01
-4.557320074416655320e-01
1.269027445227128847e-01
6.399558209230105099e-01
9.624756198566171150e-01
-7.492217614827427763e-01
9.207494187170799371e-01
9.743566470384330547e-01
1.622682069875931443e-01
-4.116219038852535483e-01
-8.629252416570627471e-01
-4.941895498534478737e-01
-2.721983218146908357e-01
-4.987244276292124301e-01
9.625481062328764548e-01
-4.355445986209955933e-01
4.846097223173937429e-01
-2.553232718588305250e-01
-7.936924581923385791e-01
3.779196925252368278e-01
5.670745681643578617e-01
-8.958641463842360597e-01
-1.206061128639395186e-01
-3.196079841202739136e-01
-8.325505887439677011e-02
-2.043090567407603864e-01
6.937816217325301071e-01
-2.588661243409324797e-01
-1.106199016669211499e-01
6.952552538592289277e-01
-6.919879183234212139e-01
-3.772870556065592851e-01
5.390835353046514733e-01
-4.448183324493537594e-01
1.836036870557620215e-01
-3.058623792744892267e-01
-3.262664325697579581e-01
3.888728548455129275e-01
4.479266143285889346e-01
-5.508552834949214105e-01
9.062541062828930460e-01
-2.557858731384894391e-01
3.926419482412435435e-01
-2.932143193156799832e-01
9.262387726195091542e-01
7.792697860028803269e-01
-2.764603841432256015e-01
6.776150206995357195e-02
1.244888769051415434e-01
8.023440762189355535e-01
-9.769129073033089306e-02
3.157204149129062554e-01
-8.230611497759006134e-01
3.205924562330650929e-01
-7.854791215696574902e-01
5.913402138607783964e-01
-5.831068080769061801e-01
8.336559503056348852e-01
-2.343824173985236126e-01
7.604930476975166886e-01
9.369455674004911749e-01
-8.683187819124968954e-01
-2.385365681484996614e-02
-8.434807180127161796e-01
-9.565617557339098909e-01
8.164478465261768569e-01
-6.276867220208015574e-02
-3.058552227658115630e-01
-9.180690151415249467e-01
-9.463889426757625678e-01
-6.337533230005254481e-02
3.103437656516816467e-02
-3.234088006302866525e-01
2.701712718631072985e-01
6.209882934299775226e-01
6.283818699547230047e-01
2.086155784681869019e-01
-4.279252180506070147e-01
-4.824103097009679875e-01
-5.208959937298434095e-01
-4.790020569585766719e-01
-5.703254568992235374e-01
-8.227516057301409447e-01
-8.186813552035183683e-01
-3.122133888294760240e-01
2.495932225664589943e-01
-6.448763208235612776e-01
-8.888631301660177009e-02
5.949062642548528235e-01
-9.557263204470232143e-01
-9.776594652309023026e-02
-9.207761159595051481e-02
-5.945210163971446082e-01
8.066709470919823932e-01
-1.333976182810514555e-01
-2.151660927416891855e-01
-8.237457806254162573e-01
-4.017877287831548294e-01
2.279386293144811670e-01
7.047887641151340254e-01
5.652875280351850051e-01
3.696750043206957770e-01
-6.487519303111448643e-01
3.002582519592933430e-01
-1.575286288053781014e-01
-8.506826739162738349e-01
5.785482884454171693e-01
-8.899644602840297569e-01
-8.986902305228581245e-01
-6.063516427960804478e-01
5.736657646339320404e-01
9.769973090726615794e-01
3.717514616627959345e-01
9.719429208213266058e-01
3.933227306388276112e-02
1.095178215083216777e-01
-3.005147952417364099e-01
-1.745626756925313661e-01
2.068912631208994490e-01
9.475672445328391369e-01
-8.829803589393105945e-01
4.996320860299865441e-01
-3.913556113656877500e-01
-8.866445321255693734e-01
-2.803840009800668831e-01
-3.228300853434078466e-01
7.637881323355404373e-01
3.602962298306457978e-01
-4.287654315433460095e-01
8.947970426491735907e-02
-2.516856855353297728e-01
-1.405971746093026553e-01
8.656571577589429189e-01
-8.720771486878959866e-01
9.427590098034652755e-01
-5.712839832063099088e-01
7.787087886384798097e-01
-5.828920533983079633e-01
-4.691228974632042359e-01
-3.181518588407064030e-01
5.997191339047516223e-01
9.873806278182979401e-01
-3.491584181347948679e-01
-1.724723425052054893e-01
8.526791107791076296e-01
8.291491332823519578e-01
-2.936939457552958377e-01
8.538595699118647353e-01
4.028277858813262835e-01
-5.355543418602328742e-01
-6.779276443927664264e-01
7.072338575322072440e-01
-8.933335279067977641e-01
8.677898131160384221e-01
-3.702704552531792537e-01
6.626690628513067782e-01
-7.426024025411503970e-02
5.992726129758554343e-01
