-8.500952678904265536e-01
1.782733207703753653e+00
9.888286530107071037e-02
4.795696655687389232e-01
-1.361788631141549466e-01
5.610111228150040930e-01
-7.177008337928536541e-01
4.811581363836892056e-01
-6.366868139944104055e-01
-3.302102463380847119e-01
-6.420344772373764997e-01
1.795535716589541364e-01
1.123700324528080774e-01
6.100470369909434254e-01
-6.372584101058134110e-01
9.620290533716802095e-02
7.427107153206491397e-02
-2.980845391048669857e-01
3.553421212691443287e-01
-2.915579922054265527e-01
7.144394945473377945e-01
9.493319508881001845e-01
-6.713696737964087724e-01
8.431495341389793063e-01
1.152994591833200300e+00
-5.668448819342080114e-01
-1.187438748461132398e+00
-7.564114798704315579e-01
-1.741973523242275057e-01
5.999705620588657862e-01
-1.428980494747910668e-01
6.317108091262646496e-02
-2.034850884872683174e-01
2.894654953098012573e-01
7.431465649799178230e-01
-7.484046993243765877e-01
-5.475444078144913185e-01
1.977758058709335742e-01
-6.349849875963484713e-01
1.001678291798726361e+00
5.048461601412059796e-01
1.476718889737864693e-01
3.387884279326409676e-01
-2.290472560126310952e-01
-9.241559857285994717e-01
1.397203530168371621e-01
-9.894195769391289641e-01
1.118299807659066669e-01
9.945977657028179930e-01
-3.036837571460471175e-02
-6.061846115082778486e-01
-5.878268887320339253e-01
-7.321035575799352824e-01
3.256599791033067959e-01
3.833734635288976733e-02
-4.528757831504972575e-01
-9.735652519477400180e-01
-1.355713588280740733e+00
5.766718854675521033e-01
1.936864812621559295e-01
1.111594748646062003e-01
-1.729382573778810439e+00
1.171343922966783246e-02
1.453361199961683781e+00
-1.567232634678814351e+00
-1.953089463251988400e+00
-5.105703335091034134e-01
-2.373080894933177198e-02
-3.912225051228099826e-01
6.357105187150835501e-01
-1.117879748367408110e+00
-2.215366210185957807e-01
-1.090618679485277909e+00
-3.223268936393930417e-01
8.915323555452530080e-01
-1.315371170486310248e+00
1.749567274036172293e+00
1.314619283583748910e-01
8.502639666826747877e-01
7.014655502797915165e-01
-7.124889630649475780e-01
4.115976896858832834e-01
6.656746912740165723e-01
-8.540558755678719915e-01
-6.223464709891410873e-01
4.296680281072057794e-01
3.383371944048851887e-02
-2.884663161868141756e-01
4.129422417753327024e-02
4.017650783555342109e-01
6.564912515088894285e-01
-8.861400466272411069e-01
8.041560356356480810e-02
-1.338526052757060825e-01
9.817247502323782626e-01
-7.239002797147795487e-01
-9.055983024392476599e-01
1.418837277283570453e+00
4.608508516086702311e-01
7.141817063349242822e-02
1.403765102158121225e+00
3.557512664739783670e-01
1.253100708307837152e-01
-1.642779809551704329e-01
-2.024613181443953303e-01
1.241670648419007650e-01
8.253664196155441335e-01
-2.986233633599506554e-01
9.220638340188092030e-01
3.566633548676587662e-01
2.730035836676279359e+00
7.774221573340185376e-01
6.152582913245694396e-01
-1.068649881105119714e+00
-3.608184890381949117e-03
6.650679917421273846e-01
6.800010228734135742e-01
1.416230065785193171e+00
-9.730488958242324848e-01
1.084856261885803530e+00
-1.396280678839463274e-01
-9.664974922008287006e-01
5.676937475883785389e-01
-9.139235487136376790e-02
-3.625922818292144356e-01
2.653414519941148964e+00
-7.399515313800655303e-01
1.578850080676428291e+00
2.201265030161019709e+00
-9.212020850068214362e-01
-6.661461696836192825e-01
-1.150212706190626155e-01
-7.824408406115666015e-01
-5.325820560159451045e-01
4.771224147280836991e-01
1.025895654406584256e+00
-2.594846610526111430e-01
-3.082232431415317109e-01
-6.409391014250727103e-01
3.285811175975039689e-01
3.090435095704326951e-01
-3.991814879114854442e-01
-1.532057244624420722e-01
9.983451750307377193e-01
-8.868303510847299620e-01
-7.879941472078251241e-01
1.098240608957653075e+00
7.681855838512876566e-01
3.772465244055855926e-02
5.481403776825855001e-01
4.218007079406009829e-01
-6.103753471262175490e-01
-3.438289204323339288e-01
1.090215333215978077e-01
8.389848608522691986e-01
-2.173127769729805259e+00
-7.115285950948901927e-01
-7.969626167501999703e-01
-8.977582693798158431e-02
-3.251932999176405659e-01
6.091089863207206356e-01
-9.980717801876755058e-01
-2.179670770587951445e-01
-4.631148420588115933e-01
-4.238771010576232179e-01
9.636645788152045089e-01
4.896876616554419748e-01
-2.537715819786201532e-02
9.419911690302440466e-01
-7.851397845284502353e-01
9.445187403805508364e-01
8.426887640697942050e-01
5.599354912828422570e-01
-3.088811017232320766e-01
-2.066468296386174686e+00
-1.388516030571347315e-01
4.451135474507568190e-01
-4.736361532516628614e-01
9.182861667660668914e-01
-5.762683019387457861e-01
-8.777992430904308918e-01
-1.714452797026204678e+00
-6.645348507975135099e-01
-8.084237954957669281e-01
-4.455751596790946678e-01
9.359435384465708552e-03
-5.736625179066656699e-02
-1.421538195288103434e-01
-6.151487855642310265e-01
-1.916323632485381623e-01
-8.007099702806134145e-01
-9.820233535695974680e-01
-1.795871722550928862e+00
1.695071357802098388e+00
4.186667367854643995e-01
-1.344401387754267541e+00
4.154340083586114396e-01
-6.639154916683123187e-01
-4.835679998608484187e-01
4.288981294554841117e-01
-2.445178240241450141e-01
-1.571390759094073442e-01
2.034168188126481702e-01
-1.572811753201574181e+00
2.731021674962930135e-02
-4.148576289920184457e-01
-1.451423066615618929e+00
3.053958499457675169e-01
-1.985421838189427524e+00
1.912124090326022541e-01
1.979865362851276345e-01
1.985943197402331162e-01
4.257766453048110744e-01
3.025371939110366171e-02
-8.720132680069043740e-01
-3.678431806904796098e-01
-2.955836250326382419e-01
1.332832023312569003e-01
6.937770023422000776e-01
-1.230874683519025403e+00
1.506289013013042410e-01
-5.446477578633437400e-01
5.246639051410417753e-01
2.862155615386217100e-01
-7.723622120972706284e-01
-2.026940791258520225e-01
2.366790869421531163e-01
-2.106463114456038621e-01
-3.347017432337267007e-01
-8.663553292313130871e-01
8.735407103716341659e-02
3.064940744454385246e-01
3.649424558199005908e-01
3.690482000121724226e-01
-1.574157632386430805e+00
-2.528458167607825491e-01
-1.028098138269917250e-02
2.038082039654736111e-01
5.008747163804712077e-01
-8.265320229166217558e-01
9.022242724819407034e-01
7.929501772695750628e-01
-7.803425327961217572e-01
-4.499935141972037922e-01
1.626809297298521528e-01
2.894567637659086312e+00
1.479519904738533231e+00
3.782783515506915606e-02
4.320895616112263582e-01
5.464992599530567041e-01
1.039628950215456538e-01
-1.693739011768902181e-01
6.569994904991616202e-01
6.820168540128903611e-01
-5.859347541404821280e-01
-6.632597582909549594e-01
-6.862877735203811724e-01
2.174335489788108866e+00
-1.846163558233371305e-01
-7.064294130275292627e-01
-8.775853907470210213e-01
3.938812177684590798e-01
5.550630685529123198e-01
3.774584329869430377e-01
-8.789610675823276154e-01
