6.448529003020546657e-01
8.917061675708448654e-01
4.477003646445656404e-01
1.217945741340339172e+00
1.855335297464735245e-01
-9.597092165145835185e-01
2.281116463322088173e-01
-9.513476088373603590e-01
7.636934964259312064e-01
1.432888922242596674e-01
-5.626625384772685479e-01
8.233277717477089919e-01
5.416336151728113890e-01
6.335720402374127591e-01
1.660632652860347669e+00
4.719364318218031151e-01
-2.067418551962962869e-01
4.691052892695191101e-01
-2.480815777176419434e-01
1.528084559063815906e-01
-7.763618310267750289e-02
-2.824662388635301724e-02
-1.609519408919604100e-01
-2.153219962437189494e-01
-7.435045997866587264e-01
-7.867438306291409944e-01
4.197271122419947709e-01
9.561907394731108401e-01
8.196097391927854581e-01
8.007116322911185247e-01
-7.710481107920097443e-02
-4.964133348584105487e-01
4.837492386854473914e-01
-7.729095910428009919e-01
-4.903044307067012664e-01
5.013285510552403235e-01
-4.398171370964034654e-01
2.320853913232112653e-02
-4.186283927342249189e-01
2.454691186523008994e+00
-6.027894620856069086e-01
7.844375801879956978e-01
-7.038331197658085348e-01
4.864382525280970260e-01
2.547552410760536290e-01
2.695527672565370292e+00
-6.339436290985391853e-01
-2.016917233568402690e+00
7.371213055463312624e-01
-5.927981767126462298e-01
-2.394852343510514014e-01
4.230861590444763287e-01
7.522344796035660419e-01
1.267189478476833386e-01
-1.392248157295725708e-01
2.420087016981367078e-01
-6.479654028778503161e-01
9.194055672945953273e-01
-8.092625853959134474e-01
9.071382689729488025e-01
-5.273983608114678479e-01
-3.090255567101578560e-01
8.218567685520723476e-01
9.690627640913946905e-01
5.745394102713652362e-01
4.284446634277292443e-01
-1.272995581928046960e-01
2.432420332680447217e-01
8.320503750420042977e-01
5.999280685842933725e-01
-8.728177785582411641e-01
3.909958782087090690e-01
-7.430652546952654092e-02
2.279314619375290007e-01
-5.409752141270376402e-01
1.156087212563245981e-01
-7.417106665838184565e-01
-9.502057306987630181e-01
4.472150807357528901e-01
-7.130888282029006486e-01
-3.561077330754480741e-01
9.821965972049808702e-01
3.910656429191823324e-01
-5.683302465285120508e-01
-2.185494613042300305e-01
-5.140578403557254372e-01
-9.377810851686241289e-01
2.537637982535696501e-01
9.035670444930736789e-01
-9.766749782487726961e-02
-5.556046898600848216e-01
5.821545851543779015e-01
-8.301613313603626310e-01
6.568130398839324702e-01
-9.179722685116133984e-01
-6.617730005436244234e-01
-8.671832695495718113e-02
5.815929308982972223e-01
7.796129425433311333e-01
2.370085979954785760e-01
7.270872680290061396e-01
5.487520899037872102e-01
6.011161130332438596e-01
5.104440565883279213e-01
-7.613363483763120332e-01
8.621858160631330481e-01
3.455750877153356271e-01
5.527449823578183263e-01
-9.050741969080633442e-01
4.317635306486977687e-01
-7.717802967652585000e-01
6.491067611928371672e-01
5.209328822612935284e-02
1.192853341761661579e-01
6.074302483031148725e-01
3.573214806531477272e-01
-3.800578762494630780e-01
-9.338033997307020329e-01
-4.929858556007824522e-01
8.919482807682441727e-01
-9.545780489494011256e-01
1.613376739076077815e-01
-7.345188196216385634e-01
3.810731996572964686e-01
-7.257604781667055249e-01
-7.122162719246607487e-01
6.701881808172618360e-01
3.152019389405993355e-01
4.798911536787804355e-01
9.857636950401162945e-01
4.057802654578912538e-01
4.581642879925811318e-01
5.808374723587199639e-01
5.104131113667939035e-01
9.938831835280785842e-01
-3.599395924349420017e-01
-8.713841191907216732e-01
-4.402057010979227858e-01
-9.502982882616373139e-02
-7.344574096239711025e-01
-8.244789751168701830e-01
4.500303382631407612e-01
3.917235510000312004e-01
7.567343210977759416e-01
-7.749767820816482189e-01
7.930777743614232378e-01
9.842557397592013313e-01
-2.413786392459860153e-02
-4.672711497734285402e-01
1.561078750880173116e+00
9.313611860782453622e-01
-3.398937812589153395e-01
3.477061993677048601e-01
2.337320026078107960e-01
5.580805772581944879e-01
-1.688985645524732071e-02
2.040413667170269285e+00
-4.492633283652198717e-01
-7.837146338438987225e-01
3.874419002740137064e-01
3.740020530123169262e-01
-2.426523980107746503e-01
-2.332786363111680750e-01
5.346148538681909645e-01
5.691731616398074678e-01
-1.092370475706443633e+00
1.413459365844635940e-01
-2.886062514716061678e+00
-9.581600996139361115e-02
7.054342893593525954e-01
-8.688716446078745825e-01
8.081975902328570882e-01
-8.456105783782121854e-01
4.685110329165369514e-01
-1.095521987530150287e-01
-4.053156327348363952e-01
-5.408613464958753614e-01
-2.160657504594097666e+00
4.261522703031697112e-01
5.322648205969899848e-01
-6.874355233298419243e-01
3.013837016121008183e-01
-3.934831912528717890e-01
-2.234184753481318175e+00
2.944243282861180866e-02
2.817356459072450914e-01
1.047073981955948252e-01
-7.389960607788392810e-01
6.151693923842567191e-01
4.481609317641443990e-01
9.315724186880158797e-02
-6.875886174848779842e-01
6.236650866847672781e-01
4.538681630377925380e-01
6.057162906518360757e-01
-5.993279162073323896e-01
-6.676575910655579982e-01
-7.338503111443359650e-01
-1.626323464278836894e+00
-5.092451793549672701e-01
1.968688567523277921e-01
7.465267317787465107e-01
-1.937413417427624740e-01
6.961659556379462543e-02
5.524647913270337440e-01
7.131622959816021901e-01
-1.214495310659580163e-01
-6.013130865260347679e-01
6.860002993131788518e-01
-1.157859501680620351e-01
1.278026523873365683e-02
1.197112471574634934e-01
-1.387476257907653832e-01
5.194562172206331763e-01
8.309430087755305117e-01
9.973234622154980578e-01
-9.533797275112740888e-01
8.014843248784602192e-01
5.750738948709683829e-01
1.070109035640709472e-01
-5.065881526053950257e-01
-6.331987548342348227e-01
1.528244672648912950e-01
8.773527438269328460e-01
-4.668806741425552964e-01
3.051418173482005614e-01
1.159360278578767556e+00
-3.532748278103037265e-01
-1.559254292679589926e-01
-4.945274354792577043e-01
-2.597986892258297154e-01
-3.829160473851953572e-01
5.081326763192378637e-01
7.191218872339113499e-01
-8.395968175188701643e-01
8.543431532952776575e-01
2.872555660968723057e-01
2.722750883195383942e-01
5.348259176606640075e-01
-8.776139828751365890e-01
-2.921969109380442298e-01
3.476253351001777347e-01
1.004228052814996941e+00
-1.176052106231636030e+00
1.763829890832397940e-01
7.440995331101363242e-02
-3.472353789221385156e-01
-1.423573158531737493e+00
-7.019416796955588733e-01
9.413326237936585628e-01
1.367647226493124979e-01
-9.330826068788828920e-01
-6.719839737288701986e-01
4.619199192887342154e-01
-8.670228375997539594e-01
-7.911458329667138134e-01
3.823628405078345338e-01
1.548397467946081019e-01
-1.964040337442651829e-01
-9.532306435898652008e-01
-6.635256757845309217e-02
-7.370257186278559303e-01
-1.965794011254282658e-01
-5.720092259700020332e-01
1.937047342952029627e-01
