5.588865885265175137e-01
2.988655990349884384e-01
-5.815895084580643970e-02
-2.582264926820621032e-01
4.646032327849336507e-01
-1.933341261242433884e-01
3.322548987340925297e-01
8.130104074482904508e-01
9.488616046406139759e-02
2.918846708670367884e-01
-1.548496448635292566e+00
4.915500408265482957e-01
-1.527820565859434598e-01
8.777306647287601571e-01
1.740156150346567898e-01
6.810071644522386336e-02
-3.921517484211392013e-01
-7.791442658758676032e-01
-1.772096377757201857e-01
-4.865382184532394128e-01
-6.639754763176035635e-01
-2.321040231077293736e-01
9.487645146588676859e-01
-6.657047282326054027e-01
-6.014772416069407157e-01
1.409743509247901816e+00
-1.935250258016832481e+00
-6.232387342714702516e-01
-7.386797051251452473e-01
4.663549116923881854e-02
-8.966440293350896873e-02
-7.691894998802590866e-01
-7.734445699057652668e-01
-9.798617864547889411e-01
-7.713603002770024197e-01
-1.675547118040343619e-01
4.896365772388997506e-01
3.608631261090009534e-01
9.233642901271885695e-01
-1.026457252069619352e+00
-1.110498033158249909e+00
3.852527108108443343e-01
3.042390029174024679e-01
-7.393763420052570368e-01
-5.444235772802457074e-01
-8.345978799104161183e-01
4.648688575581674254e-01
1.288954942218798472e-01
-2.441851219458739397e-01
1.705273555316678014e+00
-6.456661419468257002e-01
-7.455864133851572984e-01
5.253620330434558561e-01
-5.413398976862109357e-01
3.114823930938999119e-01
-7.517901600645664484e-01
-5.392913340774607711e-02
3.901277503697715421e-01
9.003772516971122464e-01
-2.873590106879825301e-02
-9.162229076144510209e-01
-1.603413943171150269e-01
7.372976584231352160e-01
-2.894037575849655042e-01
7.240884821694846263e-01
3.536782874419968081e-01
2.121084117194349528e-01
-5.342139557227532087e-02
9.641981926991152196e-01
2.664598449180963780e-01
-8.366447617700119022e-01
5.186214516895717441e-01
-2.183648126494881492e-01
1.137935088379335991e-01
1.885674608911811490e+00
5.728866804507444233e-01
4.094542272737955457e-02
-3.100487773546880543e-01
-1.403760042354447179e-01
1.636328602777608054e-01
1.683727282863012320e-02
-5.513288889208998178e-01
1.225225208243418962e-03
8.964426660229543042e-01
-4.795413231187053427e-01
5.987250477311503172e-01
9.008231038029235194e-02
6.642160187314674058e-01
6.069514499654338202e-02
7.016184810202932276e-01
-5.122997638710664603e-01
-6.127038515145541986e-01
4.910360101081343576e-01
-9.760516130172878224e-01
-8.227302431211100942e-01
1.083570969533185879e+00
-6.451678780327576579e-01
3.307104678335839876e-01
9.734748832521042949e-01
-4.589129893219838774e-01
-9.205504174142895568e-01
-9.973049243757781124e-01
-7.144208429605962696e-01
7.608862564817073793e-01
8.823520510168483266e-01
9.104037215276394868e-01
-4.332926510983674540e-01
4.074816504792400096e-01
1.468468077829596652e-01
-6.460631619212151566e-01
-4.643711380041137815e-02
-5.505095386974503402e-01
5.355223852776860305e-01
-5.046446284114314285e-01
-7.689740435694336629e-01
-4.740290658810457636e-01
5.780007265904372193e-01
-8.470712433925779994e-01
-1.488379168330302704e-01
6.569859638343582553e-01
-8.350735026242701586e-01
-6.148427843445289920e-01
9.443996173602182687e-01
3.904165191821776792e-01
-7.284003887955985412e-01
-6.932933826548912659e-01
1.243177840032132497e-01
-7.441346534697821369e-01
-8.271310009951322595e-01
6.690132532302308643e-01
7.703608743075451848e-01
-4.414494052906716703e-01
-4.032870996462767366e-01
-3.243175458913689635e-01
3.576001625774398729e-01
6.086185095458680472e-01
-3.595902459700632825e-01
2.671452570512913294e-01
-2.328861529111596607e-01
-5.476302039798679466e-01
9.577818053997935177e-01
-8.997002132553233444e-02
2.200347557462869474e-01
8.327100458886604883e-02
-6.657316550223610907e-01
5.675982794281904109e-01
-2.922725687220830704e-01
1.959456271743310607e+00
-2.048682505401409060e-01
3.823803397213887401e-01
3.018197511442626269e-01
-5.764660976581998941e-01
4.255326376577412972e-01
-3.827861450534761900e-01
-6.030922211137479394e-02
4.262513401231340371e-01
8.210624299336779508e-01
8.304337301871678179e-01
2.734759838158073997e+00
-9.488731310988289813e-01
-7.275967728497334530e-01
6.696256992492737314e-01
5.360656351177779388e-01
-3.237638478894044880e-02
-3.344221661237476440e-01
4.091090693021501856e-01
-1.650772102734778812e-01
1.536875672426527561e-01
-5.616919890496583356e-01
-2.364726156625412967e-02
-4.406265217312055338e-01
1.032569419140395794e+00
-7.455085620383785638e-01
-4.806026758666746002e-01
1.363979493867802262e+00
-2.344704818241289956e-01
-7.928916978194866516e-02
-6.223675298603623673e-01
3.928690395256762002e-01
1.345086175615171076e-01
-7.271372033562784054e-01
3.091051271836220415e-01
1.225681467876378772e+00
-3.829970669019743257e-01
3.864987108807782512e-01
1.496354606372620744e-01
-4.855901100110870949e-01
4.977865264613967611e-03
9.293203840197004073e-01
-1.840377762100104952e-01
7.377559497085852680e-01
9.730882597285233082e-01
-4.019930078638238591e-01
-3.376913564501204945e-03
9.305994106429482660e-01
5.423626329284336745e-01
6.830623495878507256e-01
-6.925045136177374605e-01
-1.511266055087723270e-01
-3.229043078448579074e-01
-4.477483270680204797e-02
9.501346479505352605e-01
9.205035625157109713e-02
-1.640353625498602863e-01
-1.716981428788905140e-01
5.089664038381658262e-01
-2.139411699374986209e-01
-1.012022909811782778e-01
8.568249970065341392e-01
1.355291041385200401e+00
2.176193281728016071e-01
-3.243481839091815200e-01
7.376267440429189470e-01
5.561444800054096138e-01
-1.445920873058550438e-01
-4.986493811939416432e-01
-3.556767304570009891e-01
3.403267323043162040e-01
4.999254178979591345e-01
1.890994341374565568e-01
-5.183200420198115221e-01
2.748761868133002828e-01
-5.048168346491754832e-01
-2.465422699203800860e-03
-7.285505613558294069e-01
-5.226409145611237150e-01
-1.963638409992312317e+00
1.030877581180731362e-01
1.323903491289610823e-01
-7.124540092391895563e-02
-1.434714613351539603e+00
6.711283061689221618e-01
4.929700558153604639e-01
-7.559608557481440894e-01
4.557007711028493446e-02
1.029586248703902474e+00
-6.552494939148023612e-01
-8.034183244052401918e-01
4.751740017161301122e-01
3.012931463812815736e-01
-6.036648206856956023e-01
7.066751270743507618e-01
7.987979605937243210e-01
-1.018567986646877310e+00
-4.613207497278863922e-01
4.643740847936947969e-01
3.607803499079265119e-02
1.688216538315916448e-01
9.218169495232597654e-01
6.508047770140437116e-01
-8.291757493271780799e-01
-2.018823661276079040e-01
9.375730786546920825e-02
-8.631625070104320674e-02
-1.141834096601894721e+00
6.337553843994081504e-02
1.765793505011790110e-01
-9.630305432471144567e-01
-6.181822351939076921e-01
5.551054759059981247e-01
-3.912911253282245205e-01
-9.213754765889548004e-01
8.076780049726237642e-01
4.385247646115535414e-01
-1.416195332687171238e-01
