4.529255840184445159e-01
5.919869056662592222e-01
-8.469398239376564330e-01
-6.923107920915263502e-01
-1.799351461205102920e+00
-6.713968416250815086e-01
4.176220470062115830e-01
-9.115439304035029000e-01
6.441893007174355201e-01
6.842700962034786727e-02
-1.355863475906841531e+00
1.524294431143782713e+00
-8.278394164917173281e-01
-2.620174097557481652e-02
-4.963702366932576382e-02
4.015405842680920268e-01
-5.620082892818543119e-01
3.081643804026703570e-01
1.796925697386994036e+00
1.008321416075607935e-01
2.183154267543900851e-01
1.128883969430613865e+00
-5.690379760097581396e-01
5.593921165666482231e-01
8.960833005688890740e-01
-7.533864759488886342e-01
1.393597712975156444e-01
-1.568381806673102563e-01
-4.774656057337560711e-01
6.536838425794189167e-01
8.539305675181791955e-01
-4.315310043865403511e-01
5.209932559454679701e-01
5.753648453537580920e-01
-9.486472544847885935e-01
1.608222621482257253e+00
5.988747100505580345e-01
1.987075949144306575e-01
-6.151771274650217336e-01
-9.791556753783916545e-01
-1.331348395180496080e-01
-3.196165404283972666e-01
3.898574735933322266e-01
-5.281459315207224225e-01
4.203867521186674949e-01
-6.874729189082817715e-01
8.013740204077501872e-02
1.048820938251694423e+00
5.644774966681698203e-01
4.884969063317232685e-01
7.103863236683500837e-01
-6.492259518611838143e-01
6.961638109017731502e-01
9.510377226029220754e-01
-2.663254103200174416e-03
-4.477348641485059400e-01
1.382439170526407191e-01
1.133634638964819974e-01
-1.106226105988721287e-01
1.525511107741890360e-01
1.982400545127873670e-01
4.948610419212093881e-01
-6.659256064048910684e-01
4.778379363128881785e-01
-2.763564607029131981e-01
3.699134475814265244e-01
6.653895796228812554e-01
-4.353858681193714109e-01
-7.379053475082191227e-01
2.076740970918047324e-01
1.531546496685201042e-01
5.505558077025047847e-01
8.035727359451705354e-01
-4.299074976589913888e-01
-4.557150153909592660e-01
7.054407300859453223e-01
1.183737038157623989e-01
-9.071077356824785998e-01
-1.702573372209525981e+00
7.197464686092085451e-01
4.514035739645427814e-01
3.630097070869380271e-01
5.659262142238290494e-01
-1.156457180946075969e+00
9.088433537971404297e-01
3.016274972623729234e-01
-6.946829020963620760e-01
4.239789174711461328e-02
1.235984890146931692e+00
3.192374125267287699e-01
3.309525543454781005e-01
-9.025821009681558316e-01
-5.232832322650844414e-01
2.470138269852992785e-01
-1.044597932565385356e-01
4.816072680755643098e-01
-1.646886072214652774e-01
6.365046288500750826e-01
-2.593723048509311013e-02
-5.458840269805520506e-02
4.127510639411506865e-01
6.466405680492597341e-01
-1.132258891054460648e-01
-6.424370684866738124e-01
-1.931584467749678513e-01
-8.065099171891398910e-01
4.849245376873743130e-01
3.620931670418632287e-01
3.193694547009360285e-01
6.843103018389995462e-01
5.610032807233962249e-01
-9.310551418787098577e-01
5.103793474782092332e-01
6.003012606752449187e-01
8.028582927214356069e-02
-1.761093942892530961e-01
8.337923738797521356e-01
2.966896515812249557e-01
8.081608195662159932e-01
1.147332495960752263e+00
-7.016854809253028069e-01
-6.764644309492438001e-01
4.958312256664079154e-01
9.191917015764536902e-01
-3.989903750589263165e-02
-7.030568883300669647e-01
-1.901573859303284264e+00
9.824204153407523066e-02
-4.992794655909811308e-01
6.229768343650676776e-02
-1.485075670982325402e-01
2.162712821847938560e-01
5.208842430773499288e-01
9.936865975990090138e-01
8.549307075898935349e-01
-8.546143865573214704e-01
8.331053798518239795e-01
-1.992855943671643093e-01
2.819514257157946790e-01
8.973202654557492775e-01
6.603224045545692533e-01
8.197710530536024276e-01
6.583310004096121215e-01
1.812416647510532997e-01
2.822139614872720692e-02
-6.201796497024938404e-01
-5.486613450149855353e-01
-1.929566152545942881e-01
2.694186914133700483e-01
2.022077000249300482e-02
7.080753441239955315e-01
8.522631789539998337e-01
4.827572944215596795e-01
9.055007665246428417e-02
-9.810929024956092093e-01
-3.657739240313946372e-01
-5.864067111589614800e-01
-5.105005503022514990e-01
5.238866830198862790e-01
-5.427658734938297647e-01
8.193647924071423283e-01
5.848685470367580574e-01
8.190497649208927644e-01
1.065327299668681338e-01
9.120287505299242703e-01
-3.268287369818563270e+00
-6.366125344888799997e-01
4.415926189890804210e-01
1.777530400563423485e-01
-6.797110705633386818e-01
-6.841574331266262465e-01
-2.259471009095668226e-01
5.796580193642713041e-01
6.126478116724640710e-01
9.361891062024707555e-01
-4.941594915001679134e-01
-3.191396513756468156e-01
2.343528547969464526e-02
2.960829836067433440e-01
-4.068068629719443496e-01
7.842615802992525254e-01
-1.548252602934893973e+00
-8.404252578880049285e-01
7.333162413330449603e-01
-1.918066624131598008e-01
-7.355167172647552043e-01
5.188677305036700771e-01
6.963035580447973771e-03
-1.006684277573314912e+00
-7.583743309034614022e-01
-8.860556675231401336e-01
-5.566591885753437996e-01
6.962599902810318042e-02
9.201269715595041809e-01
1.264743307053854737e+00
6.350453941167255589e-01
-9.283742237697931721e-01
-7.823593930490053694e-01
3.768959116462147207e-01
-8.956041550916677974e-01
-3.390409365958244603e-01
9.406769185725234461e-01
-2.288488517889049056e-01
-6.544457242502623728e-01
-6.453568850026087933e-01
-7.571979764556047154e-01
1.750139006248807139e+00
5.119285634842963839e-01
-4.672503768178155603e-01
5.209096272354607482e-01
-6.162134120690729855e-01
-7.568842576342829087e-01
3.961178427378343470e-01
9.183598487485424844e-01
9.541984665038814040e-01
1.911136047094994517e-01
6.941611886150180766e-01
-1.362730720977032295e-01
6.467647290099813873e-01
2.917222427451588995e-01
-3.263440219202036197e-01
3.592594513892259922e-01
1.803935895834229974e-02
-3.336256795716643353e-01
-8.653300970770008149e-01
-7.481277074967023211e-01
-7.706947391408716097e-01
-1.485284406987549266e+00
-5.748623122200842150e-01
-5.567202761618259554e-01
-4.373163768535690554e-01
-5.680216847359413901e-01
-2.725433128914112046e-01
2.368725180610899539e+00
-4.971162455870645758e-01
1.382014588816518064e-01
2.078645362322160128e-01
-4.497124375198249258e-01
1.470340884504842904e+00
1.015426884663811480e-01
3.171342257438692913e-01
-8.294025800876216881e-01
-1.482514271151640362e-01
-3.527019402599251841e-01
-5.065385989288084811e-01
-1.741001246426538973e-01
1.277323028996217857e-01
6.223519125905776495e-01
5.229565079308489128e-01
3.486672539938306947e-02
5.990092721648092589e-01
6.873088943657696959e-01
8.608356276091813086e-01
9.174692443048360069e-02
1.782895821768211153e-01
8.653352613447171660e-01
-9.707850060981828566e-01
2.601097532730825002e-01
-3.677913379595407761e-01
-2.295185149223222254e-02
-1.615844433156583548e-01
6.738348432354606121e-01
2.781633677395254356e-01
-8.212876205390111650e-01
2.682321636381239660e-01
