-3.703373145571955405e-01
-1.271349169193716211e-01
7.982613756163461360e-01
5.795133414284632245e-01
2.716521725387133213e-01
-2.069197770835460304e-01
4.468493363969268106e-01
2.233719175289283765e-01
-1.898488648562230985e-01
-6.110472107692310750e-01
-2.651048071131123507e-02
-2.696447224628695238e-01
5.929204833075421011e-01
-5.828761850139840828e-01
2.440724091514123728e-02
3.235221275465574031e-01
-8.781477682097109660e-01
2.178376398241308465e-01
5.707375859636243387e-01
6.416117249638730868e-02
-5.357495816585089443e-02
-9.124276432458100494e-01
1.662970447292755338e-02
-9.419932003545117283e-01
-3.454796566641935573e-01
1.528166530840402437e-01
7.357886060001417317e-01
-4.028014533069581571e-01
6.024894917639624925e-01
-7.288330774579505622e-01
-2.483339313202568288e-01
2.684439241511478169e-01
2.035949068310332066e-01
3.802814762998747433e-01
-9.508282711470561477e-01
-6.932302948832240741e-01
3.679774817116681085e-01
-7.842065379815048587e-01
-5.709035657434042843e-01
-8.628512681367683790e-01
-6.720895593068572094e-01
1.951950788542813342e-01
3.152899220696319116e-01
-5.037660755496107257e-01
-4.968584841791849893e-01
1.129803121651102860e-01
-5.261584984839746681e-01
-2.059724743833117877e-01
-9.377379827204410656e-01
9.212918749231742144e-01
4.982949081151832882e-01
2.815771328391103445e-01
-6.669834915939110154e-01
-3.324676795404561958e-01
4.420160820965786108e-01
7.897591422821914620e-02
1.952794213388506783e-01
-7.665519363140549380e-01
-4.487040406641460422e-01
-8.818393346985988757e-01
-4.877107893927377091e-01
-8.944638641160236325e-01
-2.179696072886954106e-01
4.663257322076803657e-01
8.446249758532906604e-01
8.673725410282211445e-01
3.947959193674488443e-01
8.666418434437894724e-02
-3.736832521217570147e-02
4.084271690071417105e-01
-5.593904106564469014e-01
4.829389371721506397e-01
-4.499770454799765229e-01
-4.554226519237900561e-01
-6.873875558517188455e-01
-5.381110465964433764e-02
-8.083769766973545323e-01
2.589249498870938027e-02
-3.466156798715367415e-01
8.717967495459804095e-01
5.065257322061020862e-01
-4.214833207830208650e-01
8.178184714248322162e-01
1.374544691494545834e-01
1.018081732856395138e-01
1.806879996770844876e-01
-6.069494856335935218e-01
-3.898604507572149824e-01
-5.613436360838239825e-01
1.357497867454018348e-01
-7.429329461062277318e-01
-9.595036847819522485e-01
-3.141306115902058327e-01
2.471914945183961709e-01
-7.106744400391316052e-01
-8.010993557259846742e-01
-5.175515955087195419e-01
3.635802752124415171e-01
8.540188759579097066e-01
2.220925010727681226e-01
2.331063413868410539e-01
4.894103338435809025e-01
9.712253580310319379e-01
2.838969702711267029e-01
9.936393848602431689e-01
-2.646751973103054212e-01
-8.427376342621042404e-01
5.720953098779848478e-01
5.918730693609497440e-01
8.528710575777957992e-01
5.114105935753632259e-01
-5.991301737960066376e-01
-1.027244827302802310e-01
-1.948795142636252642e-01
5.810658541893294338e-01
9.414141675488212346e-01
-9.772044541152429264e-01
2.792720212385066958e-01
-6.675396856973419002e-01
9.891792118560067681e-01
6.492368197810272079e-01
7.427416232021226694e-01
-8.736140286824740642e-01
-2.813085476022894049e-01
-6.574050043797428078e-01
-9.456591235064792933e-02
-8.575197354637400515e-01
-7.352269447101531519e-01
-6.552769714862589634e-01
7.114984424608383762e-02
-5.111103723735677118e-01
-9.921781685418145091e-01
-2.660592571924134120e-01
-1.905093930292194315e-01
5.673398457078142609e-01
5.032404193926451885e-01
-3.844814288778428679e-01
-7.921406344605979033e-01
9.793619198479865950e-01
-6.527471062123026968e-01
-4.010167548256604597e-01
-5.109473872853913523e-01
3.599560471368121739e-01
2.898281979046284373e-01
-7.244626731797998431e-01
7.648178288675280267e-01
-8.625395439997629587e-01
-6.712595878080622747e-01
3.178049013454053995e-01
-7.980293941669860391e-01
4.469089354890727339e-01
1.618930053380522871e-01
5.749712387177803308e-01
4.065445431603202930e-01
-4.719183219185110190e-01
1.565454146686990899e-01
2.785991139185641785e-01
-9.465714536428568859e-01
6.458049445758529128e-01
6.831137003947442832e-01
8.310940195635794225e-01
2.448268050936570628e-01
-3.771089933448790177e-02
-1.097686348183035676e-01
3.248247407092170747e-01
6.931103068406261336e-01
-5.758083995783489506e-01
1.148098026141484151e-01
1.212408937773605810e-01
-8.520494045961657381e-01
-7.425297568056430375e-01
-2.196665532941985965e-01
5.592041369568538922e-01
4.806647717476544290e-01
3.282869877339016362e-01
-4.577299488929216231e-01
-5.276926530187273645e-01
9.131860643247291520e-02
-6.004271079164713587e-01
8.518699059535457252e-01
2.044481936131001820e-01
2.492017851455341493e-02
-6.223351840314901295e-01
-3.628623982300063222e-01
-7.254503263705109894e-01
4.307478204449373127e-01
8.139195509424768105e-03
3.086011911144264097e-01
-3.236158712614078947e-01
-3.878128010259662695e-02
1.379695501148412440e-01
5.176871071086313059e-01
-5.803881625016207302e-01
-6.857912735528506332e-01
9.911495975574424744e-01
3.268653820669999988e-01
-5.647958901057676950e-01
2.583996218428588065e-01
-5.770320812068516769e-01
-6.584790552435375588e-01
-5.773267895295086660e-02
7.653917920393866758e-01
3.510017728519376767e-01
4.974696242790097589e-01
9.895803951010044841e-01
-1.847751210742287764e-01
3.182992664933745885e-01
-9.146070214463983827e-01
9.915707708402357046e-01
1.384601992467293652e-01
8.179418444963926227e-02
-4.227281916395224659e-01
8.171688219795980590e-01
5.773355238873680850e-01
-2.870496300083158481e-02
5.558667498802098983e-01
-1.680281630628466250e-01
-1.590613456049061458e-01
4.028653190178210775e-01
9.281396897404894375e-01
7.640690809610410916e-01
1.727597138481411498e-01
2.963006258110256752e-01
-4.019525203454172857e-01
2.107024992585355694e-01
7.471151112924634408e-01
-9.915446576714257443e-01
9.216982670151339097e-01
-1.691734898863352932e-01
-7.306323116628836711e-01
-4.811192659171736885e-01
-4.148964599345301707e-01
1.263756362048302773e-01
5.205499749836710599e-01
-1.482833122882385446e-01
-9.312318468728453258e-01
3.763648166916715443e-01
-8.595407679076676466e-01
1.783656967655178338e-01
-8.729359949521686701e-01
-5.600622525137000096e-01
-3.522595457674702057e-01
-6.371369050932416123e-01
-2.860443300275241629e-01
8.266780305256744565e-01
-2.153525415714119262e-02
-6.214298147290986396e-01
8.999977859066734531e-01
-8.995066528456097110e-01
2.649608656134314622e-01
-6.463771827046147500e-01
4.761596242416328284e-01
-6.058548980454296906e-01
-9.626813447786979339e-01
-6.667980495443486255e-01
-7.928150972087655290e-03
-6.655886484495912025e-01
5.310014119154082834e-01
-6.478454114850760170e-01
-8.250948644573872226e-01
-6.111846599248678125e-01
-2.373900674423357060e-02
-4.032435629907757946e-01
5.060781408646877200e-01
7.150687127184589542e-01
