-1.620821769673286283e-01
-4.599679103611031827e-01
-2.466567784936357643e-01
5.623129052881108425e-01
-8.115915901432726454e-01
5.035400448351377012e-01
4.967624220630517673e-01
5.082900473912181916e-01
1.140553995471622617e-01
5.964596736002902855e-01
-1.095681148741740607e-01
-2.919437295358446871e-01
6.033632988091834903e-01
8.884830400885803670e-01
-6.035491077972936491e-01
1.807235046768673747e-01
-7.830876741993821888e-01
6.413770125486897289e-01
-7.123808737270200808e-01
7.751083999559484905e-01
8.385318405243016304e-01
8.518573282252384082e-02
6.611982576199948447e-01
-5.189449852967173982e-01
-7.684998589477245456e-01
6.589532386591099300e-01
-8.833686999204055645e-01
-6.333602386698564679e-01
-1.839775419235203380e-01
-6.652248847832871181e-01
-1.722901090042485706e-01
9.601251090702771496e-01
8.867064122524421776e-01
2.920971553134437126e-01
-8.254508603766994579e-01
1.037500746763342363e-03
-2.228078902140651074e-01
-9.971268170320903845e-01
2.217308073773880395e-01
4.510048620450528567e-01
-8.256387054248288671e-01
2.782534836331529426e-02
-8.948780522963972750e-01
1.244360678390266095e-02
5.544536486860165425e-01
-9.061737956810236305e-01
-4.082387676640384377e-01
-8.670668525289748629e-01
-8.677507663166628138e-01
2.435440891739166780e-01
8.702792462819970432e-01
-4.643408464214182629e-02
5.741683055276727288e-01
1.840212019413789424e-01
-7.974144651608843226e-01
-3.772149690860466809e-01
-8.197851973226764066e-01
8.804338460122265175e-01
-3.450470866130472825e-01
9.770889718936333068e-01
3.403099068127362070e-01
7.284706177210873435e-01
-9.874977814582770463e-01
-8.895036185292464204e-01
5.649029533566622963e-01
-7.126347437968105769e-01
-6.873073277995909169e-01
-1.886729131031401607e-01
-2.825398207210143564e-01
8.134354818320934655e-01
4.331132852625625418e-01
8.327602219478118517e-01
3.150026383461914659e-01
-1.437790904137425940e-01
1.092576345085694012e-01
5.373744481948914409e-01
1.230406343833219562e+00
-8.025600023613232992e-01
6.683819627469846925e-01
-1.762129750532807515e+00
8.116052603080852190e-01
7.715705962195384959e-01
-2.699200351423529654e-01
-8.380186511568665786e-02
6.504805649800491363e-01
-1.498802128900299291e+00
8.268593554874419382e-01
-3.536085839585023649e-02
-5.150675364839968351e-01
8.508459559323675592e-01
-5.901293597123873358e-01
-1.147722374824355462e+00
-5.425716804183964292e-01
-8.973775238478660654e-01
2.960385311397550900e-01
1.794707126530938890e+00
2.276285454972184485e-01
-1.537943055567358996e-02
2.166651265598340537e-01
-8.164910829786236057e-01
7.938625482511967313e-01
-6.648080011199830608e-02
5.736349057382335026e-01
2.576779622607190401e-01
-5.394329979142065135e-01
-1.462931999723182663e-02
6.321693336915168437e-01
-7.951356112851299951e-01
-3.061555060502259007e-01
-2.401755892700105921e-01
-8.908432023885306528e-01
9.766260684742855691e-01
9.405097837353526558e-01
4.485585141358994221e-01
7.483312140047762018e-01
1.423046020643687903e-01
8.190601739003893211e-01
4.095230415778439159e-01
-9.845348541459120195e-01
-3.061682197876192113e-01
5.078647731226402229e-01
4.433192071427203285e-01
5.863900592784541121e-01
-7.200388266829427231e-01
9.670327890500745038e-01
5.454406388824992735e-01
-9.963813397669178951e-01
4.545884008754508265e-02
-1.293645002640937403e-01
-8.717786366685840171e-01
-7.971396099899075161e-02
-3.375541570506190858e-01
-2.672070338634304765e-01
-9.499907266261042871e-01
-2.383702413206729709e-01
-8.725088845130364312e-01
7.417061753196205753e-01
-3.528957400910792686e-01
2.399970100543686868e-01
-7.933834984199352736e-01
-2.937676471601344819e-01
-2.683958114011253393e-02
6.081554630094265779e-01
9.359197705180826166e-01
1.914647664310176189e-02
-6.498078738095807161e-01
5.958366034203776973e-01
1.883172878222174607e-01
-2.020564715252686216e-01
-7.652347527025917806e-01
-7.261801572799349014e-01
1.175199325115936499e-01
3.284049677660942912e-01
7.722033550306344196e-01
-6.647364657213521433e-01
-6.728312257172850419e-01
4.487861727307107529e-02
-7.990484819909120517e-01
1.298734318869270155e-01
3.846447978824545366e-01
-6.831385690266538191e-01
1.187098118500085064e-02
4.211038551716934641e-01
-1.852388090297256706e-01
-9.847240263000891503e-01
6.217240327954201007e-01
8.005844295124935339e-01
-8.220843896823544217e-01
2.895119509300903005e-02
9.548365522455068977e-01
-1.321869499282195548e-01
-2.678318189025452600e-01
5.870672817182776004e-01
-4.288600475081056906e-01
-8.395446993801372049e-01
-5.521739613150487003e-01
6.693154521873363461e-01
2.484082073122713119e-01
-4.791113624127794068e-01
-6.827478926326422393e-01
-2.015916649602722543e-01
9.445608344362725894e-01
-5.890103696182988902e-01
-1.900537731189877455e-01
-6.237324620776762973e-01
6.601172888570807640e-01
-4.513873428289449929e-01
-7.243455353346899273e-01
-5.088023736708486844e-01
6.870699409040341710e-01
-3.039347168365713614e-02
7.020455262469322832e-01
-4.141836343089708716e-01
-9.892597703821612853e-01
-4.132847187807147105e-01
2.019802367240124408e-01
5.254046394321596480e-01
2.494571461345009844e-01
-4.365451870795038491e-01
5.858872071561529449e-01
4.210518150076771882e-01
-7.033758318716964997e-01
-8.167431174257451243e-01
-4.459211997411616224e-01
-8.382316081977838618e-01
-6.909546590862905013e-01
5.761099739602757452e-01
-9.104766765286151919e-01
9.282502681891524610e-02
2.369622373173172480e-01
1.262915925853083099e-01
1.966453431965036192e-01
-3.553717966827838470e-01
-8.782187533122223222e-01
-5.977472609266056836e-01
-7.173069946413768161e-01
1.362346369740246033e-01
6.985891739998753014e-01
-3.265872406006029571e-01
-3.881793285444787855e-01
9.906121526256648213e-01
-9.300856106683799140e-01
-4.045162623513642863e-02
9.052892399544443247e-01
3.098429987146411602e-01
-5.273673982292574891e-01
-8.777525087030040307e-01
-4.335520508932628747e-01
5.081476895286709539e-01
-1.516061310504233095e-01
-4.004511529455005991e-01
4.045329371854247125e-01
8.038479417642201419e-01
-3.206269061821318545e-01
1.842623343366580624e-01
-2.463105991629523928e-01
-4.819860182485966593e-01
4.819409174289994713e-01
6.948580748030603882e-01
3.257036682101674963e-01
-5.553242952026593571e-01
3.510133649170785741e-01
-9.629043502387193421e-01
-7.334432229005765080e-01
-5.829275766663009062e-01
-4.886171467395845625e-01
-4.849336229756462391e-01
9.002975173765763728e-01
9.686658916814774312e-01
6.848295716773664665e-01
-2.162583611199193623e-01
2.860213642379894061e-02
2.244129619326273861e-02
2.324833229577960569e-01
-8.335196191221703188e-01
2.930866516796171162e-01
3.295994903961190214e-01
-2.029827788465328187e-01
6.849985636204589667e-01
-5.527371659767192913e-01
-7.956206842804955937e-01
4.887327068589764067e-01
9.341576883003952503e-01
9.646820734141792197e-01
2.382200358873887147e-01
