-2.437768594365197217e-01
-3.389712785494389813e-01
-7.480680447060980010e-01
-4.478844525725431680e-01
-7.455145019242261084e-02
6.671485256032827493e-01
-9.633275562873410136e-01
-8.232584296148715008e-01
8.221430677532820530e-02
-3.184195456980853378e-01
-5.238659831030495484e-01
-2.512689507774130693e-01
3.097098773174761788e-01
3.002365281204619762e-01
-8.478495244271688769e-01
-5.740356314783230385e-01
-2.012319018894725975e-01
3.199613794356592766e-01
-2.699119424135867917e-01
9.107933960497047732e-01
-7.617069401114595628e-02
-8.013080161290757619e-01
-9.580134953024588285e-01
-6.451560674330747425e-02
-4.089486579056255122e-01
-2.288896493099950025e-01
-9.380415590002337822e-01
8.948903846666012019e-01
-9.191815961778245780e-01
-4.766601233473477528e-02
-4.854163843327004013e-01
3.126572231776028610e-01
2.871605556753957789e-01
-2.357445357314200685e-01
-9.749999437604309760e-01
-5.042662934661911178e-01
-8.063789829504338647e-01
1.177910564717625785e-01
6.531748730708211159e-01
7.710778729017455646e-01
7.020138369436921266e-01
-6.048088138392688773e-01
8.000506966391633668e-02
7.052832014947407746e-01
8.384013948108446357e-01
1.050983584815129018e-01
4.347108242391396482e-01
-3.964753861442879002e-01
3.851186632062202353e-01
-8.631007442897800086e-01
5.727262368887227062e-01
8.182211805078443145e-01
-8.588227576887212944e-01
-5.987350576593826190e-01
-7.883165842707928750e-01
9.215002636304228112e-01
-7.261476653442846541e-01
-9.289968301197120137e-01
5.551426811385367088e-01
-6.591757141662535346e-01
3.117102697414674273e-01
-1.477490224725142021e-02
-4.904183863379669717e-01
8.699451630906080979e-01
3.548802752706579078e-01
-8.864618091015068480e-01
8.006900303265401808e-02
7.754999318380035866e-01
5.663279321170742175e-01
7.743793385715516120e-01
-1.482444893738255054e-01
4.733979448511311805e-01
3.177399699324848781e-01
4.785343467289866481e-01
-6.559124341667985636e-01
5.048952295692576975e-02
-2.424864711130770289e-01
-4.147093318814410456e-01
-2.731218980335317625e-01
5.828583281803006999e-01
7.650067623472167622e-01
-3.334014273154002339e-01
-7.381424716488731441e-01
-1.024383539694938006e-01
-2.070599088453544123e-01
-8.496907008458354227e-01
-6.287439987972678335e-01
-6.851999911253589537e-02
8.197276659231296225e-01
6.438173524139645387e-02
-3.814865783374972175e-01
-1.051327447473926480e-01
6.780717673929256284e-01
9.283662335564416557e-01
2.851851755987386827e-01
-9.007916218341160963e-02
5.391082787608296734e-01
5.826244251095002991e-01
7.147586585840453033e-01
-9.450099799580333748e-01
6.032594380705592618e-01
-5.729546122606221648e-01
6.123144819686698881e-01
-3.041305081383341991e-01
6.718858364153230678e-01
-7.312534065548814688e-02
-1.044176327348812494e-01
-3.559482020497195531e-01
-7.504307907858014381e-01
9.301000531349328249e-01
-4.676447630051352444e-01
-3.753593881482359951e-01
-6.513631434712580104e-02
2.173907832899125148e-01
6.111183192743514514e-01
7.320805647523178639e-01
1.234991899218447764e-01
-1.166741070233314748e-01
-6.701752229621773527e-01
-6.329522609063011895e-01
-4.838862735807458737e-02
-6.270906093642983903e-01
6.306015071862024479e-01
2.855417928350200141e-01
7.166333536266678017e-02
-8.576513226105413334e-01
-6.833629734544270917e-01
-5.186915424332179114e-01
-3.737967059219593491e-01
1.366171065844379306e-01
-2.166932503632703622e-01
-9.092348257477884665e-01
-7.152798634389294641e-01
6.957838493074608444e-02
3.020859203742409793e-01
1.584818587838774384e-01
3.461249109736003193e-01
4.211076256919201732e-01
5.773543355326695714e-01
6.332100773480969780e-01
8.374007689905704765e-03
6.971136011230503193e-01
-6.457686171643195472e-02
-9.010361685200936055e-01
6.878781313345667670e-01
3.334116140149130936e-01
5.380135521002895604e-01
-7.823739222910961466e-01
2.482930394831754928e-01
9.725386374287208202e-01
-7.065711579199684955e-02
-1.838808251895829304e-01
-4.842189785860413487e-01
2.218700293960085279e-01
-5.039948307059542998e-01
-8.884425993315403502e-02
3.062244867136894033e-01
-1.156728786437537515e-01
-3.444294393620289663e-01
-8.649066373206799607e-01
5.685925150839852282e-01
-8.514585326617560845e-01
4.915574182962592076e-01
6.288983690663036974e-01
5.467366045126582641e-01
5.742769542618084699e-01
-8.863600173409358352e-01
-5.466847703100169431e-01
-5.632966304491771048e-02
-1.665770900295381884e-01
-1.551957655590990304e-01
9.181421232815051292e-01
-6.459777844344571918e-01
-8.855612780854049682e-01
5.503572800648115493e-01
-6.427752231828693930e-01
3.172316855353278786e-01
2.296995333721030264e-02
1.982480359169840334e-01
1.456470799413600581e-01
5.391004241805473773e-01
5.497900562470527941e-01
6.206936675315022356e-02
-3.748978204266108505e-01
5.974399669046885908e-01
6.736840234105058167e-01
-5.596987698281064016e-01
1.162436860461601995e-01
1.311159522749935635e-01
5.813921622643172249e-01
1.935120163727486464e-01
-2.213518159993059786e-01
-2.820628549927584050e-01
8.706227542975244482e-01
6.732654727586626642e-01
-6.533778905871086007e-01
-6.031194046763395100e-01
-7.576803083122749527e-01
9.803409678686636486e-01
-1.449919319869030776e-01
8.891337556874545633e-01
7.613959495355995255e-01
7.768346922730761106e-01
-2.843956428793644742e-01
6.702052795910978800e-01
-1.143468813266026451e-01
-9.230068069349555149e-01
9.348350964372269534e-01
-7.649892705243310775e-02
-3.357003072223863072e-03
-1.927814615333102721e-01
-1.582805773623501278e-01
-9.439645296074405945e-01
3.163422773388815390e-01
-1.397078471616943762e-01
-1.366575291681337290e-01
7.490131631027194814e-01
-2.637264612742635794e-01
9.939536788587843841e-01
-6.334160414159717423e-01
-7.728049636698375302e-01
2.170169134202191152e-01
-3.339111421509955435e-01
-9.567897749672455987e-01
-4.517848402693094290e-01
4.140382367662844287e-01
-3.190963246846463264e-01
-2.877130650183088445e-01
-7.078600681506647119e-02
7.031953948411355793e-01
3.546038488699663760e-01
-8.830702316947027786e-01
-7.078965496611427932e-02
-7.049585775019043821e-01
-1.426422759162968568e-01
5.781335440548862614e-01
4.736157173915833685e-01
-9.905883577446089605e-01
7.719048615911858757e-01
-3.305264260753182914e-01
3.657256793473500078e-01
8.418796259568240847e-01
-7.636678938132022143e-01
-1.481619211948327353e-01
-8.263773171215724744e-01
7.869547405064793999e-01
-7.053559817787877773e-01
-5.522441543183085333e-01
5.733438182244210424e-01
-9.362850358842169651e-01
-7.127041963012918924e-01
6.591848400720961010e-01
3.307176910200051445e-01
-9.353377914521361358e-01
6.967541693142511594e-01
-8.005044886756562672e-01
4.792625908458132966e-01
-7.443919801544283121e-01
3.678779589479995171e-01
-5.630302989808910752e-01
-1.995376458750524051e-01
-3.083305524220520399e-01
3.439524180943467346e-01
-7.875904231254229337e-01
-1.324700936824669828e-01
