5.924903808528338978e-01
-9.183355287348786700e-01
8.754317511819631470e-02
-3.604391082485046693e-01
4.683222687268985274e-01
-8.423879619005302244e-01
-9.605064447965491192e-01
-4.457486161402869351e-01
-3.718794658583072787e-01
-9.944798731330094232e-02
2.615413310093259724e-01
-4.723124772251834358e-01
-2.208473312954272738e-01
-7.811139660187760292e-02
7.522673316707891855e-01
4.476291970742172777e-01
8.213190081949370835e-01
-4.944386280248092014e-02
-7.359307119097797667e-01
-2.676980342738135565e-01
4.127391532112876238e-01
1.505579448192440051e-01
-9.697931324399786668e-01
7.853264256524959963e-01
-7.505588913321720179e-02
-3.419401413258238431e-02
-1.668141629187480657e-01
4.075386387475984362e-01
6.839079740612992175e-01
-6.645553601328741955e-01
9.121669764714823714e-02
-9.865776049028454064e-01
7.195283019633912369e-01
-7.622389180633939443e-01
-8.896794872010621580e-02
-7.879257283368612530e-01
5.522982480416654960e-01
-2.630786808175373248e-01
-9.816367334893305596e-01
7.406223341984687902e-01
8.008816907373494942e-01
-2.847028808094154151e-02
-3.513142648191354134e-01
-9.606736032985476736e-01
1.882694517604077689e-01
-1.164597666943473220e-01
6.674764312778085351e-01
-3.459355100104873904e-01
-5.429905337774978413e-01
-9.731855378791440803e-01
7.525626421239077768e-01
-9.461313484839688481e-01
5.659608715410207047e-01
1.888497348308443291e-01
-9.831501168870770968e-03
8.732663673277557548e-02
2.272453773533046895e-01
-7.894885695318780705e-01
1.682083294314530297e-01
3.675381547786273906e-01
-6.258979630268288741e-01
-3.936456875474549921e-01
4.477737656400434529e-01
-8.360542246323063864e-01
3.510051917741996430e-02
1.687072672711549259e-01
2.100562172930481031e-01
9.492464599404182302e-01
-2.072461534890235324e-01
-6.300019867887477476e-01
2.749986759588073926e-01
-2.403003603404112454e-01
1.113176836345976667e-01
-4.622201527046030378e-01
4.971631014063351284e-01
-4.436181165873842591e-01
-8.718966822933627014e-01
3.019817231136860958e-01
-5.448120297627547792e-01
-2.222899138695512700e-01
3.242441635521633447e-01
-1.941170339421739999e-01
-6.216649211003165698e-01
-9.502744570484009667e-01
-5.240904353951865158e-01
-7.959532432544841329e-01
-9.886197662197248048e-01
1.662713580307371153e-01
7.086847725897860162e-01
-8.372834286988347641e-01
5.624236072101249651e-01
5.746610325614434078e-01
9.099064848504939684e-02
4.213117441461599610e-01
8.297961976109892168e-01
2.860792527931298457e-01
-9.528674035065385350e-01
3.590938809203489956e-01
1.048837235126074963e-01
-7.744851459810653260e-01
-7.716750928840578894e-01
-5.135131496034338605e-01
9.162911845106365138e-01
-5.882429200723364726e-01
4.052707068651194566e-01
1.771647625187390551e-01
-4.308160955068831566e-01
2.394401681946967952e-01
8.417295424359778622e-01
-1.733909253853181398e-01
-8.263426033620627775e-01
7.552477223308532439e-01
7.717535142530168590e-01
-1.117408385506375446e-01
4.550445096231110487e-01
6.296298597768565930e-01
-8.080318556502159577e-01
-2.227485418272584505e-01
-5.356506924298432004e-02
2.167272421878799482e-01
5.874788335034067388e-02
-8.805416193420991799e-01
9.197437980518130551e-01
-3.029167697987231178e-02
-4.506871948740660550e-01
-1.658572281081771571e-01
-7.233595498336709007e-01
-2.654616931215322273e-01
4.487135242978435579e-01
2.877337203185251213e-01
-7.601996493350349215e-01
-5.753936643180601607e-02
-9.097136103042950950e-01
4.721089942041086784e-01
3.139868048723477578e-01
-7.705104979761332462e-01
7.645673282887996969e-01
-8.734037931897753460e-02
8.795658530210412329e-02
6.521859698179406362e-01
4.723575383153256757e-01
2.769898768629427410e-01
8.410457255201844173e-01
-6.288990562362622994e-01
6.151604113839759247e-01
-1.711781161138672958e-01
-2.171193448309425289e-01
-6.431141640526891745e-01
6.412768852330185121e-01
6.956325943619293684e-01
7.722079232379119862e-01
-9.251503936299591002e-01
-6.768895077093091128e-01
6.843152963413779988e-01
-7.676986968177614834e-01
8.550829646399231709e-01
-5.008802339192457431e-01
3.541958137963876485e-01
5.319171397972395354e-01
-7.069527863779589971e-01
3.923359368754623655e-01
-3.058531475632291219e-01
3.739386628106000643e-02
-8.861982700238014710e-01
-6.455433541697865873e-01
3.110896890280968607e-01
2.677020049558072601e-01
8.745256783785706478e-01
-7.392772937908709263e-01
-2.204398538958949050e-01
1.616510286162737842e-01
4.312804917306526375e-01
1.906147034483196556e-01
-7.647473956817408824e-01
2.605652612908645471e-01
1.158196775508124610e-02
-5.081251624599958383e-01
4.426594467394013854e-01
-6.191255507014008508e-01
1.539108000965467293e-01
5.987706276275813755e-01
-6.815149436956216000e-01
-3.071353538510802617e-01
-9.374678020563758096e-01
4.639657820464092031e-01
-4.820507353366842995e-01
-5.014379899064174140e-01
3.342558221434946408e-01
-8.404584994780028850e-01
4.805583060424500896e-01
-6.810901176286954239e-01
7.061682408714416992e-01
-4.436255669858235606e-01
-4.811145689935410474e-01
-2.515528785960501335e-01
9.433560822484372554e-01
6.730098672681593674e-01
1.826792209523346311e-01
9.425106280065251863e-01
-7.848751413155130585e-01
6.224535002035548326e-01
-7.495936205433284538e-01
-2.224031902118161486e-01
-1.030431603697514187e-01
2.420542182246807617e-01
-3.751348611310179049e-01
-1.550255057602802911e-01
-8.579043580528671331e-01
8.637679064664094408e-01
9.163677385954651644e-01
2.407490176194415632e-01
2.594805470064415198e-01
2.491393340901122411e-01
-1.545449168788481376e-01
2.160947313033450279e-01
-9.582079709098053621e-01
-4.821875597467044638e-01
4.340087717999076000e-01
9.475791697206097375e-01
-4.043614000310209455e-01
3.187476090497862735e-01
-9.231677590614135731e-01
-8.455517892592347984e-01
-1.934470042922173949e-01
6.508575319149199068e-01
-3.467348932139655560e-01
5.567161033773593282e-01
-6.232108184054838684e-01
-1.589369788311354448e-01
9.434057970775833191e-01
-9.282119978591889531e-01
-1.957542896252276177e-01
-4.095890173653365385e-01
1.723214191509103710e-01
6.950970563235998601e-01
-5.306947520885237912e-01
-4.820242860357308867e-01
6.002426785189360903e-01
9.571387710362639911e-01
-6.954514389730788171e-01
9.846673403828849480e-01
3.921136699891352162e-01
4.269178919344937539e-02
-1.081737677045013779e-01
4.204978797935773338e-01
4.712666195586183715e-01
-2.347505829175611236e-01
6.590943739417385316e-01
-1.202526383956306621e-01
8.983134128904612936e-03
-3.330567940094793511e-01
-5.586767987363958632e-01
-3.843275130401205275e-01
-8.159130224940029930e-01
-4.651195744966612478e-01
9.817810590083362321e-01
3.447449734678331712e-02
1.121948612151827396e-01
9.499730237633396968e-03
4.297064300003158865e-01
-8.933325248119614592e-01
6.128360096493699061e-01
5.958536078611440523e-01
-1.896544322159660068e-02
-6.862337106794513808e-02
