6.501284830553337724e-01
-4.251178810115617823e-01
5.047990438211575892e-01
-7.926157283643333606e-01
4.636383189665558291e-01
-7.554527109360279491e-01
2.686586991150277104e-01
1.736881143092855462e-01
-3.301594754693260025e-02
-7.211283047802985458e-02
8.594280747875270299e-01
-6.823070339307339971e-01
7.222502845196806520e-01
6.583217380891959181e-02
3.050340802427018994e-01
9.487671202795576741e-01
8.179779217388879475e-01
1.234476544702309830e-01
6.617442529774218984e-01
-7.259375409480495200e-01
-8.948934476421627204e-01
-1.613054199014724022e-01
9.606288526620213042e-02
9.748765048504439701e-01
4.324827478564771122e-01
7.949098451069931404e-01
6.234559575288833866e-01
-4.420550973112347126e-02
8.828874317216102163e-01
-7.721428466496902399e-01
-7.241082983861319988e-01
-5.555704856551217929e-01
5.799341134414620624e-01
-5.354659531648797710e-01
-4.827769836243518409e-01
2.437436213400175078e-01
1.124244368986257736e-01
-6.787948045356418936e-01
1.615484168460223913e-01
1.833814602905275981e-01
7.364743529380247677e-01
9.135194172167371285e-01
7.459140327756736966e-01
9.008600084953930498e-01
7.966680905875672680e-02
-8.139312252861581332e-01
-9.947515273980777062e-01
-4.722905603809275932e-01
4.284121037570289836e-01
7.752012083589465696e-01
-4.305717084164573105e-01
-2.520266034062138560e-01
-1.691389354408995849e-01
-5.287226450502383601e-01
-7.676727671346178505e-01
8.180496245072613193e-02
9.032322921054397602e-01
5.693913901785183640e-01
7.064936750349020134e-01
6.340189536892787414e-01
1.891790989166692860e-01
-7.114848366768682375e-01
1.859698971353925534e-01
4.648262110153535964e-01
3.144049133807347296e-01
6.037010244041396412e-01
-5.927606054756322518e-01
-7.100046615197589395e-01
-6.594712882228324080e-01
8.184057242782569741e-01
3.516031496741951479e-01
5.986300093442095127e-01
9.441978907117192232e-01
-1.629997388845570994e-01
9.012497401327375091e-01
-2.529726035377346527e-01
-2.833724675039716590e-01
8.740304967287603199e-01
1.318068297000635214e-02
-6.907574247387530120e-01
6.842175349572513499e-01
2.954370891271064503e-02
-8.428301773188645596e-01
3.080602739763686482e-01
4.825776638571503963e-01
-8.655817030124293154e-01
4.758948831192195694e-01
-6.976619249852603621e-01
-1.961515601594505664e-01
5.644334980079408481e-01
5.883501863306508373e-01
-8.371265345467736596e-01
-4.575936328411489562e-01
-8.380928456450085218e-01
-7.369311724393474705e-01
-9.301637651221260628e-01
4.173824233998160160e-01
2.505805289496678134e-01
-7.392032006029276570e-01
2.557406278036732372e-01
8.181771355116099764e-01
6.893901705328463470e-01
1.422457284178278991e-01
-8.769885960269396818e-03
-3.978857558726012211e-02
-1.142654034230752846e-01
2.540699695438268790e-01
-3.932631498601623643e-01
-6.284544280052537513e-01
4.850974021002404379e-01
5.874035964598756099e-01
-1.162091861002447768e-01
7.334784869423263132e-01
-9.382052395780033915e-01
4.049179374208114468e-01
-1.561413757526242119e-01
3.744273797350270438e-01
6.674147869068544070e-01
4.967900661206066659e-01
-6.646796070958517211e-01
3.657242675091851858e-01
2.688339727369819521e-01
3.256742553602882118e-01
-7.251284701231228702e-01
-8.034739196639286707e-01
-1.665231314246705951e-01
-7.433611989852515478e-01
-3.453901815873099412e-01
-1.816509969655776824e-01
-4.017836124556648514e-01
7.205459182544382557e-01
-6.020959744997065322e-01
-5.852462718722495350e-01
2.759639362139690300e-02
-4.605318069050879370e-01
2.707141033917797590e-01
-6.717262942529049763e-01
-3.194156992306946274e-01
-2.231995034239378506e-02
-7.379419719339115336e-01
9.340448855474863254e-01
-2.528656656593977758e-01
4.133324127448274043e-01
-8.729883103704094705e-01
9.576904429624233384e-01
-6.436205724231187641e-01
4.529090759874674355e-01
-4.038759714979128779e-02
-3.419498938846095015e-01
2.709413271245889598e-01
1.906976368510387432e-01
-3.979365428807136729e-01
6.856166170131198223e-01
-7.183228882012093752e-01
6.964952684320178111e-01
6.978747741801394344e-01
-3.181859379113743946e-02
-5.691093891622948098e-01
-7.664207176238818642e-02
4.913227416312830331e-01
1.544410378801313460e-02
-8.457855803270727946e-02
1.902325264254015741e-02
-1.208047735077214802e-01
-8.050357239125749409e-01
3.317650695956786966e-01
4.152048206160948718e-01
-5.197382428978593039e-01
5.431345697391930516e-01
4.921700566948348787e-01
-3.152332573698060081e-01
7.722367494874660121e-01
2.278287470650378621e-01
4.804832734481684353e-01
3.317403742127672528e-02
-2.787472200042942494e-01
7.811114677298502951e-01
7.428102257929558583e-01
-5.805267222966212781e-01
-4.397232507417899172e-01
-7.927637701580545482e-01
5.841562843275045491e-01
-7.469085804751987023e-01
-7.254673792795421905e-01
5.548273407612427377e-01
1.358362998197917282e-01
5.475721744193191576e-01
3.085351961855500313e-01
-8.398436533497719569e-01
1.549048056283837682e-01
-2.903986677171278563e-01
1.283631734170539440e-01
-5.904947160717297638e-01
4.124308248519241715e-01
-2.786073331582866741e-01
-2.567879722352743865e-01
2.115133697106302835e-01
4.005993024208728270e-01
-8.678685875117264636e-01
3.484626549917653193e-01
6.479363087575736868e-01
-8.843832516722814896e-01
-6.571203291122386103e-01
-8.484790665867469883e-01
9.131219978946577553e-01
8.801089422022065900e-01
9.006008226424140339e-01
-7.281842896505810181e-01
-5.574316483712680181e-01
-3.002925486836378610e-01
8.085652220204597729e-01
2.388010781526645754e-01
9.306953978818657269e-01
7.000885025616460089e-01
4.740436377227976728e-01
-7.028696640667850826e-01
7.009689377480146089e-01
-8.819463329544789953e-01
-8.382097825630185906e-02
-6.883039487066404394e-02
-3.762505205205177727e-01
-3.554730405939080518e-01
5.376107637195802758e-01
-3.986389568120781712e-01
-1.998800623404736188e-01
-8.809426169633711723e-01
-3.474753115555077043e-01
-9.454443922801181177e-01
6.608512583009370500e-01
5.954656088732361852e-01
-2.500355105358842978e-01
7.982155481536058472e-01
-6.915032347859257911e-01
8.336941057264509736e-01
-8.341602605531543979e-01
6.243366790610919148e-01
-4.587830919543222086e-01
-6.077178576017716605e-01
-8.569418042763254917e-01
-1.264529108916093159e-02
-7.801045100819585798e-01
-6.475807396941912764e-01
1.763922010258767159e-02
-3.996749226032217939e-01
-6.446432334745266779e-01
-5.536273147926482618e-01
-2.596324864654648845e-01
5.869925156937699784e-01
-1.773556800465302674e-01
-5.099889169874243233e-01
-6.409758642792566796e-01
-9.384996635275508758e-01
-2.226750196551165184e-01
5.719909630294999214e-01
-1.226562891626365448e-01
-3.668626923569756615e-01
6.035341189934828598e-01
-4.846788008662119562e-01
1.910147270533852915e-01
8.087140914233110767e-01
-5.952111218242334134e-01
2.902443760799195971e-01
7.039838516052916439e-01
-1.166107861676782126e-01
7.826791024017192289e-01
