5.679157293644806481e-01
-9.274334760878605310e-01
1.554576971457254375e-01
-3.604391082485046693e-01
3.429857393863130488e-01
-8.423879619005302244e-01
-9.605064447965491192e-01
-5.313520823514300551e-01
-3.718794658583072787e-01
1.699543169232274886e-01
2.615413310093259724e-01
-3.636486456823484481e-01
-2.208473312954272738e-01
-7.811139660187760292e-02
7.522673316707891855e-01
6.968553714843279678e-01
8.792552269792965891e-01
-1.527840674991315373e-02
-8.236565398828306073e-01
-2.676980342738135565e-01
4.127391532112876238e-01
1.266882373100765846e-01
-9.697931324399786668e-01
7.872774765567280841e-01
-1.193196253201242729e-01
-3.419401413258238431e-02
6.407330957540062766e-01
3.681663691996110432e-01
7.251840745615738548e-01
7.510744080880588092e-01
9.121669764714823714e-02
-5.068984914246709161e-01
7.175063981101842403e-01
-6.020253009819778178e-01
-8.896794872010621580e-02
-7.879257283368612530e-01
5.803266540092809622e-01
-2.271842217391839558e-01
-9.821695403288609461e-01
6.499136746443994195e-01
-2.902447158453488885e-01
-2.847028808094154151e-02
-3.722229128730926706e-01
-9.606736032985476736e-01
1.327154773206949412e-01
-9.875951538246319217e-02
5.929604939797563645e-01
-3.459355100104873904e-01
-5.396690987398859995e-01
3.521939759117074242e-01
7.202593608123251112e-01
-9.461313484839688481e-01
7.559928937949361716e-01
1.888497348308443291e-01
-9.831501168870770968e-03
8.732663673277557548e-02
2.212417259054744734e-01
-7.894319518152381754e-01
-1.249157245645804437e-01
2.995442794864847103e-01
-6.258979630268288741e-01
-3.936456875474549921e-01
4.478414380485092883e-01
-7.686837243689413901e-01
-2.435737881958400797e-01
1.687072672711549259e-01
1.858408157960148577e-01
9.330190437584746643e-01
-4.750212573632368040e-01
-6.300019867887477476e-01
2.749986759588073926e-01
-2.452544069273350502e-01
1.113176836345976667e-01
-4.837438762214468779e-01
4.472453070908675721e-01
-4.677985469603355151e-01
-8.766273850557034786e-01
3.019817231136860958e-01
-7.934238522352519141e-01
-1.762909248599127676e-01
3.242441635521633447e-01
-8.228106503771406288e-01
-4.881672384922037811e-01
-9.502744570484009667e-01
8.502713013075431370e-01
-7.959532432544841329e-01
-8.295640857474377849e-01
1.662713580307371153e-01
7.086847725897860162e-01
-8.402788429675623894e-01
5.624236072101249651e-01
-1.087995563095803253e-01
9.099064848504939684e-02
3.992510548128937464e-01
5.381489706739902568e-01
6.863293739150896355e-01
-9.528674035065385350e-01
-1.533473414240349442e-02
1.043287255375469208e-01
-2.098331026357933005e-01
-5.022771727476909032e-01
-5.135131496034338605e-01
9.105921901070737068e-01
-6.198526826777406296e-01
8.436380101994385150e-01
2.157277676906134700e-01
-4.445763088775269711e-01
2.394401681946967952e-01
6.911250392027675771e-01
-1.476644007673811876e-01
-8.263426033620627775e-01
6.668709458619923591e-01
7.717536666963329406e-01
-1.117408385506375446e-01
4.550445096231110487e-01
6.983235734051009835e-01
4.996412268922997280e-01
-2.227485418272584505e-01
6.611674626178554171e-02
1.275271486573295587e-01
1.137740916049408135e-01
-8.771247161193266306e-01
9.197437980518130551e-01
-3.042580371916713683e-02
-4.506871948740660550e-01
-1.658572281081771571e-01
2.700031251656466180e-01
5.952289836212572016e-01
4.464259937915219800e-01
5.825568392732403122e-01
7.366302445634327345e-01
-2.194805883591590123e-01
-9.097136103042950950e-01
4.721089942041086784e-01
3.170696195381688121e-01
-7.705104979761332462e-01
9.964959840823008896e-01
-8.734037931897753460e-02
8.795658530210412329e-02
6.551565237322898305e-01
4.723575383153256757e-01
2.701959376529383672e-01
8.410457255201844173e-01
4.144533298249736264e-01
6.159572901366390241e-01
5.639614875582010800e-01
-2.171193448309425289e-01
-6.525899776762300597e-01
6.412706408434301064e-01
6.956325943619293684e-01
2.157619167906890123e-01
-9.251503936299591002e-01
-6.768895077093091128e-01
-9.072048708459798938e-01
-7.676986968177614834e-01
8.826692515503173908e-01
-4.426253493456045462e-01
3.541958137963876485e-01
5.319171397972395354e-01
-7.612715127498573819e-01
7.681428226044033636e-01
-3.028082978416233861e-01
3.739386628106000643e-02
-8.955784283326791995e-01
-6.753354336292157756e-01
3.110896890280968607e-01
2.677020049558072601e-01
8.750871446811803178e-01
-8.301495093642540235e-01
-3.190321242453897921e-01
1.616510286162737842e-01
4.312804917306526375e-01
1.906147034483196556e-01
-7.529438531201695373e-01
2.605652612908645471e-01
6.233558022258833820e-03
-5.506649738799664906e-01
-3.262350388214929620e-01
-6.191255507014008508e-01
8.050287759569121349e-01
4.237842956758782753e-01
-2.075779768175986251e-01
-2.935998238739406796e-01
-9.374678020563758096e-01
5.328676491653441816e-02
-4.820507353366842995e-01
-5.907262404813140577e-01
3.342558221434946408e-01
-8.404584994780028850e-01
4.805583060424500896e-01
-6.810901176286954239e-01
7.061682408714416992e-01
-4.436255669858235606e-01
-5.134284165652395204e-01
-2.404255017723483101e-01
7.019485779098416645e-01
-3.047990566003930812e-01
1.826792209523346311e-01
8.017924787907956263e-01
-7.453789037513107729e-01
6.224535002035548326e-01
-7.448083861733647559e-01
-2.181866588151371855e-01
-2.134857161525904878e-01
2.420542182246807617e-01
-3.728527398527597403e-01
-7.683394663810426684e-01
-8.455717893990771783e-01
8.637679064664094408e-01
9.163677385954651644e-01
2.407490176194415632e-01
2.594805470064415198e-01
2.491393340901122411e-01
-1.545449168788481376e-01
1.278528197650099230e-01
7.226181040333679029e-01
-4.820711457070184780e-01
4.067406678128973052e-01
9.475791697206097375e-01
-4.043614000310209455e-01
7.129070216391222847e-02
-9.231677590614135731e-01
-8.455517892592347984e-01
-1.934470042922173949e-01
6.508575319149199068e-01
-3.612691881446385977e-01
5.851777684379357858e-01
-6.157526043877177280e-01
-6.550428890239287649e-02
9.579203865871440682e-01
-9.282119978591889531e-01
-1.957542896252276177e-01
-7.546274341592185131e-01
1.817249995315153299e-01
-1.414175797727793005e-01
-7.152090049205118705e-01
-7.876852332338410978e-01
-3.908704994104885144e-01
9.571387710362639911e-01
-5.689450247796319360e-01
9.846673403828849480e-01
3.921136699891352162e-01
4.269178919344937539e-02
-1.081737677045013779e-01
5.344535893663159287e-01
4.712666195586183715e-01
-2.347505829175611236e-01
6.590943739417385316e-01
-1.202526383956306621e-01
8.983134128904612936e-03
-6.308740271411047429e-01
-5.177568354220023483e-01
-3.914836833055022058e-01
-8.159130224940029930e-01
-6.366894140066833296e-01
7.359998635534457101e-01
2.199244991234260149e-02
1.121948612151827396e-01
-3.864634913923590265e-01
4.297064300003158865e-01
-9.664594285189427314e-01
6.128360096493699061e-01
5.958354657125785048e-01
-1.896544322159660068e-02
-6.862337106794513808e-02
