5.924903808528338978e-01
-9.183355287348786700e-01
8.754317511819631470e-02
-3.604391082485046693e-01
4.683222687268985274e-01
-8.423879619005302244e-01
-9.609073462210736549e-01
-4.457486161402869351e-01
-3.718794658583072787e-01
-1.031603015451593580e-01
2.615413310093259724e-01
-4.709245659723813593e-01
-2.208473312954272738e-01
-7.811139660187760292e-02
7.522673316707891855e-01
4.476291970742172777e-01
8.930736457896801817e-01
-3.582626478323290842e-01
-7.359307119097797667e-01
-2.676980342738135565e-01
4.127391532112876238e-01
1.505579448192440051e-01
-9.698494527490940653e-01
7.872589159936371761e-01
-1.015864216647567875e-01
-3.419401413258238431e-02
-1.668694766080313086e-01
4.075386387475984362e-01
7.273458055453679849e-01
-6.645553601328741955e-01
9.121669764714823714e-02
-9.885748668170951658e-01
7.195283019633912369e-01
-7.204382350243205835e-01
-8.896794872010621580e-02
-7.879257283368612530e-01
5.848153369965153336e-01
-2.626658370424255207e-01
-9.822817783027472105e-01
4.773465921623811781e-01
-3.778695666509802598e-01
-2.847028808094154151e-02
-3.513142648191354134e-01
-9.606736032985476736e-01
-1.081039717976781805e-01
-1.167100769710829600e-01
6.660249700010557605e-01
-3.459355100104873904e-01
-5.429905337774978413e-01
-9.731855378791440803e-01
7.507147511295233500e-01
-9.461313484839688481e-01
5.659608715410207047e-01
1.888497348308443291e-01
-9.831501168870770968e-03
8.732663673277557548e-02
2.272453773533046895e-01
-7.894140965501326157e-01
-9.979860892827242813e-02
3.833303200347406570e-01
-6.280420277139733276e-01
-3.936456875474549921e-01
4.477737656400434529e-01
-8.360542246323063864e-01
1.266235240350376268e-01
1.687072672711549259e-01
2.065311430937028236e-01
9.975875100708504473e-01
-2.843656215180314639e-01
-6.300019867887477476e-01
2.749986759588073926e-01
-2.403049990693817972e-01
1.113176836345976667e-01
-4.863557929486381215e-01
4.973646972429658364e-01
-4.436051824793698639e-01
-9.630859095209431953e-01
3.019817231136860958e-01
4.073670083139899201e-01
-2.223179210946286399e-01
3.242441635521633447e-01
-2.580883365927105211e-01
-6.028043871559121136e-01
-9.502744570484009667e-01
-5.240904353951865158e-01
-7.959532432544841329e-01
-9.886298815907232918e-01
1.662713580307371153e-01
7.088792179631456802e-01
-8.372834286988347641e-01
5.624236072101249651e-01
5.830597509593347105e-01
9.099064848504939684e-02
4.358428679435450981e-01
8.297961976109892168e-01
2.820516677971475761e-01
-9.583821096319334876e-01
-7.708423777998740789e-03
1.047973622887288236e-01
-1.680474484015243020e-01
-7.716750928840578894e-01
-5.135131496034338605e-01
9.162882725960687091e-01
-5.882429200723364726e-01
8.060058955319835405e-01
1.771647625187390551e-01
-4.308160955068831566e-01
2.394401681946967952e-01
8.417295424359778622e-01
-1.733909253853181398e-01
-8.263426033620627775e-01
7.562945557308041744e-01
7.717536666963329406e-01
-1.117408385506375446e-01
4.550445096231110487e-01
6.296298597768565930e-01
4.431398040174419073e-01
-2.227485418272584505e-01
-5.338569628263300365e-02
1.359877251428597833e-01
5.874788335034067388e-02
-8.829130974174494995e-01
9.197437980518130551e-01
-3.029032878370496035e-02
-4.506871948740660550e-01
-1.658572281081771571e-01
-7.233595498336709007e-01
4.915499265752660829e-01
2.841828212333413761e-01
2.877337203185251213e-01
-7.601996493350349215e-01
-5.776534448884376727e-02
-9.078585723081644687e-01
4.721089942041086784e-01
3.139771183010974798e-01
-7.705104979761332462e-01
7.753933838080608876e-01
-8.734037931897753460e-02
8.795658530210412329e-02
6.521849823894796394e-01
4.723575383153256757e-01
2.769898768629427410e-01
8.410457255201844173e-01
-5.918031712610186679e-01
6.152907637441530353e-01
-1.711781161138672958e-01
-1.642541841499238764e-01
-6.363646425521504169e-01
6.412769075707719368e-01
6.956325943619293684e-01
8.041946957798780105e-01
-9.251503936299591002e-01
-6.768895077093091128e-01
6.351913020264261522e-01
-7.676986968177614834e-01
8.817478911840962441e-01
-5.008802339192457431e-01
3.541958137963876485e-01
5.319171397972395354e-01
-7.075687365193384926e-01
3.923359368754623655e-01
-3.058531475632291219e-01
1.607655666519882953e-01
-8.861982700238014710e-01
-6.426850327669509921e-01
3.110896890280968607e-01
2.677020049558072601e-01
8.750871446811803178e-01
-7.433652015884077979e-01
-2.204398538958949050e-01
1.616510286162737842e-01
4.312804917306526375e-01
1.906147034483196556e-01
-7.527599514388191304e-01
2.605652612908645471e-01
2.855936950049153822e-02
-5.115171012338516343e-01
4.426594467394013854e-01
-6.191255507014008508e-01
1.539108000965467293e-01
5.948026839526074916e-01
-6.920368688834411808e-01
-2.899223106198928201e-01
-9.374678020563758096e-01
4.639657820464092031e-01
-4.820507353366842995e-01
-6.226262538073588093e-01
3.342558221434946408e-01
-8.404584994780028850e-01
4.805583060424500896e-01
-6.810901176286954239e-01
7.061682408714416992e-01
-4.436255669858235606e-01
-4.829466567761527829e-01
-2.515528785960501335e-01
9.323759504965308809e-01
6.549862227301480599e-01
1.826792209523346311e-01
9.425920046151489151e-01
-7.848816148009363225e-01
6.224535002035548326e-01
-7.495936205433284538e-01
-2.173950549464182258e-01
-2.130435364314285096e-01
2.420542182246807617e-01
-3.748162892326946660e-01
-6.747764233215937102e-01
-8.579043580528671331e-01
8.637679064664094408e-01
9.163677385954651644e-01
2.407490176194415632e-01
2.089072747090504611e-01
-3.821476166657312989e-02
1.492173904304577303e-01
2.160947313033450279e-01
-9.578126061896288235e-01
-4.820861215180378689e-01
4.317546900147726241e-01
9.476278319268033323e-01
-4.043614000310209455e-01
3.187476090497862735e-01
-9.236387299714849952e-01
-8.455517892592347984e-01
-9.624080873987397866e-02
2.649804176935654509e-01
-3.467894894666199157e-01
5.569728203417744217e-01
-6.232108184054838684e-01
-1.589369788311354448e-01
8.213673271330063086e-01
-9.282119978591889531e-01
-1.957542896252276177e-01
-3.648509228298126295e-01
-5.775606234787435955e-01
6.891133834210195763e-01
-7.451624808085368645e-01
-4.734583742273781315e-01
6.001677523326417463e-01
9.571387710362639911e-01
-6.978689893306556646e-01
9.846673403828849480e-01
3.921136699891352162e-01
4.269178919344937539e-02
-1.081737677045013779e-01
4.204978797935773338e-01
4.712666195586183715e-01
-2.347505829175611236e-01
6.590943739417385316e-01
-1.202526383956306621e-01
8.983134128904612936e-03
-6.124052242353865694e-01
-5.587052126781246741e-01
-3.843275130401205275e-01
-8.159130224940029930e-01
-8.497168401597379184e-01
9.817810590083362321e-01
4.704229635376883101e-02
1.121948612151827396e-01
1.422075959448535105e-02
4.297064300003158865e-01
-8.933325248119614592e-01
6.128360096493699061e-01
5.958536078611440523e-01
-1.896544322159660068e-02
-8.726434076197114864e-02
