5.924903808528338978e-01
-9.183355287348786700e-01
8.754317511819631470e-02
-3.604391082485046693e-01
4.683222687268985274e-01
-8.423879619005302244e-01
-9.637863413501662757e-01
-4.457486161402869351e-01
-3.718794658583072787e-01
-9.944798731330094232e-02
2.615413310093259724e-01
-4.723124772251834358e-01
-2.208473312954272738e-01
-7.811139660187760292e-02
7.522673316707891855e-01
4.476291970742172777e-01
8.023362100000995811e-01
-4.944386280248092014e-02
-7.367049809276859929e-01
-2.676980342738135565e-01
4.127391532112876238e-01
1.505579448192440051e-01
-9.697931324399786668e-01
7.853264256524959963e-01
-6.275984296566695930e-02
-3.419401413258238431e-02
-1.668141629187480657e-01
4.075298821302456020e-01
6.839079740612992175e-01
-6.645553601328741955e-01
9.121669764714823714e-02
-9.864954119263097398e-01
7.195283019633912369e-01
-7.622389180633939443e-01
-8.896794872010621580e-02
-7.879257283368612530e-01
5.848153369965153336e-01
-2.626799007392089380e-01
-9.816344676305219785e-01
-4.579824001330862204e-01
8.008816907373494942e-01
-2.847028808094154151e-02
-3.513142648191354134e-01
-9.606736032985476736e-01
1.882694517604077689e-01
-9.460557549806636324e-02
6.674764312778085351e-01
-3.459355100104873904e-01
-5.429905337774978413e-01
-9.969099257132248981e-01
7.525626421239077768e-01
-9.461313484839688481e-01
5.659608715410207047e-01
1.888497348308443291e-01
-9.831501168870770968e-03
8.732663673277557548e-02
2.703896345190496264e-01
-7.894885695318780705e-01
1.682961478358718510e-01
-6.282775559904330009e-02
-6.256975819329059219e-01
-3.936456875474549921e-01
4.477737656400434529e-01
-8.360542246323063864e-01
3.510051917741996430e-02
1.687072672711549259e-01
2.100562172930481031e-01
9.492464599404182302e-01
-2.069677263466360440e-01
-6.300019867887477476e-01
2.749986759588073926e-01
-2.403003603404112454e-01
1.113176836345976667e-01
-4.635820787804287857e-01
4.991539989331796323e-01
-4.435764067749029538e-01
-9.749822745395453349e-01
3.019817231136860958e-01
6.034191858846740253e-01
-2.222874964711322732e-01
3.242441635521633447e-01
-1.941053522716969515e-01
-6.216649211003165698e-01
-9.502744570484009667e-01
-5.240904353951865158e-01
-7.959532432544841329e-01
-9.895915150638774360e-01
1.662713580307371153e-01
7.085742587005182669e-01
-8.372845585320674022e-01
5.624236072101249651e-01
5.746610325614434078e-01
9.099064848504939684e-02
4.213117441461599610e-01
8.297961976109892168e-01
2.860792527931298457e-01
-9.538838672577262257e-01
3.590938809203489956e-01
1.048837991623903787e-01
-7.392047917244712885e-01
-7.716750928840578894e-01
-5.135131496034338605e-01
9.162911845106365138e-01
-5.882429200723364726e-01
4.052707068651194566e-01
1.775586950047922385e-01
-4.308160955068831566e-01
2.394401681946967952e-01
8.417295424359778622e-01
-1.733909253853181398e-01
-8.263426033620627775e-01
7.552477223308532439e-01
7.717536666963329406e-01
-1.117408385506375446e-01
4.550445096231110487e-01
6.296298597768565930e-01
-8.019208173953203955e-01
-2.227485418272584505e-01
-5.356506924298432004e-02
2.167272421878799482e-01
4.832900596612218352e-02
-9.908914884917663368e-01
9.197437980518130551e-01
-3.029167697987231178e-02
-4.506871948740660550e-01
-1.658572281081771571e-01
-7.233595498336709007e-01
-2.654616931215322273e-01
2.841828212333413761e-01
2.877337203185251213e-01
-7.601996493350349215e-01
-2.115279751277581236e-02
-9.662506725122071982e-01
4.721089942041086784e-01
3.139868040375775604e-01
-7.705104979761332462e-01
7.645673282887996969e-01
-8.734037931897753460e-02
8.795658530210412329e-02
6.521859698179406362e-01
-2.802409899276681049e-02
2.769898768629427410e-01
8.410457255201844173e-01
-6.288990562362622994e-01
6.151604113839759247e-01
-1.711781161138672958e-01
-2.171193448309425289e-01
-6.402138600231314092e-01
6.412768852330185121e-01
6.956325943619293684e-01
7.722079232379119862e-01
-9.251503936299591002e-01
-6.768895077093091128e-01
6.778251784374421662e-01
-7.676986968177614834e-01
8.550829646399231709e-01
-5.008802339192457431e-01
3.459462102797333238e-01
5.319171397972395354e-01
-7.069527863779589971e-01
3.923359368754623655e-01
-3.058531475632291219e-01
-7.433909721763070078e-01
-8.861982700238014710e-01
-6.459157998952276269e-01
3.110896890280968607e-01
2.677020049558072601e-01
8.750871446811803178e-01
-7.392772937908709263e-01
-2.204398538958949050e-01
1.616510286162737842e-01
4.312804917306526375e-01
1.906147034483196556e-01
-7.647473956817408824e-01
2.605652612908645471e-01
1.158196775508124610e-02
-5.081251624599958383e-01
4.544311283259072631e-01
-6.191255507014008508e-01
1.539108000965467293e-01
5.987706276275813755e-01
-6.815149436956216000e-01
-3.071353538510802617e-01
-9.374678020563758096e-01
4.639657820464092031e-01
-4.820507353366842995e-01
-5.014379899064174140e-01
3.342558221434946408e-01
-8.404584994780028850e-01
4.805583060424500896e-01
-6.810901176286954239e-01
7.061682408714416992e-01
-4.436255669858235606e-01
-4.811145689935410474e-01
-2.515528785960501335e-01
9.433560822484372554e-01
6.730098672681593674e-01
1.826792209523346311e-01
9.425106280065251863e-01
-7.848751413155130585e-01
6.224535002035548326e-01
-2.185355564406930851e-02
-2.224031902118161486e-01
-1.031449519922688352e-01
2.420542182246807617e-01
-3.751348611310179049e-01
-1.477823051688307021e-01
-8.579043580528671331e-01
8.637679064664094408e-01
9.163677385954651644e-01
2.407490176194415632e-01
2.594805470064415198e-01
-8.844475885803282367e-03
1.137293721380667200e-01
2.160947313033450279e-01
-9.582079709098053621e-01
-4.821869841693490200e-01
4.400259807605229612e-01
9.557486090838844817e-01
-4.043614000310209455e-01
3.187476090497862735e-01
-9.231677590614135731e-01
-8.455517892592347984e-01
-5.532129160185372818e-01
2.613954199094300490e-01
-3.467349059851135284e-01
5.567161033773593282e-01
-6.232108184054838684e-01
-1.589369788311354448e-01
8.213673271330063086e-01
-9.282119978591889531e-01
-1.957542896252276177e-01
-4.095890173653365385e-01
1.664596488646492567e-01
6.960703723352121841e-01
-5.306947520885237912e-01
-4.820242860357308867e-01
6.002426785189360903e-01
-3.807591542136673501e-01
-6.954514389730788171e-01
9.846673403828849480e-01
3.921136699891352162e-01
4.269178919344937539e-02
-1.081737677045013779e-01
4.204978797935773338e-01
4.712666195586183715e-01
-2.347505829175611236e-01
6.590943739417385316e-01
-1.202526383956306621e-01
8.983134128904612936e-03
-3.330567940094793511e-01
-5.586697176370306606e-01
-3.843278560348868944e-01
-8.159130224940029930e-01
-8.660125927311422833e-01
9.817810590083362321e-01
3.447449734678331712e-02
1.121948612151827396e-01
9.493751449360342265e-03
4.297064300003158865e-01
-8.933325248119614592e-01
6.128360096493699061e-01
5.958536078611440523e-01
-1.896544322159660068e-02
7.608017296479541169e-02
