5.924903808528338978e-01
-9.192009880486951001e-01
8.754317511819631470e-02
-3.604391082485046693e-01
4.952394423674810198e-01
-8.423879619005302244e-01
-9.608835449457463485e-01
-4.457486161402869351e-01
-3.718794658583072787e-01
-1.206639993414082568e-04
2.615413310093259724e-01
-4.723124772251834358e-01
-2.208473312954272738e-01
-7.811139660187760292e-02
7.522673316707891855e-01
6.200281130705286303e-01
8.995792817156358367e-01
-5.216208740873895522e-02
-7.367049809276859929e-01
-2.676980342738135565e-01
4.127391532112876238e-01
1.300943761176607816e-01
-9.697931324399786668e-01
7.851283748501822757e-01
-6.275984296566695930e-02
-3.419401413258238431e-02
-1.668141629187480657e-01
4.110909043110482219e-01
6.839079740612992175e-01
-6.645553601328741955e-01
9.121669764714823714e-02
-9.864954119263097398e-01
7.195283019633912369e-01
-7.622389180633939443e-01
-8.896794872010621580e-02
-7.879257283368612530e-01
5.848153369965153336e-01
-2.575606183551795714e-01
-9.816344676305219785e-01
-3.336455059431203130e-01
8.008816907373494942e-01
-2.847028808094154151e-02
-3.501687325693389474e-01
-9.606736032985476736e-01
1.882694517604077689e-01
-9.460557549806636324e-02
5.540336485644955511e-01
-3.459355100104873904e-01
-5.432333801719616551e-01
4.397577702892906948e-01
7.525626421239077768e-01
-9.461313484839688481e-01
5.837776439165589526e-01
1.888497348308443291e-01
-9.831501168870770968e-03
8.732663673277557548e-02
2.703896345190496264e-01
-7.742226753754875013e-01
1.682961478358718510e-01
2.814913445176675522e-01
-6.256975819329059219e-01
-3.936456875474549921e-01
4.477800821500473316e-01
-7.693676880133571983e-01
3.510051917741996430e-02
1.687072672711549259e-01
2.100562172930481031e-01
9.492464599404182302e-01
-5.115370827290928180e-01
-6.300019867887477476e-01
2.749986759588073926e-01
-2.403003603404112454e-01
1.113176836345976667e-01
-4.635820787804287857e-01
4.991539989331796323e-01
-4.435764067749029538e-01
-8.748387052539821074e-01
1.477323675871227149e-01
6.034191858846740253e-01
-2.222874964711322732e-01
3.242441635521633447e-01
-4.248700922306114514e-02
-6.216649211003165698e-01
-9.502744570484009667e-01
6.202147209724244714e-01
-7.959532432544841329e-01
-9.895915150638774360e-01
1.662960194159577298e-01
7.085875097278414581e-01
-8.376147914963659735e-01
5.624236072101249651e-01
5.746610325614434078e-01
9.099064848504939684e-02
4.213117441461599610e-01
8.288719662875621008e-01
2.860792527931298457e-01
-9.538813207792586901e-01
3.590938809203489956e-01
1.048837991623903787e-01
-7.392047917244712885e-01
-7.716750928840578894e-01
-5.135131496034338605e-01
9.155766953654894680e-01
-5.867351947306298499e-01
4.052707068651194566e-01
1.767243182411922520e-01
-4.434357293864228389e-01
2.394401681946967952e-01
6.996927682143062599e-01
-1.733909253853181398e-01
-8.263426033620627775e-01
7.518491730509891946e-01
7.717536666963329406e-01
-1.117408385506375446e-01
4.550445096231110487e-01
6.453240320749755732e-01
-8.019208173953203955e-01
-2.227485418272584505e-01
-5.123602095316289601e-02
2.167272421878799482e-01
4.832900596612218352e-02
-9.916407358241117187e-01
9.197437980518130551e-01
-3.029167697987231178e-02
-4.506871948740660550e-01
-1.658572281081771571e-01
-7.233595498336709007e-01
5.910093247857641785e-01
2.841828212333413761e-01
2.877337203185251213e-01
-7.601996493350349215e-01
-2.115279751277581236e-02
-9.662506725122071982e-01
4.721089942041086784e-01
3.139868040375775604e-01
-7.705104979761332462e-01
7.645673282887996969e-01
-8.734037931897753460e-02
8.795658530210412329e-02
6.631242265809903502e-01
-2.802409899276681049e-02
7.671702000190360193e-01
8.410457255201844173e-01
4.211279185317823304e-01
6.047373820593516802e-01
-1.711781161138672958e-01
-2.243757962163961395e-01
-6.390371886663885892e-01
6.412768852330185121e-01
6.956325943619293684e-01
7.722079232379119862e-01
-9.251503936299591002e-01
-6.768895077093091128e-01
3.989835093135393751e-01
-7.676986968177614834e-01
4.482521298867109261e-01
-4.349307439308305323e-01
3.459462102797333238e-01
5.319171397972395354e-01
-7.012294656685389427e-01
8.786022549086548450e-01
-3.071401052454841296e-01
2.561853430218158367e-02
-8.861982700238014710e-01
-6.741780822074312507e-01
3.110896890280968607e-01
2.677020049558072601e-01
8.750871446811803178e-01
-7.392772937908709263e-01
-2.267215457323231431e-01
1.616510286162737842e-01
4.312804917306526375e-01
1.906147034483196556e-01
-7.644051086505181392e-01
2.605652612908645471e-01
1.187363722580719351e-02
-5.081251624599958383e-01
4.268428011201574335e-01
-6.191255507014008508e-01
1.554048331121130055e-01
5.987706276275813755e-01
-3.485111113424055884e-01
-3.121670429474082686e-01
-9.374678020563758096e-01
4.579624864454063804e-01
-4.820507353366842995e-01
-5.016441658608330467e-01
3.342558221434946408e-01
-8.404584994780028850e-01
4.805583060424500896e-01
-6.810901176286954239e-01
7.061682408714416992e-01
-4.436255669858235606e-01
-4.811145689935410474e-01
-2.515528785960501335e-01
9.433560822484372554e-01
7.002656582851047862e-01
1.826792209523346311e-01
9.393782903361420633e-01
-7.848751413155130585e-01
6.224535002035548326e-01
-2.185355564406930851e-02
-2.227299490443950536e-01
-9.739721825673000599e-02
2.420542182246807617e-01
-3.751348611310179049e-01
-1.477823051688307021e-01
-8.579043580528671331e-01
8.637679064664094408e-01
9.163677385954651644e-01
2.407490176194415632e-01
2.594805470064415198e-01
-8.844475885803282367e-03
-1.631809074734819620e-01
2.160947313033450279e-01
6.633555871591105824e-01
-4.820595068123466609e-01
4.400259807605229612e-01
9.492245326320710719e-01
-4.043614000310209455e-01
3.187476090497862735e-01
-9.231677590614135731e-01
-8.455517892592347984e-01
-1.505356223829511508e-01
2.613954199094300490e-01
-3.483309843489316160e-01
5.567161033773593282e-01
-3.004791241676717517e-01
-1.589369788311354448e-01
8.213673271330063086e-01
-9.282119978591889531e-01
-1.957542896252276177e-01
-4.209851126546195754e-01
1.815946525279708568e-01
-2.427424228236856329e-01
-5.306947520885237912e-01
-4.820242860357308867e-01
7.171521683120207769e-01
-3.819904601551077916e-01
-5.731912306743479624e-01
9.846673403828849480e-01
3.921136699891352162e-01
4.269178919344937539e-02
-1.081737677045013779e-01
4.223135892613516518e-01
4.712666195586183715e-01
-2.347505829175611236e-01
6.590943739417385316e-01
-1.202526383956306621e-01
8.983134128904612936e-03
-6.361261946139480372e-01
-5.586704331535183865e-01
-3.842791538990873446e-01
-8.159130224940029930e-01
-8.428979934960116882e-01
7.418161241382170701e-01
3.403660535842976259e-02
1.121948612151827396e-01
9.493751449360342265e-03
4.297064300003158865e-01
-8.933325248119614592e-01
6.128360096493699061e-01
5.958536078611440523e-01
-1.896544322159660068e-02
7.608017296479541169e-02
