-4.597653133608833320e-01
-4.209828820430047136e-01
-7.740024649889558628e-01
-8.687793131082937048e-01
9.537210528162285428e-01
-7.824875662473063098e-02
4.308644720567511577e-01
6.234731532308885882e-01
-3.882323695080948101e-01
-3.804788692547242945e-01
-1.966412452726018500e-01
9.348800114259093741e-01
2.897662204363911087e-01
5.253646936308630222e-01
2.819581893339790923e-01
-5.578809010427265846e-01
2.805861769744173451e-01
1.242587873064064929e-01
-2.694557148489581944e-01
-8.049235604254809662e-01
7.357614102900054132e-01
-7.798875298911767118e-02
5.404910876328582470e-01
-9.362269849329810656e-01
-8.087941671441645219e-01
6.507833372520324122e-01
9.831202829267580157e-01
4.160322830446494535e-01
-9.226979026640975690e-01
6.159955880325471700e-01
-7.388382279774098338e-01
5.151731372615291349e-01
-8.572244758838186707e-01
-2.392117008471952855e-01
-9.419155835654261510e-01
-2.886831619604875998e-01
5.422648454277088081e-01
-2.419995516771217270e-02
-5.134041048996225154e-01
7.476629678885725605e-01
5.412681791693640942e-01
-5.727049805817469030e-02
9.745932669975723717e-02
7.076827623988143356e-01
-5.905292873418834798e-01
4.548466407207985007e-02
3.855211412469982113e-01
-4.773236680946122412e-01
4.553345369293502753e-01
-5.793233764302383459e-01
-4.788498925835455444e-01
-3.823836925984713808e-02
6.638419017835114344e-01
-4.302736308176121072e-01
-6.836225890914758851e-01
3.329043642577714235e-02
-4.384352411725100929e-01
-9.335816627753004138e-01
5.299528001827573664e-01
2.489221039006207781e-01
3.902730837668969555e-01
-2.091177950769196325e-01
-8.738103556058054444e-01
6.664214437939794955e-01
3.271341731674802245e-01
4.124353972570731219e-01
-6.829980460785674001e-01
-8.731644156734639228e-01
-8.655216520109941802e-01
-9.224513089673820332e-01
-6.746106306635566430e-01
8.513126576942326995e-01
-3.677127430942961350e-01
5.314636207793114187e-01
4.910137359860604622e-01
9.341622704204557426e-01
7.831635845394601114e-01
9.231595349515387960e-01
-2.682079398848701279e-01
-4.121334383673961321e-01
7.459839558262486570e-01
-6.522886614211473866e-01
-2.835773825871212850e-02
7.605251314104254368e-01
-5.648382245965092308e-01
-8.492099815216271885e-01
3.023244759425202099e-01
7.864640480747517870e-01
2.564333937494603366e-02
-2.316109669006912175e-01
5.962400425149720906e-01
5.445235361012726316e-02
4.732516143137304176e-01
8.559342415581950858e-01
2.129104696089059168e-01
2.064380692344232049e-01
-6.185670609407332154e-01
-3.627284654150340071e-01
-7.614330259478767626e-01
7.769162760669704459e-01
4.506834150570989683e-01
9.847059083931493095e-01
-6.097748708188586164e-01
-9.147653862915799960e-02
1.787372291638897326e-01
-6.594279864364529509e-01
2.015430342942901576e-01
-4.228810042091334376e-01
-7.507179012649807248e-01
-1.797242408039001482e-01
7.914085627566473935e-01
3.332224339114953082e-03
5.666693883010287536e-01
7.873474502903042849e-01
2.669829185879843969e-01
-5.936060261533910865e-01
-1.991661531688627973e-01
4.599078534157317044e-01
6.723773187071702129e-01
-5.077172921106964942e-01
3.137216619259850514e-01
6.857884669885210283e-01
2.092015117484966602e-01
-9.543609699916159039e-01
-4.034416462930757730e-01
-7.479288807469890443e-01
-5.410881628021675382e-01
-3.774227180131812243e-01
-8.750345899296476659e-01
8.746211880027381369e-01
8.739217610712031181e-01
-6.799742732098366105e-01
-5.617879397689995447e-01
-4.430396204955692196e-01
9.106360907442294650e-01
8.140330750742805765e-01
-7.494714284057979459e-01
-4.590487755081997800e-01
-6.568540049856010921e-01
-6.243539085689040480e-01
5.180576376965639884e-01
3.462538728635515817e-01
4.462613941523072558e-01
1.819192189479079680e-02
8.170606788445371471e-01
7.042498607740554917e-01
4.163291075082277137e-01
5.451150215910418595e-01
-5.994733595168618701e-01
1.198716163066787521e-02
2.619685952055580969e-01
-2.434611941930400203e-01
5.590850708110903788e-01
-7.762499179408305361e-01
8.807873026313722820e-01
-8.383881783245108466e-01
1.744474986510684000e-01
6.019679849801438110e-01
-8.621612168191361558e-01
-4.860829907211604572e-01
-8.237347891214461537e-01
-2.518443054363231348e-01
-1.558320922488198867e-01
4.626393051013708013e-01
-7.805357968104169597e-01
7.652034694175777751e-01
4.441432557026405714e-01
-6.933505830688597715e-01
8.531754872886659902e-01
-2.500865315720123272e-01
4.464240838737860706e-01
7.526539593856972354e-01
7.668899049570627735e-01
-7.183756446288442898e-01
7.856413093998125818e-01
-7.371733756605964860e-01
1.401340356994490721e-01
-7.178950647946642505e-01
-1.157658062654334241e-01
-3.645600437134559613e-01
9.716377587216152856e-01
-3.385877047161507392e-01
-4.407727533414912413e-02
8.383228129737619883e-01
2.106924169688605131e-01
-2.291798965243501129e-01
-5.766657481561078269e-01
7.108043451790383438e-01
7.941791335317069933e-01
8.446775648263691316e-01
-2.200943260703904780e-01
-2.759359753247274394e-02
-6.963722997418049232e-01
9.591519820077265557e-01
5.730488901016556058e-01
6.412532933457135709e-01
1.173647534311485774e-01
7.401673331877990369e-01
3.599364601324042123e-01
8.424236829395137516e-01
-1.003829376660691497e-01
8.400940258657433324e-01
8.003509256006208217e-01
-7.209396068542290870e-01
7.022306964590856460e-01
-9.277943014128559041e-02
7.523478887866856812e-01
-1.112149487183948238e-01
9.106392755154768537e-02
-3.769503489832672916e-01
8.815360841805133241e-01
1.229332675197986613e-01
4.800595501667742071e-01
7.000141409199976961e-01
8.250016777057321837e-01
-6.045540815789492983e-01
-3.486119771799082168e-01
-9.525391428424824225e-01
8.454515959243575907e-01
-3.396136038038939375e-01
-9.665331723111159068e-01
-4.201420266721266061e-02
-3.363437281382585797e-01
-3.549605919978451873e-01
-1.376713356444339009e-01
-8.854613487399805027e-01
-4.372004865767243897e-01
6.576375311375812771e-01
-7.114970955028283583e-01
5.957206315542458164e-01
3.072754426857741139e-01
8.900786765491464081e-01
9.688996694974962853e-01
-1.583572690012609030e-01
-8.116586278733669557e-01
6.349619325380929657e-01
-9.231166144207083590e-01
-9.478983363255355510e-01
-9.400234873182531370e-01
3.436549266969621819e-01
-9.154791767024303972e-01
-8.751063850729303706e-01
7.493450969329442657e-01
-6.299845504367608262e-01
3.924221453510696733e-01
-6.938741169972055811e-01
8.456130701787902826e-01
-1.397110442045569334e-01
8.102234016666203242e-01
6.748625502774342477e-01
-6.429050618853451304e-01
-3.468304513388000831e-01
5.847144681061232641e-01
4.911222735359723757e-01
-7.588620975549925651e-01
-3.664289462022730648e-01
-8.772959848801960003e-01
6.772271376542732257e-01
-1.266604799338825749e-01
8.760596911274143306e-01
6.435205723668009359e-01
-9.625174566320057190e-01
2.578552881988291912e-01
-9.702503101399731489e-02
1.503464819444322031e-01
