2.444181761899035521e-01
6.941037566717986884e-01
3.727362836683039138e-01
-2.450014045622669889e-01
5.613591695128188341e-01
-2.322099632539064429e-01
1.606740931317068299e-01
8.714757719138442882e-01
4.689252638793489636e-01
3.496552608561417363e-01
-4.898934120562965511e-01
-1.052491271488041474e-01
9.371000562233895437e-01
3.146824746701100683e-01
2.844911709475415607e-01
7.059727626080891660e-01
8.959836343589645535e-01
-4.478043421915788858e-01
8.880078015561183591e-01
1.424407252733642104e-01
-8.836963466180682847e-01
7.538786932678747110e-01
3.785427920293414350e-01
8.901522983918256360e-01
2.067204817076862544e-01
7.377542050409648944e-01
-2.396561660888892886e-01
-3.209277543775190256e-01
6.588796083053832797e-01
1.869429055256954242e-01
3.277133209926339497e-01
6.660543053664247370e-01
8.389083375830587164e-01
9.261936701271039629e-02
-4.685290070327787770e-01
7.690059226456838481e-02
-8.559270137130321476e-01
4.565728085645341383e-01
-3.440161423279469721e-02
-8.195740555381963999e-02
-4.111914310490142888e-01
3.529873876436813718e-01
5.650826442005615347e-01
8.634503543027505224e-01
-6.678154455048753713e-01
5.357916530288771018e-01
6.179076700413448364e-01
-2.664857270344412332e-01
-6.136128164532943519e-01
2.031947974171620375e-01
9.905897690369072084e-01
7.869364008160909529e-01
-2.126642562345901766e-01
7.306988888229806189e-01
4.529265750778454502e-01
5.561231435203541906e-01
9.096816289121812948e-01
-2.254014480285858324e-01
8.014975376695241405e-01
1.194416929128097604e-01
-1.715586560756943990e-01
-6.833690462507389096e-01
-9.409482405913245362e-01
7.828711876767081579e-01
-7.624920519849556766e-02
5.665191366092926506e-01
-2.014496355799101912e-01
-7.097633760717955154e-01
-4.634470002953577916e-01
-4.769374700884093654e-01
3.185053589814706432e-01
-1.883360090739532033e-01
8.751712545292791301e-01
-1.088072266615977973e-01
8.737813433237061611e-01
-3.113265721932396701e-01
-1.232097492311692855e-01
-6.945074360835098437e-01
-8.279273097975391460e-01
-9.185806830931027012e-01
-9.054726991379761225e-01
1.117006701162943788e-01
5.978499195691486801e-01
9.979609660135910221e-02
-6.533035626351617609e-01
4.871065426664642484e-01
7.139697424010982285e-01
-2.377201724735245325e-01
-1.855332785424183561e-01
6.552271406341161342e-01
3.945027901763209499e-02
1.352990369803597215e-01
7.802174138971404993e-01
9.629123027581669436e-02
8.430826597896082242e-02
-5.046861237184048221e-01
8.527996996408022667e-01
1.906357748761403070e-01
5.579560307746121994e-01
-7.283633132232667506e-01
-5.070784531318444088e-01
-7.315427629947057753e-01
4.333435120463757784e-01
5.960847641223068205e-01
2.277973580918812857e-01
-1.735825793349626556e-01
1.528772625461881640e-01
-2.267200817282680192e-01
7.598545805376282214e-01
1.580647691250685605e-01
-3.249669936651790603e-01
2.832398710478599702e-01
-5.692271017223626828e-02
2.201802650281688978e-01
-6.174325874360346855e-01
-1.122911290211060509e-01
1.230401749401656974e-01
-1.777605919918405775e-01
-4.628701099684981446e-01
-7.917424125833396609e-01
2.208225205874360941e-01
-8.960583136269764104e-01
8.686104779936918430e-01
4.774245751018538764e-01
1.470582123669731955e-01
-2.732464703508537540e-01
5.024585189171677513e-01
-4.013669096006442505e-01
-2.914605828290383616e-01
-4.734009174213587579e-01
2.083750691660770094e-01
-7.207444698980776110e-01
7.066610935833871343e-01
4.745204006423751064e-01
9.711872651312190852e-02
7.385364359878356932e-01
6.532017344912715018e-01
-8.896038099678496014e-01
8.124150466841475460e-01
7.249254378854586012e-01
-8.437173255688803497e-01
-2.684310918039773397e-01
-4.943324767244625106e-01
-7.392072926626700458e-01
-6.535888130476285030e-01
4.587015232087996441e-01
-1.121954362023643015e-01
-3.748159187165055195e-03
2.120172310671514515e-01
-8.728434553323269895e-01
4.654187419559282501e-01
3.075345735812783365e-01
4.664915952419153022e-01
1.751610634117390375e-01
-7.370451102681978561e-01
-4.905059019177400725e-01
-8.921922925465551879e-01
7.005106693267101337e-01
9.962704182345772930e-01
-1.309959388287098292e-01
8.204815426141567891e-02
-5.366531078701874957e-01
-5.194591479352778096e-02
6.444710565794292689e-02
-1.250624190651243306e-01
9.129978006925919543e-01
3.700289512026882499e-01
-9.584056760153948362e-01
7.178381229889384540e-01
5.670053625893970439e-01
6.223002341219067146e-01
4.825224566768361312e-01
-9.144895872231975087e-01
6.657999688001687844e-01
1.388762946934765097e-01
-6.845769788769699993e-01
6.703812537898318213e-01
-7.600149594030035649e-01
1.103700368690517797e-01
6.831533545201300406e-01
-1.051700939464199902e-01
-1.237141573038027520e-01
-7.266594629083029666e-01
4.456186741386645722e-01
-7.728700025256726169e-01
4.577347246173527617e-01
1.920706953127210570e-01
4.507239682956483140e-01
8.714625395403603481e-01
-9.000265325390133242e-01
1.195233807347376165e-02
1.643633855899854779e-01
-5.509583435423319742e-01
-5.714715016653904023e-01
9.290368217484266111e-01
-6.650944681986648011e-01
2.102313168063644766e-01
-7.433718452445313707e-01
-7.077510304462600876e-01
9.113218086449577371e-02
-8.982397777967607855e-01
5.248749177260946253e-01
-7.129597255829868141e-01
-1.621594432237303263e-01
2.619706264888824743e-01
-8.102806054787018430e-01
-1.797581653755028763e-01
-1.488746597617994216e-01
8.633971462096553529e-01
6.887604987193252093e-02
5.423967987786951911e-02
1.435731111177627195e-01
-1.966036273638744336e-01
-8.838827319095488022e-02
6.287625893699194668e-02
-5.042745713162031240e-01
-6.377769075173611579e-02
6.136031590204700237e-01
-5.993022041301685476e-01
9.731251516936911816e-01
4.109443870054133030e-01
5.180440611524037564e-01
3.048858651725365743e-01
7.333568193508913646e-01
-3.394264498062259383e-01
-3.948865296659166413e-01
-9.244601081629166828e-01
1.886729055800402122e-01
-1.219546734887348577e-01
-4.037171855675053544e-01
-1.503450753829227438e-01
8.008404084296789904e-02
-3.687012734924199897e-02
8.230726519567972410e-01
6.154450636610530045e-01
5.290844848191000871e-01
-4.772121156012970045e-01
1.868442630484637990e-01
7.820565854916452508e-01
4.370702528727591352e-01
-1.052337336216013775e-01
8.126479920776155108e-01
-2.416930135863060158e-02
1.728340227724169398e-01
-7.006576765669326745e-01
-3.709467475969556172e-01
9.402760165148810190e-02
4.211000099043847311e-01
3.224646925339081927e-01
3.806092344782072701e-01
-9.643506485516430971e-01
-9.730507202665886757e-01
-2.528126174098446199e-01
-6.636259648651070542e-01
9.509091767723794053e-01
-7.897735859406105341e-01
3.641865367458022029e-01
-7.346414392156744855e-01
-5.766220271185620305e-01
8.046864711290622196e-01
-3.851644381918840065e-01
8.410902940820363938e-01
-6.148974066894408175e-02
7.501946098507707994e-01
6.791803661494670852e-01
