-1.718750585483436177e+00
9.231427954418127690e-01
-1.623318174685760340e+00
-4.877012876649156059e-01
6.957719536785700321e-02
4.991625899173619541e-01
8.131347537133393200e-01
-5.352833459005101879e-02
6.070921057856153435e-01
-2.432834643358063875e-01
-7.310095258221900316e-01
2.532555449690278571e-01
3.023392450558117783e-01
3.904183320041637595e-01
-6.067228087439064943e-01
5.326667330879268913e-01
2.200211100825979482e-01
-4.155467714022482717e-01
-7.537658462456031661e-01
-1.775858188575285324e+00
-1.241268641571769138e-01
1.498643050777601626e-01
9.732942151983539070e-01
-9.662381800153829747e-01
2.026790401247017814e-01
-1.233249259565426525e+00
1.802288325404314717e+00
-4.435932275561735305e-01
-1.413954526805585310e+00
-2.014180528971949435e-01
-2.787349759312041098e-01
-2.314092896116827003e+00
-6.390098220667228546e-01
1.081138301327330131e+00
3.790300164249846837e-01
-9.362359010958845040e-01
-6.845689000373214039e-01
-8.432039165094502575e-01
-4.113188311099567507e+00
-7.268492673720783337e-01
-2.381008047346335754e-01
1.471909953024985729e-01
-7.775908163370324200e-01
1.898823027652813966e-01
-7.503193336626705623e-01
2.381849019776836052e-01
1.066736952887120449e+00
2.526462434286263492e-01
-5.696822065569717708e-02
-6.386205586574218440e-01
-5.912930723495932739e-01
7.587615666742171250e-01
-6.565662441294402019e-01
1.898597339970919951e-01
5.748408560563533776e-01
-5.511360945139243128e-01
9.184014572127392473e-01
-5.162611394068195025e-02
-2.852642520111920987e-01
2.361797363423292495e-01
-2.844569155351447165e+00
5.079236987688864335e-01
3.660508774400407228e-01
1.848390048155491350e+00
6.528028650327799554e-02
-4.654345203854894919e-01
6.987157548754392433e-01
-9.241817125484490525e-01
-8.017307618733298114e-01
-1.715940260231407777e-01
-4.166158791807337280e-01
3.669386893072907330e-01
-5.151750021682002245e-01
-1.812497500118159799e-01
-1.600963146383321600e+00
-1.021336379541837314e-01
-6.149932072846180375e-01
1.429475049025731970e+00
-1.844736491363780928e-01
-5.716369333831032851e-01
9.492960207776071080e-01
-6.799820446404005736e-01
-2.440002953278790632e-01
5.731566806015524485e-01
3.828039955867006405e-01
-1.336882910305057237e-01
2.148410179065041170e-01
-1.288608108689208720e-01
4.170746140669454594e-01
-8.979364444256723310e-01
5.694656330763048224e-02
-2.417588950513196444e-01
1.054285261578745025e+00
-8.127551055642380229e-01
2.605122877249668178e-01
1.279057120260069791e+00
-9.413698124277118939e-01
-1.000234506270801793e+00
7.916503680527685327e-02
1.733535761785069962e+00
-2.122812975702751959e-01
-2.980116199149553946e-01
-9.878934180087476369e-01
-5.943413958821424092e-01
4.648234174393306439e-01
3.207482520882238397e+00
-8.932049869399660835e-03
-1.703063137417071271e+00
-2.299116871575468402e-01
-9.296633066303119364e-01
-6.973012407445375871e-01
-5.917197352358077866e-01
-6.288902290003681728e-01
-7.729154164849321162e-01
-2.075436010568262990e+00
3.166040817365485260e-01
1.659032292915507689e-01
3.740130360679843058e-01
1.079239945847969562e+00
-4.746415518217250717e-01
9.567299875938977127e-01
-2.406491607586057846e+00
2.188364027700464565e-01
8.749248656754526898e-01
8.133915773887017142e-01
-4.548382514869781512e-01
-6.989875016399407226e-01
7.668490340608820066e-01
-1.050858259980922416e+00
2.609323244686434506e-02
-9.894530949017675825e-01
-2.477044520463813626e-01
1.394674488529743517e+00
5.290577330600030326e-01
-2.103957973862964348e-01
6.340926574181657838e-01
7.585614843818033748e-01
-6.962026185310292714e-01
-1.236083167207121303e+00
-2.096569924329764856e+00
-7.682687505879348677e-02
-1.527251537392639857e-01
4.417457116557299557e-02
1.279503158102969440e+00
7.105990857315667153e-01
1.912102379123379325e-01
-1.019045660982878632e+00
7.379654265566902849e-01
-1.807051997543354105e-01
-8.214544533849761354e-01
2.409511124094662726e+00
-5.538475887345826187e-01
-7.436128835568067696e-01
-8.398593359610282416e-01
-1.514109858658669650e+00
-4.897044601146534060e-01
-7.179988486320716401e-01
4.410473804994863301e-01
1.296272330304748532e-01
5.633493060335754699e-01
-7.137362515737804003e-01
6.910918018011522612e-01
-1.200865221150095863e-01
3.264980896984133185e-01
-6.720481219368268366e-01
6.794597035738541013e-01
2.704028422499876738e-02
-1.153329654305272900e+00
1.388124267856827299e-01
7.751389974567564067e-01
-7.225594327368556336e-02
-7.078692780001443197e-01
7.300192089942449947e-01
3.799833779846748527e-01
-1.658103170030922779e+00
-8.746678804729255408e-01
-1.466803307742228224e-01
-9.484292399684464137e-01
4.727350383987987126e-01
2.288353965381149102e-01
-1.131984666040759979e+00
7.151767175942058685e-02
-6.857160167791880312e-01
-1.489631694325296518e+00
9.069976582995149528e-01
1.871503418202575819e-01
-4.099332968606461680e-01
9.026509764514438761e-01
-7.956392368488638400e-01
1.206246107661106404e-01
1.110340168067089017e+00
-1.291394837863418132e+00
8.477178215274718820e-01
1.522763582670869198e+00
3.485799378158485062e-01
3.899539880515718870e-01
-7.354409468745108924e-01
-3.217199166952555700e-01
5.475907410274942766e-01
-5.851553711337333930e-01
-7.726852837192961232e-01
-1.756772230870340401e-01
-9.674657935930022212e-01
-9.732774977212216294e-02
6.829248164323148407e-01
9.394499696148361778e-03
-5.239845794033237691e-01
-1.375590966094538681e-01
-7.011506994389029579e-01
-4.155212490660471492e-01
-1.277437953756788147e-02
-1.146509751873521221e-01
-1.451906185007731942e-01
-7.645674670939839324e-02
-9.187584066013609885e-02
4.276406920192045158e-01
2.143236823848451156e-01
8.876554209247565774e-01
8.354640005185682838e-01
-7.106628713564648869e-01
-8.714955947496760835e-01
-3.611461855991058290e-01
-7.798480928757387520e-01
-4.817603719030758569e-01
6.651918633034209494e-01
3.132183006265842895e-01
5.265044097062292483e-01
-9.205776871680155793e-01
-1.597345428831686842e+00
-2.038132849170768424e-01
-1.512626650036003717e+00
-1.087731310605340562e+00
4.618613502892576772e-01
3.989429977752556589e-01
1.849954266201767616e-01
-1.274032815503987059e-01
-7.895770222283049478e-01
2.350016353695623672e-01
-4.884665052212195935e-01
-9.750400654787709787e-01
-8.168207510021487927e-01
8.863759955630891030e-01
8.274773478565125018e-01
3.735927201874278403e-01
2.988095836034987407e-01
-7.205262033879213934e-01
2.235866784427176235e-02
-6.998650884176225162e-01
9.342022072312388126e-01
-4.666764331961543721e-01
-1.865613539204195037e-01
-4.449960480594852275e-01
6.745562348415972131e-01
9.957654899207579735e-01
-1.460534068199509594e+00
3.890680017538343805e-01
-9.101837508800647569e-02
9.569713943216073826e-01
-2.583748681152986393e-02
-1.675950480026950906e-01
5.458562552697807657e-01
4.040984201383095442e-01
-5.663469329498720395e-01
-7.133010709005933592e-01
2.381643584551299764e+00
