-1.477854005974612583e-01
7.049169594134436778e-01
6.593632404800466862e-01
7.811265304332442039e-01
-3.514829765271965112e-01
-4.536713696705501064e-01
-5.619145107489125213e-01
6.587782069535195184e-01
4.400489602126327338e-01
9.851609945358430487e-01
8.489094464831483666e-01
-5.389375581464423970e-01
-3.366580741157201295e-01
-1.919985985041248178e-01
-9.608050711853795001e-01
-3.783715796036457579e-01
3.266081051953131364e-01
9.216661874188434300e-01
7.123309080452628894e-01
6.895858363213787090e-01
-1.025955626308454605e-01
6.883889001432952348e-01
9.836880476181253385e-03
4.712996006856551290e-01
-6.511008411635985649e-01
2.438819908608502729e-02
-1.793724573145714096e-01
-8.944449694962885999e-03
2.644825594960131809e-02
-6.595235342298846337e-01
-5.140231342463013053e-01
-1.841412879274995085e-02
-8.715446856978692480e-01
4.145096466704423221e-02
4.316629058312648759e-02
7.194760273294051878e-01
1.975973683237688405e-01
-7.426120727946055045e-01
-9.850988690284046001e-01
-9.009741241586917138e-01
-8.637930270467095717e-01
-3.588158527231311012e-02
1.625367030108075816e-01
-7.205031462798616726e-01
-8.032385589660870906e-01
-5.444671180976856650e-01
-1.459642045101507968e-01
3.984967463369570861e-01
-2.579881655908826676e-01
-9.472104986230078794e-03
-7.214310868398072785e-01
8.064675045031903799e-01
6.275794679759425510e-01
-6.870318946178188835e-01
-8.257041712089721042e-01
9.701511170225340930e-01
-1.891869101971201950e-01
1.466901064413168587e-01
7.260640641650473182e-01
6.337037001370531275e-01
-3.328496560292708573e-01
5.954806082248993437e-01
9.200336498665913076e-01
-3.882600303438143996e-02
-1.955120950740214525e-01
-9.533041504750896511e-01
6.729600884911632885e-01
-7.282710282939737212e-01
-4.089940089369081822e-01
-5.013265624082496874e-01
-6.589701260291480622e-02
6.655397478578359838e-01
-6.288767383253888177e-01
-7.590796582587877595e-01
-2.136246102398837721e-01
9.757019153747377160e-01
2.462672716981002541e-01
-5.945207347515217844e-01
2.769882301129067415e-01
7.841938343359400321e-02
7.922407052460647137e-01
-3.023600333522225014e-02
4.760277038512690240e-01
5.787422507181676501e-01
6.016762765002066082e-01
-2.787793616779572492e-01
-4.120701677775235883e-01
5.799615827193536077e-01
7.512843605603536368e-01
-4.236037254734259516e-01
-5.141535709239024587e-01
-8.704625939005605773e-01
-4.464612750511665062e-02
9.487976714967818470e-01
-3.933565952832029922e-02
1.456351632980996680e-01
-6.211796224374575015e-01
-7.405619499195306155e-01
4.638454458396110702e-01
5.468849845745500371e-01
-3.531469344405833155e-01
-4.442514551977143622e-01
8.385187093936894431e-01
-9.211308442502690319e-01
4.530434996957699578e-01
1.717999595709707172e-01
1.513924620414832667e-01
7.855998651457061221e-01
-9.741314929418791735e-01
4.708053898287274386e-01
-8.575633193654728093e-01
2.262773193772189551e-01
-9.352739053615894971e-01
-1.635131804033120861e-01
-8.827353319764346118e-01
-3.622589153485096247e-01
9.243870371065396885e-01
-2.690605581153375780e-01
-9.341782978174337781e-01
5.760149927031295025e-01
-5.928598464479719610e-01
-8.226624013456429463e-01
-2.387167148471778244e-01
4.576366306234147530e-01
-3.636793709529624330e-01
5.908310301198183012e-01
-9.057927074963456615e-01
-4.000118981972895504e-01
-7.497430499952240091e-01
-8.648376752943458534e-01
7.104129746010179325e-01
-3.208356474991806984e-01
4.807769696950900951e-01
-3.762769667762428938e-01
-6.322545215130623841e-01
6.907226348218811207e-01
-2.278478094303315604e-01
-7.732788371641374781e-02
4.911682699251433970e-01
7.140317824366289035e-01
8.080501933325732189e-01
5.584175947497316272e-02
2.126919928622932332e-01
8.364014153374748073e-01
-2.649592241420057892e-01
3.572191652829697084e-01
5.841526498562310543e-01
7.938775336257615223e-01
-7.595428796885761447e-01
7.275198152537678542e-01
-7.191869711336118520e-01
-3.909434890260630180e-01
1.386808612557097753e-01
-9.072595684223860868e-01
-3.252583517444751493e-02
-5.924676520774649902e-01
-6.722895151409993275e-01
5.859149295743777408e-01
7.990560236433565944e-01
3.398190496847510733e-01
-7.356089528203282324e-01
-9.444118554987450675e-01
4.483852152557101789e-01
-8.049679844731172373e-01
-9.750327878657467640e-01
-7.580482217898865116e-01
-1.989855109375917586e-01
7.357330683763441126e-01
7.212148002460276874e-01
2.505382709093528781e-02
2.459240818872023837e-01
5.504672575558320347e-01
-7.921346077721802548e-01
5.631920394216782810e-02
8.595437268297292377e-01
-1.301300309679960243e-01
6.728175575374661932e-02
-9.047730811585754651e-01
-7.169764440604933231e-01
9.985756921778097261e-01
7.272161481778949277e-01
-6.397919516848942223e-01
-8.317252493077949005e-01
-6.026647182558471094e-01
4.251354498979242891e-01
-1.982527374720284286e-01
-9.551719530758795429e-02
3.763173032796736095e-01
-3.801627252502410848e-01
-3.572521480068269195e-01
9.100598647930264740e-01
5.637378801445407372e-01
-2.548239711064905766e-01
-9.777980444074678701e-01
-7.156769563003395618e-01
-2.461627086576749779e-01
-9.482408479029158510e-01
9.739957046066931579e-01
-4.941282909147242108e-01
-2.341195139809335579e-01
-8.241243275656315870e-01
6.964788970449733441e-01
-7.728668236216111875e-01
-5.487052136845371741e-01
-8.101586758968517543e-01
3.170699638168599233e-01
8.861322361604107023e-01
4.997726465069662893e-02
-7.046425727637020131e-01
5.876450899405372130e-01
7.375755184355685667e-01
3.372600532576681687e-01
-6.213696856473389651e-01
9.917752074718202415e-01
-5.442479752802393822e-01
7.282337427072316238e-01
8.549367160566818669e-01
-9.397310700959684571e-01
8.641054490552899647e-01
-1.517453444450866940e-01
-6.238259039336719880e-01
8.352678433332569874e-01
-1.164430813336037041e-01
-2.620789532480325423e-01
-5.038812029586390295e-01
4.038553236755282327e-01
9.568514740258762252e-01
-2.992915334642947123e-01
5.994428782296412628e-01
-9.544492753021309728e-01
7.035116616918164478e-01
-5.439806900246768606e-02
-6.568242311728611504e-01
-6.646383757897509348e-01
6.592488731387042833e-01
8.823453486491781295e-01
-7.668421279221819820e-01
-9.601682921113154912e-01
7.809773545609535184e-01
9.918963785927388255e-01
-4.654820846983436233e-01
-4.397149665620729841e-01
-6.061541869988515963e-01
9.183053688516706892e-01
-1.982704598664830620e-01
-5.757722982324782190e-01
7.366712155741819146e-01
-4.236571403583362372e-01
2.684456301803030964e-01
4.336558837122483911e-01
-4.799424535604259745e-01
-7.982565329246509300e-01
-6.370688726163384885e-01
2.928965007175845514e-01
6.491709036588801940e-01
4.036465972831564386e-01
-1.363798071175519322e-01
-1.393055658473192349e-01
2.330932350357561855e-01
-6.704046922225870286e-01
-7.318809488740380953e-01
5.286967675294249602e-01
-9.770289929497846249e-01
-3.091221698965713749e-01
-7.388404569250623943e-01
