3.346730822040449027e-01
6.682654647529904235e-01
1.663983407571179463e+00
-9.865151484647838309e-01
5.833490949151804994e-01
6.543516401072313471e-02
2.869923872620872007e-01
-3.491668665155349682e-01
3.702641714251515559e-01
6.976671417332269698e-02
-1.166095530585886664e-01
1.280434037346372955e+00
5.988903873635516018e-01
-7.761222130288747412e-01
5.043131236530777883e-01
-1.292094354915240828e-02
-4.956281210454216435e-01
2.332676430657110167e-01
-2.603191109355174060e-01
-1.083187756733879681e+00
-7.841804665127538598e-01
1.589268991623302707e-01
-3.370548027024780069e-01
7.205802638277158945e-01
-9.019442401614823357e-01
-7.640449065105596738e-01
2.479751743187512680e-01
-8.020395565792963755e-01
7.013539251270630714e-01
-2.817881060722559283e+00
-3.294280860360117025e-01
-6.249947693072475108e-01
2.138573265984486937e-01
8.992326541746467061e-01
6.969485513983066927e-01
-4.680063699827452517e-01
-4.568473226152081068e-01
-1.278801749468001070e+00
3.685003412580383220e-01
-3.546421762550298062e-01
1.861674678779658976e-01
-1.413484654028063225e-02
1.235988365708496906e+00
1.091578976386308630e+00
-9.430314973146944890e-01
4.313296837199369627e-01
-3.505361163740225994e-01
-5.232937152086525323e-02
2.512637823166382622e-01
-5.160075903263929842e-01
-1.142149083878893912e-01
6.789694583420780027e-01
-7.960181228958824740e-01
-9.130315455370030531e-01
-3.816855091915358766e-01
-9.096875536918691552e-02
-6.161070538866215696e-01
3.034826806326331727e-01
1.222197495347422835e+00
-5.420708512589655914e-01
-2.634682950363940179e-01
-9.050938739446419135e-01
-8.122050611343665238e-01
4.194544733343306131e-01
-6.250360519807929283e-01
4.496557118019279820e-01
-3.847833648449272559e-01
2.883233400562799087e-01
-5.502306177101843332e-01
7.287892742392654277e-02
7.407742267875538911e-01
4.012893941246760132e-01
2.400370457316729489e-01
3.058663721004761804e-01
-7.733492245778128549e-02
-2.148253233923826944e-01
-4.528113574009047237e-01
-8.179554537572064632e-02
-6.404244265301790584e-01
1.032942980512978837e+00
-2.820906921156958180e-01
3.032745956854236979e-01
-1.983704975947562454e+00
8.733620662260221934e-02
8.660983792825633909e-01
-1.922262992738152931e-01
-2.793105409903118286e-02
1.621486502012631892e+00
4.524219889030132724e-01
3.543055250676812040e-01
-8.726477875673226414e-01
5.206785757086236366e-01
2.214042794300608019e-01
6.557355719089930091e-01
9.960582037703011871e-01
-8.004042405171409857e-01
-8.671135529932341157e-01
-6.951681464120544884e-01
4.077913337273728622e-01
8.776967695750179654e-01
-6.125924062508376622e-01
-3.180027377976419878e-01
6.833672425809911299e-01
-7.461144389915184139e-01
4.536124233047094112e-01
6.670786252509768310e-01
-2.846160546320508633e-01
-2.265931151932064402e+00
7.196435489241024275e-01
2.472366142611832629e-01
1.183261437304148345e-01
-4.669752522712955489e-01
9.080367586010593683e-01
-1.350512504867165675e-01
3.228203582646353986e-01
-1.830429842146741093e+00
3.811477752164549315e-01
4.976356937328363372e-01
-6.602672286493538323e-02
6.641811051914794373e-01
9.810175207672238162e-01
-3.280558425247257492e-01
-2.493955833103307929e-01
7.477319795405226177e-01
5.773014119832990954e-01
-2.969475351781754036e-01
2.333419580682094541e-02
-4.028647653258157213e-01
6.191168918609490923e-01
7.077447059601570389e-01
6.618750273836495612e-01
-1.126004582952111477e-02
-1.489034994976186521e+00
8.459050012304509814e-01
3.817855519090895822e-01
2.319876104199469768e-01
-1.008301824125569013e+00
-9.076640679136804835e-02
8.383316670406186777e-01
3.849596494631926102e-01
7.859691915827926589e-01
-8.022013420812945661e-01
1.273501292438724786e+00
-8.427085241865863718e-01
-5.105394491413546287e-01
-7.458037990725947530e-01
4.433014391973357782e-01
-4.548469272132662500e-01
-4.516868226561689958e-01
2.077558807285276865e-01
2.085513376797352159e+00
3.983345614308750893e-01
2.555658645966683018e-01
-4.467597202328530415e-01
-8.588848274008473727e-01
-8.970750560271318896e-01
2.808155542612129629e-01
1.187316572597665987e+00
7.562950423705041558e-01
-5.637990874289482424e-01
-1.386274944464476189e-01
4.020493239781557371e-01
-9.275177637802745068e-02
8.773989246346229898e-01
-8.546267517690944171e-01
-6.500076545168562703e-01
3.307496720446998495e-01
5.951984714312722469e-01
-6.711247598595155850e-01
6.975414156875299199e-01
-8.593254304359635443e-01
-7.314276136070296808e-02
7.097239038693201607e-01
8.267117073135996641e-01
-5.561050284092869944e-01
-1.811588338466108006e-02
-8.162044675669255511e-01
2.035475652102773925e-01
8.101791752418304737e-01
5.572776508422577768e-01
4.910596001869337313e-01
7.754288564468254652e-01
-8.288517182524173244e-01
-6.734599128256382183e-01
-1.308801036637010640e-01
-1.767440713551819975e-01
4.985934789612929130e-01
-1.138771799764767556e-01
-4.397251295501314328e-01
9.832662704925823061e-01
9.381358923211631229e-01
3.583252390445355040e-01
-8.191486088040360602e-01
-2.116689710260823976e-01
-6.815434283086290179e-01
-9.670856221818597831e-01
-4.605505267931715441e-01
4.277831382798444881e-01
-4.397999128248859524e-01
-4.352824295638717533e-01
-3.883525427329859170e-02
-7.294840038395207227e-01
-3.158868835685413323e-02
9.515279166889762941e-01
8.908655145886139604e-01
-5.436721905280132994e-01
5.343226379474084187e-01
-7.281180929973176674e-01
-6.327807698310405904e-02
6.885878267779990125e-01
-8.900384987958505079e-01
-2.197581634259304639e-01
2.391704131962433255e-01
-3.530555840526587996e-01
-3.257850014411196593e-01
-4.494844839267382319e-01
-7.379407197204181923e-01
-7.007781457309700812e-01
7.059833778197655008e-01
-8.886244650706007775e-01
-9.111738934832094294e-01
1.379302788478748987e-01
7.948402074962470643e-01
-6.936846207935758457e-01
3.172349978283506289e-02
7.698562141805087577e-01
-5.951283448252515651e-01
9.451931700405407089e-01
-5.241167767090115781e-02
-1.508734816543122470e-01
-4.894315861967428738e-01
-8.633522824867556622e-01
4.639207531668321227e-01
-3.316101720841813094e-01
7.750135192414200347e-01
2.755372364226409410e-01
7.598021266292047660e-01
3.904328289855258927e-01
3.612133108580397600e-01
4.739561410648276407e-01
-8.983748309281445188e-01
-8.815706600069530552e-01
-6.523032216132178540e-01
-4.926091448401257455e-01
1.341023074238709700e+00
3.171820328305963166e-01
2.440490297411026521e-01
-4.668567361829107920e-01
-6.489468610219819578e-01
6.928824678420639760e-01
2.345523234609045993e-01
-6.760815842592204916e-02
8.652354960279939888e-02
7.293733546411695912e-02
4.866020604325645982e-01
-3.600560305171953690e-01
1.200299246480684978e-02
7.921569025826213917e-01
-4.602833435866748868e-01
-5.754785731659735060e-01
-1.039027914199766256e+00
-6.939435763510135580e-01
4.136315187133405846e-01
9.828302883874013851e-01
8.862512603431091929e-01
