-1.115726720662022498e-01
-2.709597387334776730e-01
-7.532383636407544714e-01
8.806324353702581487e-01
8.567899018593492233e-01
1.166938444530292163e-01
-5.968126774496818054e-01
9.521160182278833872e-01
-6.909451300644740002e-01
-5.426281070449361366e-01
-2.529781667448816052e-02
-1.497934458148342252e-02
6.499863609231624206e-01
8.382127530496721324e-01
-6.082265693798372119e-02
5.078677143676801897e-01
1.921122097001457529e-01
2.892442515083619714e-01
-5.857422921508637081e-02
-3.148307157347574048e-01
-5.836047665107348958e-01
2.291974632758801977e-01
-4.340057636352152581e-01
9.035505847057927475e-01
8.405487511616482887e-01
7.902888949777975292e-02
3.813059792661608327e-01
-9.526020996227075877e-01
5.433446402664225960e-01
-3.853271030356899551e-01
-8.009078995824765457e-01
-7.616543914585267583e-01
-4.470023128954956348e-01
1.132957385246291526e-01
-7.157743566191765439e-02
-8.417485521562673156e-01
-6.367412351599228693e-01
4.592811282363640224e-02
3.652186002847379598e-01
5.695871472892422016e-01
4.274293727304563362e-01
-2.029880417899250222e-01
8.273047773975032992e-01
1.778974643305049064e-01
-8.949852773476669743e-01
-6.748283839402533513e-01
-7.026679073261310471e-02
-1.529709445561184822e-01
-3.383023327102208100e-01
-3.785535816090943584e-01
8.216832963079401253e-02
2.145316380787323229e-01
-7.865601595711657623e-02
-1.493867693736474767e-01
9.017475369039131827e-01
7.851837837251482988e-01
-7.564547007846278426e-01
7.555277063374428170e-01
-7.182648096633958978e-02
9.562527552728778968e-01
2.218846223794630479e-01
-3.485513113250235939e-01
-2.343990842468546276e-02
-7.431891691695295954e-01
-3.735488995540792168e-02
-2.761912161495150286e-01
2.774454903483003498e-01
7.597590805663279045e-01
-1.713013277524302325e-01
-4.533976898150384738e-01
-7.115710941685908786e-01
1.473169814038475245e-01
1.752136801907762109e-01
-2.494892506641084307e-01
7.263305935319659401e-01
-9.929398664225148607e-01
3.951089012307074100e-02
8.931177456757704025e-01
-2.923460080330597677e-01
9.003888518505087646e-01
8.127994922635695119e-01
1.424362394287064237e-01
-7.250364509126239199e-02
2.297185081874291157e-01
1.249711666367732121e+00
4.142254079916845022e-01
9.081635622543919872e-01
8.818705584991377577e-01
-7.762670909927726903e-01
5.839515940663937421e-01
1.414878082849289065e-01
3.542210336521887104e-01
-1.531082791439874580e+00
9.163232919078876382e-01
5.450995889507566083e-01
4.965390705723082831e-01
-6.375652067393851041e-01
-4.573923696861039723e-01
4.344733729775172026e-01
2.474676055574651645e-01
4.165383015204098260e-01
3.542568938355736829e-01
4.056051603949517581e-01
9.258284262190552560e-01
8.077194988791835950e-01
-5.819583049084091630e-01
1.340212862343908018e-01
-9.330631124247519281e-01
9.532864459038739025e-01
-8.667145340892425942e-01
-4.383479390326989744e-01
1.205116728303621265e-01
-5.933095134973760398e-01
-4.390363016583207489e-01
3.691503911674716143e-01
7.427760730500374553e-01
-8.323510569254990443e-01
9.215063105238843200e-01
-2.751175851007263695e-01
4.372624661044726135e-01
-5.071628442090532207e-01
-8.778277944751138318e-01
8.364604489145168742e-01
-5.999261398004296364e-01
3.841192028800253233e-01
-1.124863270761546907e-01
-8.960260586182045017e-02
-7.915546541536984115e-01
8.057760601970709313e-01
-2.207028300131288479e-01
-3.938022555839728600e-01
-8.116507681794673523e-01
7.048749437795658324e-01
-3.670013635897804161e-01
-5.614292908569056273e-01
-5.349039912270454611e-01
5.947200066146158814e-01
-2.815217211716500856e-01
-3.796224808425614494e-01
4.406286165102903940e-01
-6.922423272568032360e-01
-8.583697618881696023e-01
-1.721392576524374274e-01
3.652765019220742815e-01
-1.802706975997914185e-01
-8.255681047502219094e-01
-7.850602883803106113e-01
-1.388609883314946281e-01
3.577038918337658302e-01
4.248060553533246075e-01
-4.349750466250881242e-01
9.047199989079368621e-01
-5.871966528747174507e-01
5.101351678058094752e-01
-1.227036646408663501e-03
-7.220742774616355497e-01
-1.089170939322356979e-01
6.215731198672054258e-01
2.636324123063737979e-01
-9.016366611434056821e-02
5.435534719125216796e-01
-6.358724181515451601e-01
-6.905276572273508773e-01
4.122237459945963245e-01
-4.511210636961693332e-02
3.686228464276704031e-01
6.096405549962584658e-01
-4.693926660089176028e-01
-6.402140270205667338e-01
6.929197526287054210e-01
-3.463619825708106337e-01
7.755686425608709911e-02
-1.520250432034409016e-04
3.228580281778459238e-02
3.961719669130496779e-01
4.597942009613298353e-02
-7.847803418706680301e-01
-8.826082270510993144e-01
-2.903124716604978950e-01
6.176798190871370942e-01
7.144489815809456079e-01
-7.897829274072809547e-01
1.647916338028920791e-02
-7.579852994036195835e-01
4.278324975732525903e-01
7.946403867849565206e-01
-7.594076735888231067e-01
1.737503744591017973e-01
-1.902108080102737908e-02
-9.906236151762799480e-01
-1.130355451867082195e-02
9.542123227992060919e-01
5.570890567077946276e-01
-2.340236650236260374e-02
6.973073527934996463e-01
-7.077295248223576252e-01
-5.181144101954164860e-01
-3.502416002545147844e-01
6.955338731174276479e-01
-4.134432017220079913e-02
5.953035535137916057e-01
7.480080337145791347e-01
-5.047628414471807545e-01
-5.387782440667843176e-03
2.827733469055897508e-01
4.096106354652029324e-02
-2.916235982718982100e-01
-9.914720768629841086e-01
-2.311786398974822188e-01
-6.563547826417748254e-02
-4.915655024587815003e-01
-4.113476820170833825e-01
7.664703539713517699e-01
8.119696440495025591e-01
-8.016856315290781243e-01
-2.337528407614586357e-01
-7.804547638509919949e-01
2.690195321513748627e-01
-1.227585828942678869e-01
4.567851087542542654e-01
-9.415827660207618521e-01
-1.966320834889530023e-01
-5.393057262014473441e-01
3.996359347976294885e-01
-9.070980942352524501e-02
1.771006689873375617e-01
4.909867534786802601e-01
-8.012663067381868842e-01
-4.925502713221368012e-01
-5.212000782260395315e-01
-1.092498472328600201e-01
5.009149610835290645e-01
-5.873786253013664194e-01
8.581774854978538869e-01
-8.955982559761594963e-01
-5.125753757180988579e-01
9.590667000425623367e-01
5.030237880825925156e-01
-4.006332127450165093e-01
-7.021428475583306739e-01
-6.070429304425286610e-01
-7.102794550977251653e-01
6.712505426785697615e-01
-4.794223520952767270e-01
6.332276605950797332e-01
8.747279689618603360e-01
4.751106578348462950e-01
-5.494657559576474615e-01
4.479273226602669133e-01
6.299678847146044092e-01
-6.921238373308247205e-01
-2.186147178361785848e-02
-1.874925583233100213e-01
6.606759714002172768e-01
-3.365168407845420262e-01
2.423052610961495823e-02
-8.409049073837659982e-01
-2.758971216377263946e-01
6.662899873520453653e-01
-1.956243881280281816e-01
5.933565589840181786e-01
-6.594071869311575185e-01
-5.302745746832397966e-01
-6.356776065374034612e-01
-6.760986517546196950e-03
