-6.417141786564798389e-01
-1.093207089685498179e+00
-4.202623006433190422e-01
-8.000948209968981040e-01
-8.409514434956961715e-01
8.376279375252804194e-02
7.007169736585459052e-01
2.644518141107271791e+00
1.120507251581139174e+00
8.922711883061565930e-01
2.138599323424903442e-01
-5.755502484257914997e-01
2.062296477985920973e+00
-4.038230740540491581e-01
9.120179337797595931e-02
4.182153711318765676e-01
-4.019349282800326328e-01
4.749536995534722195e-01
4.489181188536159883e-01
1.586968064038942750e-01
-8.710442746528981317e-01
4.670697703723667438e-01
5.835084023378007689e-01
-3.687084938842142279e-01
2.734089529815673103e-01
-8.207245981847919314e-01
1.328301430568295860e+00
-2.026984621360233163e+00
9.452618282356537449e-01
-3.444777448784392959e-01
-1.186758907067472779e-01
2.013966503882210546e+00
9.132342328831287714e-01
-8.198797346394548491e-01
1.217695581417110429e+00
-8.638818072516207813e-02
1.225587825974334272e-01
2.623203199211288084e-01
5.054699925604176913e-01
3.100037185917933202e-01
-9.095406760877220442e-01
7.637213011890960912e-01
6.388492041672599875e-01
-5.723854700177850585e-01
2.137523474451077377e-01
2.466536048675054271e+00
1.423615189533181447e+00
-1.126830266766269961e+00
5.659207161876487202e-01
4.355944735829381242e-01
7.627149427552553096e-01
7.464862768306796958e-01
-7.764179540142568392e-02
-3.067921989908417579e-02
-6.205548296240219752e-01
9.892139317687700384e-01
2.904485748944141132e-01
-2.913046491986024389e-01
6.414260307387720239e-01
2.274262742563755602e+00
-2.537039212554628165e-01
-1.956055687874992621e+00
-7.458864808341347796e-03
-4.576461718246453980e-01
-1.755721302452003973e+00
-8.161604305271233928e-01
9.722530197136367569e-01
-7.824095783953470828e-01
8.441098246463119015e-01
-1.298763449029849859e+00
-3.392100701804801055e-01
9.332684050258932551e-02
-7.089367912298889518e-01
-1.140471410067167568e-01
4.513798747386417176e-01
3.256433944456658125e-01
-9.028765804224556657e-01
-1.156784435395374899e-01
-7.374575995309482490e-01
-2.475703720294037957e-01
2.085598574221976254e-01
-7.404335613189154675e-01
5.527280551037332401e-01
6.901843754922736274e-01
-8.009553010345333846e-01
-1.290078049229604007e+00
3.908170321416845061e-01
-1.319574836917696725e+00
-1.085330603074109446e-01
-7.360039741473343167e-01
-5.551849881053825264e-01
-5.682096506410030390e-01
-2.096293973371562203e+00
1.540315432518640559e+00
-7.479664115841075933e-01
-1.069281275315857149e+00
-3.576001581671968133e-01
3.397523550174423312e-01
-4.483872802118478162e-01
-6.619223561099980557e-01
-7.042557298357334794e-01
-1.888259063078606248e+00
-1.215416184429793267e+00
-2.095988719487182905e-01
2.346017786658971538e-02
1.573470351363302822e+00
-3.966785724078900066e-01
3.366120380983342875e-01
9.447039534060854837e-01
-7.127303792367478685e-02
3.507637751214365274e-02
-6.087681705441723157e-01
9.939187680448324791e-02
-3.040058282219638697e-01
-1.194882839563849330e+00
-5.088532780166876712e-02
1.686300530800292741e+00
-1.463381384199928137e+00
3.298996897858772481e-01
-1.156425705858570296e+00
-6.568899283445595039e-01
1.541348207459593223e+00
-5.839275089996129875e-01
-3.906047155654357450e-01
1.338294688626836315e+00
-1.264364630535335987e+00
6.354654676884041731e-02
-3.854908123501725736e-01
6.906085828186587783e-01
-9.645116785673280013e-01
9.613357211045832074e-01
5.787675480957554797e-01
-1.783575630630369613e-01
-6.865034383262209605e-01
2.502442488930651798e-01
9.013560919172397545e-02
-2.014421479331639508e-01
9.932996305271225568e-01
-8.796209022568866054e-01
-6.841958703733780345e-02
1.052428651510993518e+00
-2.383292049387542022e-01
-9.335812111437856720e-01
1.882699673041938748e-01
-4.198570127611886971e-01
-3.705730831430145145e-01
8.162683548148974566e-02
5.164476434227367463e-01
1.063538989171566307e-01
4.798559375003051408e-01
-1.504247934742114046e+00
-1.729387937917201024e+00
-3.977580018500586068e-01
9.559893735158944139e-01
-1.054034069764568926e-01
8.785528879713351280e-01
5.126259130514168039e-01
-1.302844141824540003e+00
-9.945704906390584465e-01
1.246071486807560857e+00
-8.317847902284454253e-01
2.216050224680148339e-01
-2.729698246292688424e+00
1.553877898423097648e+00
-4.451879008352255251e-01
6.528968378912192172e-01
6.281505097159456597e-01
7.628986712806693493e-01
7.003499457379962490e-01
-5.459442852054716688e-01
-1.277758029862912315e+00
-1.075248358068024435e-01
9.879404089135198630e-01
-9.258035879638180088e-01
-6.908462774635439896e-01
-1.235935305601591816e+00
-2.238950223902945957e+00
6.289942838032285266e-01
-4.872499664355649518e-01
9.252479765098864384e-01
-1.284741400952232215e+00
1.762581019006911998e+00
1.326634743451774234e+00
-1.059184488186547979e+00
-3.465524137332084642e+00
9.732026999232017417e-01
-1.308267859735558369e+00
-1.832308462025300955e+00
1.943214639184450032e+00
2.511782004570626725e+00
-4.299166953609065978e-01
-5.704324741626420892e-01
8.258145822760694088e-01
-7.851671268498978673e-01
5.148499162134492213e-01
9.562028382932958870e-01
3.162712601714796623e-01
2.125941871857345067e+00
1.389466781743433854e+00
6.908634751538966778e-01
2.425906340777443937e+00
2.216874959360146669e-01
-3.829924581190387922e+00
5.478346564942437880e-02
-4.457812607862421395e-01
-2.806769996534551836e+00
-9.079338985628959691e-01
-2.216625428161864697e+00
-2.821938944215893752e-01
-9.929753133200465154e-01
-1.869739077548335793e-01
1.892329560548204448e+00
5.991399145244367119e-01
1.074106691207224351e+00
-1.200070779796182041e+00
-2.713895544581366170e-01
3.107111177550863079e-01
-1.354428281945776913e+00
4.223393108048130173e-01
1.793326097789227913e-01
2.642510243088229127e-01
5.791806859258119555e-01
1.775609219152261886e+00
-4.154899687364714822e-01
-9.941028436440677574e-01
7.783419355103755599e-01
-2.350132827461959284e-01
-1.305740485499891079e-01
9.239850815131815942e-01
-4.816041351930504533e-01
-4.028751695549977363e+00
-1.371628190048095330e+00
-5.077522216993393123e-01
-2.306107551412051038e-01
-6.151809935738117296e-02
-7.772120394991126613e-01
1.345735425945077779e+00
1.417038806730808176e-01
-6.637197426659131594e-01
-3.023818686482176443e-01
-9.102081115029376779e-01
-2.373252352389595421e-01
-8.927916362910121029e-01
6.382241989845078844e-01
2.238916127642944787e-01
1.995787769787418231e-01
-1.477317333084791517e+00
7.539249365782600965e-01
-1.376194243402135697e-01
-1.171790884927143672e+00
-9.872241101591492374e-01
-1.196512517087230609e+00
8.160799150392442636e-01
-6.103510416869033506e-01
-1.525242745916788323e+00
4.915532734330252396e-02
1.502982261258626551e+00
-1.445011382937498201e+00
2.109138576081932115e+00
-8.786120874528648983e-01
-6.300391687499107274e-01
3.383866944151586731e-01
-8.755163973161403934e-01
1.052794376691998934e-01
-8.656013229153831645e-01
