4.705417772891855588e-01
9.199248827570403186e-01
3.975491051927448893e-02
-7.623903867027981285e-02
1.283620100182252699e+00
-2.018159766895257778e-01
-3.169263425487406360e-01
8.689688775377562013e-01
3.332058132325028676e-01
-7.672123347769388424e-02
-4.492432731135702628e-01
1.081843728133413673e-01
-1.585423312464875334e-01
7.962178610441017490e-02
-6.118869234755319741e-01
7.188983183068542449e-01
-2.102700490763511620e-01
-1.303833045393707479e-01
9.665183230637148792e-01
-7.854774135485116382e-01
4.746600739079707143e-01
6.350146925406278953e-02
-5.145280235738303176e-01
-8.772952539064697852e-01
-2.223785547252932204e-01
-8.900934775729534287e-01
8.303735792027400198e-01
2.747101564638314564e-01
1.115423147144800620e-01
-4.693683218724820083e-01
3.436747973960712077e-01
-4.102465190951365415e-03
-2.516912227935801383e-01
-1.708638697517579352e-01
6.922486351081313938e-01
3.307957025291585751e-02
1.837170264118681562e-01
-4.921448494285323161e-01
-5.052176966975647776e-01
5.680204929213095166e-01
1.128047859335554737e-01
-9.645112270329323501e-01
6.689379335764999990e-01
4.053039936668492160e-01
1.648535127739381156e-01
7.172175713531261376e-01
3.328267437875878088e-01
7.065091129474241338e-01
8.142134638020028792e-01
1.192896649610448723e-01
5.759967922681641372e-01
7.882743311233753047e-02
-4.699462505553300140e-01
1.547205612400779917e-01
9.502088484438482308e-01
-2.319250897378501541e+00
5.270045958990869917e-01
-5.242027812197846970e-04
2.412703757121834602e-01
6.173416015551271840e-01
2.749155563195691543e-01
2.560957102085552606e-01
5.180805848434293370e-01
1.491221998923280445e+00
6.056137895465119048e-01
-3.157979211600159264e-01
1.204046894490399922e+00
7.100883089123533054e-01
-5.232778338655663664e-01
1.311926881915506771e+00
1.497486029457375967e+00
-3.951545075579674382e-01
9.694747331374267141e-01
9.369182063931088544e-01
-2.909709940664815253e-01
1.906183330629718231e-01
9.815724078597909408e-01
3.018012957742755020e-02
7.063162045943296441e-01
-1.640551052600960347e-01
5.681644055542818261e-01
5.870736857860006097e-01
2.032863019099506730e-01
-2.546987567184744172e-02
-3.438917668871321887e-02
-3.222958294264064438e-01
-1.873536756716367435e-01
7.216143713899205725e-01
7.703039283399719661e-01
8.818677807033581395e-01
1.081649044265806658e-01
-3.630329803790592891e-01
6.992682607470386280e-01
-8.565988579007268733e-01
-9.397171910246848725e-02
3.695409398003037804e-01
-5.550173698479072826e-01
-8.747084885503659812e-01
4.227794105586630824e-01
9.516155968619546268e-01
-1.216886329493209740e-01
-9.780685734606122672e-01
-6.389055790460342887e-01
-3.731439744422346827e-01
2.166876988558106842e-01
-6.206484701756322941e-01
4.109642502967534305e-01
5.536722896338417410e-01
-5.560217922208010588e-01
-9.872743173490443613e-01
-4.014383952990825399e-01
1.121264489435520595e-01
-2.232946155139736710e-01
-1.507251025080558193e-02
-9.896119019503512027e-01
4.360865479052400406e-01
5.654836930826605546e-01
7.777420009860207539e-01
3.966782109951638713e-01
-6.917261778320222820e-01
-6.703774289797808095e-01
4.193794554312555434e-01
-6.007479943271771816e-01
-6.678051180940742793e-01
6.198095804960064292e-01
3.690615502347660559e-01
9.713166703022741988e-01
-6.416622289645150801e-01
-5.955849791609437727e-01
-4.959544355831368989e-02
3.466202148416110962e-01
-4.854230868373519137e-01
-1.973934719107881541e-01
7.335189816529428253e-01
8.057528527849291411e-01
-2.654085966878578784e-01
-2.906207918351901842e-01
-2.969412330608969253e-01
-2.915508602410750161e-01
-1.671894603958246073e-02
2.116084922224428233e-01
4.566995608484483160e-01
-5.147910930918062622e-01
2.401065169529005283e-01
7.418439618280556758e-01
5.077114425672459852e-01
7.441216669432479947e-01
5.916221442989142432e-01
9.456725536767431883e-01
5.560313527648119702e-01
2.401048999709529674e-01
1.117073018243521343e+00
1.331777391680444289e-01
8.379315265965134873e-01
5.654572256900067817e-01
-9.813038808723104633e-01
-6.683862670343996282e-01
9.613683140726334564e-01
-9.919953250048587634e-01
-7.280204639572054326e-01
9.879738457304261257e-01
-2.645404680945151465e-01
5.273304160997329681e-01
9.399353086677217917e-01
1.289714309471037268e+00
-3.710595433985730551e-01
1.500536642712320345e+00
5.540534105819709954e-01
-5.107228673306529743e-01
4.649898699964856164e-01
4.116818660986221179e-01
-1.765146183340955410e-01
-8.572029586242997379e-01
8.980476725178876407e-01
1.044141897237440553e-01
-9.399146490420819955e-01
-4.620282950560894442e-01
-6.238472158796013467e-01
2.757623095245675948e-02
-3.947952976814594894e-01
-1.485477740023009030e-01
-5.805295710659312824e-01
-3.015986447528311576e-01
5.515539174274364242e-02
-8.712159498475420261e-01
1.666849679085751212e-01
-9.633244510873231192e-01
1.723777952345120212e-01
2.627222179799004742e-01
-3.137413112674005689e-01
-7.521633541967240877e-01
6.306902888754910563e-01
2.532841320874446023e-01
8.307672217220571920e-01
-1.300325647243354421e-01
-7.299506241241298099e-01
1.706729224259246447e+00
-3.364986203363777850e-01
5.946252426764424559e-01
3.401242461144287077e-01
-1.107162122959037820e+00
-7.198263206523503044e-03
1.135391414881621541e+00
-7.893946614225464398e-01
7.123431368982315881e-01
-2.057075844198688053e-01
-3.065897701705706524e-01
-5.063415972610216809e-01
-4.287943169107291119e-01
-3.600882201132630245e-01
-4.033358101266537599e-01
7.480674419745756420e-01
-1.046033828542276278e-01
-5.325685477483519392e-01
-2.652140598892214207e+00
-5.314013735156957186e-01
-2.237414394496464176e+00
-5.107383575868826853e-01
7.181737234565243044e-01
7.035305072566468976e-01
-3.795311495185582640e-01
4.165013320107830985e-01
7.687638806972805217e-01
-8.227850218959900097e-01
3.060804493709692320e-01
5.117094171425793370e-01
2.599291644195671491e-01
9.168489196477369596e-02
5.443896126567948635e-01
-4.403219816915948659e-01
-2.409347188673693907e-02
5.045548500188163921e-01
9.753654284983566125e-01
-1.361127984110038769e+00
9.268839562466426596e-01
-9.436348670589429499e-01
-8.447686156943563507e-01
-2.825461711603294290e-02
9.710650978488535312e-01
4.729708131176804109e-01
3.465637704903283822e-01
8.568588467093660732e-01
1.674514450580308900e-01
9.606480083149111504e-01
2.185816787544734296e-01
-5.719503648257886486e-01
-3.347908277436146829e-01
9.516861067663402451e-01
6.635357174694187510e-01
-2.874480236363119445e-02
-7.070120786534646040e-01
1.366375445925092080e-01
-6.045896302215030271e-01
2.658046505959790196e-01
-8.330918260869693004e-01
-3.854973953417717425e-02
2.831650669827325828e-01
6.161860400350405165e-02
9.059399726556527366e-01
-9.869469520118248074e-01
9.535417083686126283e-02
-8.454892975192405125e-01
-7.263757410005704518e-01
3.162987852112553178e-01
-1.809654956995454533e-02
