2.685823981468558941e+00
-8.797769214709767471e-01
8.184306007212789336e-01
-7.308109589896820690e-01
5.096944951585986594e-01
-8.314983827139867945e-01
-5.484815908897247017e-01
2.243513923000114207e+00
6.864437323105028188e-01
8.542461301771631099e-02
3.436800803243711400e-01
4.924570059055437543e-01
-6.498619280352977423e-01
-1.036660278821210923e+00
-4.232682314299132109e-01
-5.578271480295313722e-01
9.432043050620790847e-01
-5.518926905206069655e-01
-1.605556002974295460e-02
-9.674235478294799240e-01
2.737718185278303906e-02
-8.496160188525359036e-01
7.112605738485924256e-01
8.700176185936201456e-01
-7.924658535328963360e-01
-4.066585044183053110e-01
2.336163684359082726e-01
-2.025231627229087117e-01
7.625646003372010817e-01
7.161875652839011508e-02
2.876580431092070622e-01
-3.543337545449096737e-01
-4.436585913808205328e-02
4.206157047074221556e-03
7.387975156334043447e-01
8.554167494431648144e-01
2.019156291036393380e+00
6.298232508640659866e-01
8.995020534848261473e-01
3.400757056190035765e-01
-2.112997108981367056e+00
-8.879739115065288235e-01
9.845256334632122019e-01
-6.443330776264577509e-04
9.826024742570529380e-01
-5.932659282436767434e-01
6.550271287956830335e-01
-5.371914133856559026e-02
-2.088648881452046524e-01
1.736833206414463149e-01
1.864107102341436617e+00
-3.035967563211434683e-01
-6.747719727606708018e-01
-7.376929501181332949e-01
1.348741635722352505e-01
-6.593437848185768058e-02
-8.421826647481051031e-01
7.571682582261440864e-01
-1.008038912565578649e+00
-6.468795123831527771e-01
-1.890878571201104474e-02
9.901575833030925589e-01
-4.790983311352023932e-01
-1.520005911184347802e-01
-2.383995213603120611e-01
-2.119599901960099064e+00
-1.182512336910930495e+00
2.460319777038519451e+00
9.370789250277600235e-02
-7.538745565141162785e-01
4.641794506820127175e-01
-5.115374558015467477e-01
1.823255466421406679e+00
-8.945382486179418446e-01
-7.092795729790832837e-01
6.254127935637856517e-01
-1.362046917803112489e-01
-5.843979623743187357e-01
-8.765635751022815558e-01
9.352364951964788897e-01
-5.644310361473536819e-01
-1.305702165987799868e+00
1.932532081689798842e+00
8.569686680349777319e-01
-1.065892163583722407e+00
2.018890396205959004e-01
2.141835075743818706e-01
-2.787731720808905855e-01
5.078799929282618031e-01
-1.901993121987535229e-01
-5.381320662351385398e-02
1.261699779421701750e+00
8.287695077578380864e-01
-5.947394083077759408e-01
-1.019281389108697367e+00
1.537786618373374825e+00
-6.336221213998438628e-01
4.019545367429682159e-01
1.220846468268375951e+00
5.583954246960765033e-01
-8.465136912873232333e-01
-9.462505083175734022e-01
-1.077982733017250006e+00
-8.460587405197397270e-01
2.269624148804199049e-01
-2.171357036199955681e-01
1.016165529227844200e+00
7.265484003368982702e-01
1.775831477902529709e-01
-5.066335171778972857e-01
6.014152900941660551e-01
-4.300238283141195605e-01
6.261812245676563471e-01
4.718419014661512367e-01
8.195279805834065900e-01
3.314089242846798289e-01
-2.178543811974870792e+00
5.224261520719672980e-01
7.989136214260406099e-02
8.561941827392263171e-01
-4.450180429934584847e-01
7.903741991010222456e-01
1.731379693515366469e+00
-5.390465521043036334e-01
1.883646260459613808e-01
-7.773394953826970877e-01
-5.983269965153037440e-01
1.316478395143638735e-01
9.130559401940889774e-01
-1.709491643212764922e-01
-5.323392300486307072e-01
-8.941151217089648995e-02
1.979257999135870527e+00
-8.106208365503130286e-01
2.353657677961384920e-02
-1.822910171665247381e+00
2.630396042094862441e-01
-5.419972894716953427e-01
6.056689082890431841e-01
-1.217497451479089499e+00
-8.221675677436832697e-01
9.543889309996940185e-01
-4.186456757346870283e-01
2.636717838680151527e-01
2.866526340476085455e-01
-9.321207693171875697e-01
8.763751663215701981e-01
6.720825851587954869e-01
5.820433741972277364e-01
-9.848691229660408997e-01
8.670894585227706397e-01
7.390477925122818093e-02
-1.665015768802491358e-01
1.644502402772130223e+00
-9.340829164498951620e-01
-2.461269693480389265e+00
-4.473775812552056586e-01
-9.528284897179997159e-01
5.569171974378974710e-01
-9.734883023283269488e-02
1.676857779370235502e-01
-2.797965311174199776e-01
-6.119602995104060916e-01
-2.083972256366942166e-01
2.905169491689925110e-01
1.510698926508944329e+00
-9.224033450862562100e-01
-7.927353481756069797e-01
-1.378099816409562584e+00
-8.296791074977805103e-02
4.467196482830486648e-01
-1.277118144880041495e+00
1.685930786422923600e+00
-7.967513985387619790e-01
-6.531231212652885976e-01
-1.241265155767644845e+00
-7.215944114283368016e-02
-2.314413870020630704e-01
-3.285045297201706349e-01
3.495982817909650819e+00
6.829882217788292298e-01
-1.717661489749997328e+00
-8.058285329321712709e-01
-3.804736154530343750e-01
-8.578552349895365303e-01
-8.245551342323027555e-01
-2.778685083253360499e-01
5.726672874443798911e-01
-5.450289545889298592e-01
-2.321324359161626161e-01
-2.847747220633822796e-01
2.646386098312914492e-01
-2.065037430274184516e+00
-4.732173327520503570e-01
5.687514618324993609e-01
1.118994313346648450e-01
-2.589213347321870362e-01
-9.832326941008715515e-01
-1.477672123847815211e-01
7.978581722558608647e-03
7.762915071082066021e-02
9.139725153694175930e-01
-3.502323186882945194e-01
-9.264086230946437794e-01
2.572587566637929424e-01
-3.754906960130115490e-01
-4.472981116766483467e-02
-3.293250954252191498e-02
-1.082245358726513063e+00
-1.490345331464602019e-01
-7.053373735282295609e-01
8.820103991864536308e-01
2.380979200764390402e-01
9.874450584454284030e-01
4.525252839314658493e-01
2.449889505710038939e-01
-4.563324896918252715e-01
8.520903929105940744e-01
-2.106312145671027203e+00
9.285267725566686003e-01
-5.348500719166192699e-03
7.884636842744174867e-01
6.440156203611762109e-01
-3.442210918523769259e-02
1.728638431364841743e-01
-7.741714949823206293e-01
-1.239340385763574082e+00
-4.070479812594385294e-02
-6.002149544772734657e-01
-6.703531009142877917e-01
6.346205557671413811e-01
5.753423787249956067e-01
-2.400065958517429987e-01
-6.365735850411561314e-01
1.466652007393152157e-01
-9.289173367659202540e-01
3.032288307361576951e-01
1.295849233123773647e-01
-9.464482034465719895e-01
8.984213378522460935e-01
-1.877161004882163531e-02
-7.392809803381525935e-01
-2.611996558350509368e+00
2.272137785181744807e-01
-8.320882661703712380e-01
1.132090590320643297e+00
-2.706228931848775332e-02
-1.364084588515546148e+00
-8.966663529175553649e-01
2.940693832968954702e-02
-4.083057330549904607e-01
1.333795574487839364e-01
-3.505470121207576728e-01
-1.460405730751856979e-01
-1.018915032842078183e-01
-1.202852558072123212e+00
7.169987140616542742e-01
-3.841208947031637955e-02
1.322677475527833657e-02
1.068762353360241946e-01
-2.524301711841391072e+00
-6.681346611415153181e-01
-1.737143429612701961e-01
2.506300942694340783e+00
-2.212152981785816763e+00
