-5.423054018730966153e-01
-2.899129121432597600e-02
-5.483303920380966368e-02
8.937596012813455726e-01
-4.501558106315806107e-01
-1.271371966275609555e-01
6.200817868829056057e-01
3.886510007984438353e-01
-6.599279585245487745e-02
-5.447703071029668109e-01
4.167958202519823629e-01
6.293977046302996481e-01
-1.741991034493399759e-01
8.875791824753842540e-02
9.454421112311468534e-01
8.953823312591011607e-01
1.802328025736548156e-01
9.875857239719509906e-02
-8.529079005033213257e-02
6.602013250721903148e-01
7.017270319110526788e-01
7.572209272967393989e-01
2.654666653339037286e-01
-6.247782065790554729e-01
-7.018603792450370804e-01
8.608394252284954362e-01
5.234790341202466557e-02
-1.847673837690080312e-01
3.794026697084396105e-01
3.336008333188278385e-02
6.714929606470501078e-01
7.785365582525929362e-01
-4.564205410946695629e-01
5.355872488932482689e-01
6.233634031724752944e-01
5.593206087531372717e-01
7.067715122630144897e-01
-6.337683944676941739e-01
8.606138027959311376e-01
7.585314265718272608e-01
-2.518725207414647116e-01
3.164924829826754049e-02
-7.458745932727117722e-01
5.601284642418280502e-01
-8.516071173975110487e-01
5.250312668330661126e-01
-9.298120912239695723e-01
-4.400559980370437607e-01
-3.302535933548123026e-02
9.714846616030590187e-01
-4.580776977664087202e-01
8.810221782415512681e-01
5.491573919005174886e-01
9.058021320047668912e-01
-4.606133848821754029e-01
-2.569911165719447332e-01
5.843456271981037897e-01
-4.209574503980515470e-01
-6.282700999444350565e-01
9.464805139686418567e-01
-8.455518178303012000e-01
-7.591056711984383032e-01
-5.827218263449118751e-03
5.104819129142035283e-01
-2.157561908375700277e-01
-7.343272361633068623e-01
8.163059873889988438e-03
-4.572273277930063440e-01
2.330398170614000897e-02
6.304815012291409282e-02
2.616962826487132521e-01
-7.078689270218010421e-01
1.290554869673967708e-01
-8.136135130818118455e-01
7.290128873601435799e-01
-8.665608640182171918e-01
5.474463496046273470e-01
8.243506399841475929e-01
3.666300201514303136e-01
9.002117589389466712e-01
-9.965964785364578304e-02
3.469349242910815256e-01
-9.882499653116232352e-01
-1.051622691689164668e-01
-2.120731389452168436e-01
-7.295404644403211680e-01
8.760935775388856150e-01
-6.940183162892719082e-01
8.062585349371571564e-01
2.839055827606198346e-01
-8.117623067886003962e-01
1.860253387549604120e-01
3.939088170506208630e-01
-1.784269310346922044e-01
-6.665086387055860762e-01
-6.595840484170487628e-01
1.186953959650323132e-01
4.042960851347059403e-01
-7.446946248929107171e-01
-7.151670773198808284e-01
7.466991457316423109e-01
-6.506377660257380846e-01
3.924113350581559523e-02
-5.581390897946356677e-01
3.887979169444655270e-01
7.551477083009539015e-02
-8.745522801281040426e-01
-1.635394975997388478e-01
4.090655420969009359e-01
-7.439213359326206643e-01
-7.095570191068023558e-01
-4.863139734259773750e-01
2.258145683930872227e-01
2.791482667937649431e+00
-3.702157589907043800e+00
4.586163907217786218e-01
-5.242482406469763934e-01
-2.901772742590901788e-01
-5.019289451226682797e-02
3.109906044118899704e-01
-7.901376592876929728e-02
7.482108710691415254e-02
-8.828799826778783721e-01
-5.743476194558154724e-01
8.395783443923094946e-01
-8.020100267487384471e-01
-7.583563323859658922e-01
-6.786015258612145828e-01
7.283698234819937500e-01
-9.472301348234506424e-01
2.938114197745700373e-02
8.257177924974601346e-01
-3.871539405039696735e-01
8.946246827704698035e-01
6.700585515390855562e-02
9.287701663586755974e-01
-5.032495743847829051e-01
-6.265816157495112115e-01
4.452705113377775081e-01
8.148420308463300010e-01
6.522435725057407208e-01
7.722634196928919170e-01
1.398064600325137352e-01
-6.646363675312771946e-02
-9.960610879267000062e-01
-2.222766966200198091e-01
7.967810629770357700e-01
3.824477206568592802e-01
-3.167536255848049098e-01
-8.837407712355949130e-01
6.728516931303578641e-01
8.640202197039712484e-01
-4.066941441135401014e-01
-3.366264743808986548e-01
7.892539954742328057e-02
8.223938806805954904e-01
5.201526129764972861e-01
9.083433263838536220e-03
7.200422198387914641e-01
6.043169357873809933e-01
8.008467049771701429e-01
1.504941703285074261e-01
2.205151834813350309e-01
-6.157648577962901992e-01
2.102115515773099741e-01
-4.063715759553017115e-01
-1.028686624904266989e-01
-3.019983643743284762e-01
1.139768100196825173e-02
-9.580272228282704639e-01
-7.493800222006534728e-01
-6.314688987073280302e-01
6.113994324736977681e-01
6.064055737737588103e-01
-5.609368540603398845e-01
-5.833668177018536127e-02
-7.453456266654459039e-01
5.387993835265805220e-01
-7.385204024530909184e-01
-6.470914116428609919e-01
7.790727365481597833e-01
8.710465274803029789e-01
2.641164857202364935e-01
7.102457614061206126e-01
-6.008898098885211425e-01
4.634099104452853446e-01
-2.091362598411299345e-01
-4.798124465454407517e-01
7.109438603159246028e-02
-1.342597882202742898e-01
-1.762948950280898153e-01
-1.217841205703478202e-01
-7.014214488847241302e-01
2.341575698095639257e-01
-6.791740362049263346e-01
-3.230427327996052700e-01
-9.225648457345521081e-01
1.143550203609151605e-01
-8.423200326062518783e-02
-7.476863064094509959e-01
4.292195931508160367e-01
-6.691652899989559700e-01
6.230006643659160570e-01
3.009208499571309758e-01
4.442281742071885198e-02
2.127848800569391852e-01
-2.440022892410032007e-02
-5.103603112032928379e-01
6.337265856522205087e-01
-6.861768741156648588e-01
-2.434062766005169465e-01
-2.694441761653789680e-01
3.735297476976497943e-01
6.247913250827663578e-01
7.319192079019978259e-01
-2.222964095711097432e-01
4.791998181879777441e-01
-9.067005536993510972e-01
7.056904186950101465e-01
9.474463632474949826e-01
-3.943551185402747183e-01
5.456652939584882844e-02
5.568034893163515964e-01
6.450280808783539488e-01
-6.791723386419319386e-01
-7.344206154137618014e-01
-5.216742313584821211e-02
7.372547411205989665e-01
9.024572667933172809e-01
-3.864710509900073365e-01
-2.430537294530885628e-01
9.386922960998878018e-02
-6.793038508920761220e-01
-6.854826449688495860e-01
2.749816815529866343e-01
2.987535297954397873e-01
1.090558371172354324e-01
-4.539004426518808977e-01
4.083163864635712681e-01
-9.091893060669664628e-01
1.538379031273733322e-01
4.538842700864664792e-02
-2.955525818667741333e-01
-2.086291490574250229e-01
-4.144012744742364696e-02
-8.624069657010042800e-01
-4.314411200025292104e-02
-7.590826841983013828e-01
-3.127915009589326001e-01
4.005267828560277188e-01
4.621604988242353773e-01
-7.152110855659667976e-01
-5.661616689931354696e-01
7.451855093785570983e-01
9.334330286172012325e-01
-8.497830772096521823e-01
8.992905031992299847e-01
-4.641240180855361608e-01
2.130443085754383237e-01
-1.021235434079970084e-01
2.217286829304421225e-02
-4.134028853602875753e-01
6.571571557406907793e-02
-2.105927229965320890e-02
5.882228393959409996e-01
