-4.078673954401943469e-01
3.957504112527088225e-02
-6.481997384095137260e-01
8.868634245099862312e-01
1.322312222632024969e-01
8.339120592433870716e-01
-3.659247430528855816e-01
9.455902058045819736e-01
9.824821341230047800e-01
8.753780050798358747e-01
-4.581312952732952137e-01
-4.507979070529002374e-01
8.810411948442693486e-01
8.636947051732657421e-02
1.395370521552903309e-01
7.177414699186202007e-01
7.675071801378896552e-01
-1.898990498213402045e-01
-8.731648029816931889e-01
9.924738956865710726e-01
8.176748935274436025e-01
-2.845059499415112381e-01
2.984264885871956707e-01
2.770139232271109364e-01
-8.613219420942097582e-01
-6.361114708020421116e-01
-9.813744674627735698e-01
1.088772435113354309e-01
-2.640913695564099939e-01
8.978835091198316132e-01
-2.353735241671084388e-02
3.779994153608778884e-01
-9.133323550109271327e-01
-8.589630601448925429e-01
-6.362249620955444662e-01
-4.349632544277362012e-01
2.231085716206511194e-01
6.221530877828538308e-01
9.007236762276709108e-01
-1.913124445308533872e-02
-4.703041529450358027e-01
7.039305439741680992e-01
-5.810431108521241228e-02
4.359307461886123836e-01
-6.585192452278092468e-01
-5.688928260542345239e-01
-4.319978115789906425e-01
-1.792763957794085705e-02
9.099757880468937188e-01
-1.102522291067082882e-01
-4.243841970985711143e-01
-2.293401463366326887e-01
-6.595859761872024940e-02
9.908109962494875411e-01
8.695192185877500535e-01
1.438181857086691107e-01
1.205594517811907629e-01
4.903326465457882311e-01
6.036191133613533211e-01
-4.487352111506952568e-01
-1.960436283479158881e-01
3.350440886064531831e-02
5.709869514581127348e-01
4.616068506858612697e-01
-3.620704960207241641e-01
1.558027141035855934e-02
-2.466474196171497546e-01
-4.404401507574722263e-01
3.960514933369048141e-01
5.034196322811257396e-02
8.961163868072539174e-01
9.769042070184619231e-01
8.502295053897279686e-01
-9.435742008760981125e-01
4.582503220261120447e-01
6.783234265361168802e-01
-4.500833558033843218e-01
9.446257577771453029e-01
-1.296744423581306371e-01
2.045698264832398472e-01
5.877810148298756587e-02
4.695541229077397904e-01
-8.410801524074835722e-01
1.310191016033639411e-01
-9.236767281944895380e-01
5.861858795683638768e-01
1.437994171647070107e-01
-4.757807075998559121e-01
3.957141334615015271e-01
6.600258846982172134e-01
6.882536674711461355e-01
-9.139497747836837771e-01
-8.992398192681978486e-01
9.602706488188308409e-01
-1.222742334580528833e-03
-5.836346265881902085e-01
4.349272824605363574e-01
4.297917577334819939e-01
-7.543263691357067202e-01
-9.886624540292829888e-01
-4.295392424513582164e-01
5.823268830912513572e-01
5.877725603207626381e-01
-8.207840178660172903e-01
3.450685269759603546e-01
9.781041484372565709e-01
6.922679920487462280e-01
7.278485604282656229e-01
7.415752418464067741e-01
3.442103371342164486e-02
7.923075497037572745e-01
1.486758624051349731e-01
-9.914964053164172508e-01
4.874121358789209602e-01
1.864551032612260517e-01
-7.408001116778815121e-01
-5.301465574466006636e-01
2.219042203016545756e-01
1.550445608160788691e-01
8.886515623068125258e-01
8.759582994844148374e-01
-4.770907578405216842e-01
8.029662942491415656e-01
1.966895739048972747e-01
9.989519801058883708e-01
-3.995941001354443856e-01
-7.729030440276605241e-01
1.499282333534459610e-01
-5.335638239522015880e-01
-1.301600725160212413e-02
3.389434353901856767e-01
-5.091091755810445152e-01
3.396372497706159344e-01
3.621224921837573607e-01
1.115436348178934445e+00
-1.721660332095521495e-01
2.559812445975266915e-01
-8.318383214901809986e-01
-3.632019016307843629e-01
-5.307353801002765437e-01
-2.564082922716297563e-01
2.463641748096789819e-01
-8.361947301784291575e-01
8.969313465139139296e-02
-7.081415906072485722e-01
-9.531338888291391864e-01
-7.407360919774144126e-01
-1.153856506330477316e-01
-1.986823734610962955e-01
-8.552997783584619373e-01
-1.019569480200082090e-01
6.108021523542943587e-01
7.352565104422037479e-01
1.381217285501754599e-01
-8.672303170516926230e-03
-2.110129868381787066e-01
9.763725086918999541e-01
7.471823276847782136e-01
-5.687985722840678271e-01
-6.251692074660728515e-01
3.114228318590333000e-01
-2.899863842073315823e-01
-9.313205162851212471e-02
-9.581452306216300396e-01
8.941594303433082480e-01
9.355940276509568942e-01
-6.509028063910919926e-01
-9.109660732598037214e-01
6.082869193597422175e-01
1.299530260909564916e-03
-9.732805653720011385e-02
-1.821197993347529742e-01
-3.013163795035169734e-01
8.118227381993190495e-01
3.106257273422827758e-01
6.100269203448374089e-01
-8.239152307375512407e-01
5.073837364254101256e-01
-5.741132734946734484e-01
1.893050400601756778e-01
-9.046550451277837190e-01
-4.286551183384288422e-01
2.606945003680742889e-01
2.670183088330206900e-01
-4.036264910955547069e-01
3.363483806497511441e-01
-2.940137755048013446e-01
8.681989098342157707e-01
-9.328902014472215676e-01
8.545355604251132497e-01
1.517524377907608635e-01
6.407394543690576594e-01
2.873939649165095922e-01
8.473060699935832663e-01
8.720012745730838510e-01
-7.056505592827324591e-01
4.506152820947935123e-01
-8.407797497090527816e-01
-9.494677907321709132e-01
3.265210759458718748e-01
-5.522444051861656877e-01
7.619533816508483604e-02
-1.646706900733025947e-01
4.327614633922232112e-01
-5.242292028420725281e-02
-5.887076545588152410e-01
-9.169435207945344501e-01
7.415576286570642051e-01
7.420210060217931058e-01
3.929361988386081972e-01
-5.929129137222333146e-01
-6.691517757100060582e-01
9.748908800665982977e-01
9.345342867874293358e-01
-4.984582996019517598e-01
8.003626362504068226e-03
-8.092731845931910861e-01
-4.278424679479087001e-01
6.250849105573874631e-01
6.164864811368766517e-01
-2.746127432028775406e-01
-9.720824007691355462e-01
4.272076892915943613e-01
-3.941205627432295966e-01
2.637674339846611815e-01
7.758463713219734270e-01
-1.057153193241195943e-01
8.248094034214872305e-01
-4.739599581318738597e-01
-5.317168739287787549e-01
-9.143692112601504718e-01
3.375342593083134890e-01
5.782329748697856431e-02
-5.534871214024590369e-01
1.853180895516832738e-01
-3.980012223030093832e-01
-9.261375088235475062e-01
9.990536085993300119e-01
1.272035625048599794e-01
3.364877862240867046e-02
5.929646237954555588e-01
-3.368594059306331268e-01
2.060179049995307654e-01
2.114746342595383855e-01
-4.436844002709234847e-01
5.145586061008300405e-01
-6.082106734215102506e-01
-8.916818461615236835e-01
8.354099348471919484e-01
2.523171899440801447e-01
-4.429868959803864303e-01
-9.940613764324575108e-01
-4.510706359584999436e-01
7.139424394678177688e-01
2.271955032077326297e-01
-6.945348264596860055e-01
-3.807209130513562467e-01
9.643926451526065868e-01
7.332586967310643633e-01
-3.303665950001792861e-01
7.259051333833046460e-01
7.235607235118834968e-01
6.393706224832662599e-01
2.345070466311913737e-01
2.914525815023027988e-02
