7.461689506441360198e-01
-5.766782596366264446e-01
6.487487835854510720e-01
-6.650562345125008434e-01
-4.614271039073698510e-01
1.874928988710566902e-01
7.232934704866493814e-01
2.896747181831451634e-01
2.872936790011282326e-02
2.526988592157732860e-01
1.799604195381458993e-01
-9.027460092683956550e-01
5.673882205808518098e-01
1.526160275926307097e-01
-8.384000014389767497e-01
-3.027190437714077920e-01
-2.630292656605958790e+00
-9.816252846656974285e-01
-5.740535992456941017e-01
-5.979135798668460122e-01
-5.521375111360624643e-01
4.380959746032688784e-01
1.191989990407380740e+00
1.432862791820138648e-02
-1.321033296068276464e+00
5.287651165380984342e-01
3.204592232020428977e-01
1.450463136138069098e+00
-5.752619269361847198e-01
6.218954087110450946e-02
-1.262597055315591854e-01
-7.760912285377141728e-02
-7.879579610861637828e-01
4.163886028257000049e-01
7.513811110797246062e-01
-7.610951085846433539e-01
5.648013376908367356e-01
-5.382208256253158130e-01
6.374793830119891425e-01
1.425929688114424554e-01
-7.000081059317146970e-01
9.734740344593411088e-01
5.748574490934976744e-01
7.104411438760525055e-01
-7.627450623028886323e-01
-5.945362097736217599e-01
-6.544529679881303519e-01
-9.230621763485102882e-02
6.296304991472865265e-01
3.679518998439501587e-02
-5.242016137964722322e-01
-5.746534923375568038e-01
7.047512269801308182e-01
7.699200524696698800e-01
-9.723033066083397458e-02
3.714556975812990380e-01
-8.900619363498305514e-01
3.513809780936079097e-01
5.156524040729548730e-02
9.479428189112721892e-01
8.560388027959620061e-02
4.603176650149753968e-02
8.215405729286417991e-01
7.254732828462198135e-01
6.637994219868859069e-02
-4.549228054118961140e-01
-9.281981028680053036e-02
6.246781449478928661e-01
-7.183130805603310520e-02
-4.049582580786654784e-01
9.911087701285767881e-01
1.057756619674934395e-01
5.680141590319758294e-01
6.013424643920473045e-02
-6.632611164721824437e-01
1.571387454971184816e-01
2.839616261817701215e-01
7.277384869262650824e-01
-2.279052462705042359e-01
4.641560932297703612e-01
-7.599136780035515848e-01
-5.663875733866758910e-01
-8.424038550316905738e-01
-9.479133619499324759e-01
-5.289218404295698006e-01
-2.146479654714861240e-01
3.740249158635071680e-01
-8.883974908727918507e-01
-9.569828565374471907e-04
-9.394152325748943433e-01
2.495853079351937343e-01
-9.776732712865574548e-01
-7.227967489665916290e-01
-7.931173133932656327e-03
-3.572378282590240595e-01
-5.118112069964615429e-01
6.346568852456895282e-01
-8.631088558254178533e-01
7.910186650810708819e-01
-1.762062964389123909e-01
3.536873073175741400e-01
6.100643844177497943e-01
4.624140161292069617e-01
2.392827047487924297e-01
-8.632953365284863345e-01
9.511585068615611149e-01
9.670581128186508391e-01
6.530856462744740742e-01
2.823929645591762849e-01
7.207020649381168376e-01
8.922302034190718878e-01
6.701703999895722852e-01
-2.862786910059824663e-01
-1.454040911664733482e-01
-7.893739191274282696e-01
8.191239732819506347e-01
1.884618519761829258e-01
9.306961317586810445e-01
2.241545260278234863e-01
-5.700633443022791180e-01
4.064942233651989145e-01
3.048794217974160059e-01
-1.854846842376376426e-01
1.533147772423180122e-01
-9.021673451299303537e-01
6.695143846713856872e-01
7.247578516069475008e-02
8.986791649593155462e-01
-1.347684849891521708e-01
6.610459184416859202e-01
4.524210316223671313e-01
-1.175348888580365347e-01
-3.508018367924932157e-01
2.890335831097199382e-01
1.448668212136845490e-01
9.976774793058629243e-01
9.884350901128573508e-01
8.630059783824073349e-02
9.956475045479626917e-01
-4.267949555936709771e-01
-9.687973371287974533e-01
4.407772685071718044e-01
-2.383125987885490460e-01
-3.999625927476224696e-02
-8.312203087504825838e-01
7.991872617931019551e-01
-8.823825621086254234e-01
-2.165707450326763706e-01
9.042586351301837855e-01
1.373294044919191048e-01
-7.497404207981692714e-01
9.026477796975320711e-01
1.510741652737792595e-01
1.412678305047787575e-01
6.438677422821381668e-02
6.900762387623884386e-01
-9.368922723927659568e-01
-7.601398758620574458e-01
1.047230104450358468e-02
5.754754980739629211e-02
4.346877312561592266e-01
3.104181496109479355e-01
-2.541870935143433208e-01
5.543244425525555297e-01
-3.793604719414562787e-01
-7.520005602148982504e-01
2.778342462565932536e-01
3.670760708694662533e-01
-5.832813785546877572e-01
5.105921773406463249e-01
-6.200207497906427001e-01
-4.567102771413471540e-01
-8.498611827300228683e-01
-3.045913982877350712e-01
3.717292773868643430e-01
-7.328173197400686956e-01
9.682848261030867487e-01
7.391017841074969397e-01
9.866546735529884149e-01
6.806076800330163046e-01
4.958731449001752001e-01
9.512266709905732309e-01
-3.373425073760660808e-01
9.730252344646350693e-01
-5.510211727863376652e-01
1.141028682873577171e-01
4.382092246915958444e-01
-3.996167457672159529e-01
9.754933816560265036e-01
-5.828918415543848930e-01
-9.740419943217260013e-02
9.698928454441380076e-02
-2.984216360310052440e-01
-2.956690596900879431e-01
9.863886614499191019e-01
9.542309028159468021e-01
-1.482843718847282055e-01
-2.647692867601425526e-01
-7.048155804178697359e-01
4.942620365586578579e-01
6.067960050088323509e-01
-2.613188288807288817e-01
-6.086278392408781546e-01
8.966204308516128041e-01
-2.576463295965012446e-01
9.529707379691343405e-02
8.011922070177774913e-01
5.918618838749274413e-01
3.947822512946967954e-01
6.545282146468862638e-01
8.716691112394794327e-01
-8.207246798645082553e-01
-6.203076398316327289e-01
8.446425888433186646e-01
-4.857472359050629684e-01
-6.172744254192426006e-01
8.424277032059461767e-01
-7.133918038796616123e-01
-1.014841495979816877e-01
7.061157748711945903e-01
-2.279984408551389841e-01
-3.777734918001329767e-02
-2.105224413080704071e-01
9.257303513803456507e-01
9.653336453542502582e-01
-3.900617039854303858e-01
5.077428672369064255e-01
-8.027590201187029262e-01
6.561613520638065467e-02
-6.160843350870186530e-01
-4.461002956158841570e-01
-1.627322735388836428e-01
7.836719998708567836e-01
-9.516477003731127482e-02
5.154009156772993983e-01
-5.903782631440224193e-01
8.505695958242025512e-01
2.991745745415388402e-01
9.512062201949174067e-01
-2.452766730228665981e-01
4.183771818966937062e-01
1.663562848720623322e-01
6.117182609270406246e-01
4.873247247525960280e-01
-6.741644215164470655e-01
-2.034619670670185787e-01
-1.775864479308145283e+00
3.632881672104268933e-01
9.379467905387248727e-01
9.801318220857151431e-01
3.031684230122432266e-01
-8.054288918142891163e-01
5.322024816963946137e-01
-4.341885147388870880e-01
-7.913370437267654989e-01
-3.389993781492939284e-01
8.153600521508597154e-02
2.766711013684974851e-02
-8.378982081331924903e-01
-6.403309445100934250e-01
-5.460805419672751793e-01
9.692810494334569427e-03
9.025562078006754696e-01
2.025384871462846625e+00
-2.434628940510896733e-02
