8.225123764920423408e-01
-4.948360011887540377e-01
-6.268161493616895008e-01
-4.423405946320071447e-01
3.957792405516249445e-01
7.140306283224879813e-01
6.357581156091416386e-01
-3.758604132777787488e-01
7.026120471795056499e-01
3.217673744670646041e-01
8.081491148805772795e-01
3.479009608094094652e-01
7.575385760818467151e-01
1.261731116457203150e-01
4.523171930134028962e-01
-4.751900298135485201e-01
-9.344267326140309748e-02
3.447202219805813872e-01
-1.398006112112211152e-01
7.166394150025674481e-01
-8.076584694278727827e-01
-1.246895331343327307e-01
-2.527269284910811376e-01
1.748712510785239704e-01
1.853020419962352339e-01
6.322583065696085747e-02
-4.807962198696635880e-02
9.164771655405483664e-01
-1.867021616469226597e-01
-1.150986876777999601e-01
2.357141658774739579e-01
-3.538283730585563003e-01
-8.176224545139920696e-01
2.019477979812795976e-01
2.603084277125922164e-02
5.589439752592009203e-01
-3.743383852831274616e-01
3.821322717335080554e-01
-4.444402001476277508e-01
-9.402203078088073873e-01
6.192520860595942533e-01
-6.214215583448412517e-02
-7.448436481268323472e-01
-1.509939068097219117e-01
-6.196961150998747669e-01
-4.986295769628059649e-01
2.258955458093447888e-01
-5.021642241946813190e-01
-7.557964667228154187e-01
2.276595351114769628e-01
-7.681867900983889719e-01
4.814947891929373114e-01
-6.003144957168808915e-01
-5.203271021623794290e-01
4.618618501913456242e-01
-1.358004988000849345e-02
-9.435255401111897200e-01
-2.993772596651980145e-01
-6.972522847789914824e-01
1.995274232740527065e-01
2.571067228509651414e-01
9.313656861012331589e-01
3.707927300050872788e-03
-2.064150722164130869e-01
-5.355494437041956601e-01
-4.690590184403875540e-03
5.133594310577174191e-01
-2.150720230106761832e-02
-3.421903607169212158e-01
-1.004997044056745281e+00
-1.968923641423526716e+00
-6.277473514742217819e-01
1.197792659816308003e-01
-1.646270118282612938e+00
6.175617630632551647e-01
-9.349788228636588538e-01
-1.334722828159405683e+00
-8.065396767746964013e-01
3.237513336323286084e-01
7.684679434906938056e-02
7.796571516832171422e-01
-2.370122761065491801e-01
-3.683140792125387808e-01
-3.250984516928452361e-01
5.626319213012118681e-01
5.740527445806302698e-01
8.164501436912041665e-01
-1.457322374092075989e-01
-2.105430157011614067e-01
8.653476883765456318e-01
-5.865205041837817657e-01
-3.791974143826706278e-01
8.268259554257111343e-01
-3.805976872563114899e-01
7.686501138224153262e-01
-6.076645634418191833e-01
-6.397917528556247291e-01
-8.082306558498153493e-02
-2.798998393238634197e-01
-3.561649518644665058e-01
4.870024857721388933e-01
1.310823303649994997e-01
-2.581076600785148223e-02
7.632621910141486055e-01
-2.376930920790607527e-01
-2.425070439260488264e-01
-8.443958046358825964e-01
-9.353295000701364881e-01
4.412585849607388866e-01
-2.106448305306147795e-01
-8.815419101138386448e-01
6.600820812942844729e-01
6.353642995087105394e-01
3.981284421521946726e-02
2.403499943267171091e-01
-8.566776466907584098e-01
-3.322923479505963673e-01
9.043830624584821010e-01
-9.763338612174632392e-01
6.421601517879149679e-01
-3.112232863496131596e-01
1.090132308108773262e-01
-6.892090522308067513e-01
9.830592987785071735e-01
1.323692439172898805e-01
-5.164631082010791019e-01
-1.178279787237463960e-01
3.476873987463819926e-01
1.928444290354340840e-01
-8.219108636419651948e-01
-5.148780085767097336e-01
-7.757494183716053815e-01
-9.793944914437127114e-01
-7.682183539680407236e-01
3.835849006133229544e-01
7.043681054444319578e-01
-4.068806067269401527e-01
-2.378166960102268135e-01
8.497660148332988328e-01
-4.987098926159139189e-02
-9.087848001892420147e-01
5.965792708528230293e-01
-9.766282739233507204e-01
6.532525744770723009e-01
-4.891785843881826246e-01
-6.056833522052340602e-01
-3.579716302378990189e-01
-6.069355878811570904e-01
3.489832084221808906e-01
-1.762015838621504571e-01
4.479054684951022658e-01
1.901424086098946198e-01
5.953699043516464950e-01
4.545334831089380412e-01
-6.304474797225159133e-01
6.446108171487141547e-02
9.486563318659051447e-01
-3.151297719256638263e-01
-7.482957333988586868e-01
-8.605634535330550783e-01
-1.215797301696175392e-01
7.232174792455470236e-01
-4.192837547595240633e-01
6.540661165273069511e-01
-3.902452133073788243e-01
-6.503664151591519449e-01
-1.334812775063909385e-02
-2.808972614828455505e-01
-7.847089777744455930e-01
1.015271738645724398e-01
3.075633921525899872e-02
5.030302711930279003e-01
6.584686718398615746e-01
5.986101532234329170e-01
-3.402985050479003792e-01
-3.013845299119317644e-01
4.449812969442361599e-01
-7.777721460871085402e-01
3.280447105161956589e-01
7.669421034489201094e-01
-5.499307543072933235e-01
7.319709408103485249e-01
8.116749448296811664e-02
6.674912646628730073e-01
-4.245728021660792884e-01
3.570884038740662625e-02
9.191984369605576966e-02
-1.567236714335675796e-01
-6.604994173093949872e-01
-7.077193207164123034e-01
-9.740020976550800569e-01
9.534685452635789371e-01
3.504432668891031000e-01
9.575606730232446573e-01
3.895394828988625324e-01
-4.881777857001965426e-01
9.454677513048264093e-01
5.791037038252997426e-01
7.292719737540043212e-02
9.810424104175807791e-02
-5.994705698817455186e-01
-4.257322295531256184e-01
6.566090676944869031e-02
5.098762743700340216e-01
-8.267344812571590928e-01
-4.513793949031583708e-01
-2.883374215720706513e-01
9.978302362413209448e-01
6.287604162987057155e-01
7.416105059345561301e-01
-9.335053973225040380e-01
-9.322865938014091025e-01
-6.558422544089501649e-01
-1.291933055766900651e-01
1.904044351153701964e-01
1.944091557508382806e-01
6.255958775633929658e-01
9.679114928318648392e-01
-8.355057004493327000e-02
-6.848197046557271683e-01
-1.404729761833074519e-01
3.308566113960680344e-01
3.966383602687189036e-01
3.614521814125484234e-01
-7.290131017505618871e-02
-1.726906346456380525e-02
-6.746990667554286780e-02
9.282448882955229852e-01
3.992399959502122009e-01
-4.554109301805759902e-01
-3.286038682271599232e-01
8.352240594352200453e-02
7.083566545782460366e-01
5.706835258848428349e-01
7.581925823047799273e-01
5.290593315576732625e-01
3.044198400343780531e-01
5.867201412285498741e-01
-2.957935059759080332e-01
7.932024009956626376e-01
-7.247666589488985789e-01
-1.579746326569977377e-01
-6.286935478942052846e-01
3.733225542375899764e-01
4.137475830593848602e-01
-7.608480561266803832e-01
7.077342529418511052e-01
-4.743628703522262402e-01
-9.859598050686217974e-01
-8.804221673971344142e-01
7.058326761337048172e-01
-3.533304507442818210e-01
4.627465152473826393e-01
8.580146984278087530e-01
-7.984152070547567703e-02
-7.871311204733126843e-01
5.959874554957349524e-01
2.185694733468503959e-01
-1.601176686022953710e-02
-6.993604987528230232e-01
-6.115350408338149357e-01
-5.382499797270619002e-01
5.877980388727248595e-01
-2.219831097548088383e-01
-6.891729258021412896e-01
