-2.892216863748557909e-01
-5.405406308772608970e-01
-1.665709899180782827e-01
4.119063876249011713e-01
-8.424893744345813840e-01
5.986836721155872620e-01
9.783456946041326763e-01
3.773710549546211990e-01
-8.097010754441278380e-01
2.711381410686262150e-01
-3.033250766574724366e-02
2.528193882368050538e-01
4.795265538108506309e-01
4.733142824419140915e-01
-7.945648270397827062e-01
4.352815276000248090e-01
-9.571497204057524133e-01
-1.049539864567294867e-01
7.623188327829080180e-01
1.016954013092092879e-01
7.233573037040221809e-01
-4.083638607612878335e-01
-3.361284962827166822e-01
-9.871351902471974249e-01
-6.511937484923118191e-01
2.864238812842427873e-01
-6.830144544157341624e-01
9.324972110236084966e-01
5.175680481156756940e-01
-6.390109967918031764e-01
-5.735280193248952774e-01
-7.948707835722654824e-01
-9.513475971775720019e-02
1.412410903577974164e-01
2.990004554783576296e-01
-4.539689554768666646e-02
-8.209737128026954878e-01
-2.124240495366769288e-02
2.773441611847753396e-01
-2.466567010854578967e-01
-8.378064964022375882e-01
3.028045235181708872e-01
-3.457643191772084013e-01
-5.765680815629348199e-01
-2.025533191157058432e-02
-4.607769238478838236e-01
-5.829206219543219269e-01
-5.105872585846396028e-01
8.657537426076278297e-01
1.218956949352436592e-01
1.354077521427170527e-01
8.194074010433638477e-02
-4.935211462950375161e-01
4.133766264497287235e-01
2.844032849624700265e-01
-1.180610750573396484e-01
3.081114892439169584e-01
-9.474354558925592862e-01
-2.886218438333232328e-01
7.927753508008328343e-01
-2.626043804221185329e-01
-3.954569033073165318e-01
2.547936499450342840e-01
7.524346011460991690e-01
7.142583409905705061e-01
7.671498496480242402e-01
-1.691294907226477129e-01
4.721089935581890273e-02
-1.787304221172283381e-01
3.008467399114747032e-01
-4.269572440096043309e-01
7.494895979171563027e-01
-1.670746536207978750e-01
6.431043169782495461e-01
-9.878201597373141851e-01
9.641101276055550340e-01
-3.080044433432278517e-01
-3.220134683176449908e-01
7.991617184131216689e-01
6.966019672619483405e-01
2.404728298826412924e-01
1.332842166597911771e-01
8.014445832841552431e-01
-9.376813180641110357e-01
-8.087890937842316941e-01
-1.147424273843011822e-01
1.866787586606899474e-02
-7.754111948770943119e-01
-7.363781525456063459e-01
-6.746361867183168215e-01
-3.558577837747503025e-01
5.760713565272661540e-01
-4.784571843193190510e-01
6.603774873873728968e-01
-3.326260418605424540e-01
-6.713514457186271489e-01
8.331832621286245910e-01
7.766091374358126131e-01
-7.182004053601831473e-02
-8.639570028740763963e-01
3.197077245364097209e-01
9.943861871475645486e-02
-9.569570835440905920e-01
6.973241912059358061e-01
7.779010729420532400e-01
-1.308361120245304932e-01
6.454902185497997102e-01
-9.637792289913762467e-01
5.612050624939430854e-01
-9.047249594653374860e-01
-4.692312322961362803e-01
7.311889799486679387e-01
-4.334094318262311507e-01
-6.328618136287462725e-01
-1.382772303181110107e-01
2.701830304414161166e-01
-5.912234803611471357e-02
2.001949823099797854e-01
-2.815917761672592778e-01
2.000392296647413026e-01
3.612697836301776988e-01
-7.213216293609256979e-01
-2.149026376661651305e-01
-1.217582541096575710e-01
-6.662546699599618538e-01
4.323335631636500143e-01
-5.248715023819419123e-01
-8.407263853068973614e-01
3.755232935933676686e-01
-1.917099435767577464e-01
-1.018579267348345141e-01
-1.761170126365230182e-01
-3.252153631349052887e-01
7.757467422760044862e-02
2.659160204872770272e-01
-1.218731300500544013e-01
2.048871970603951542e-01
5.990569279096233934e-01
-2.605367934579525535e-01
5.840074703350672802e-01
7.155142189450938162e-01
-3.432040737910002637e-01
1.550427839057753054e-01
-5.778483925725408366e-01
6.195547317200749138e-01
-3.930685088460021959e-01
2.987094984794207431e-01
3.366013181127516241e-01
-1.879291545489250037e-01
-6.608568323148140689e-01
-8.011175441777125261e-01
-7.185590257499072653e-01
5.698667974807025693e-01
-3.924288274453928693e-01
-5.343709253251898161e-01
6.902517979508708823e-01
1.163091442891128757e-01
-7.695307705537259846e-01
-2.687495529824608376e-01
2.918811547810060691e-01
-2.261940159023370089e-01
-7.104354895933377989e-01
3.434560910304271797e-01
4.256169467084496283e-01
-9.665944956610599270e-01
-8.694405057105483170e-01
9.833948706168067488e-01
-7.632544068392779213e-01
-2.058367655913695415e-02
-1.291664909217888901e-01
1.790367006564235197e-01
5.346493331284107864e-01
-7.620271748603961726e-01
8.005741349931081441e-01
-6.050251343340888877e-01
9.085452641472091528e-01
-2.725283985414774790e-01
-9.133646807179023330e-01
-9.293087980547056759e-01
-5.595741562112539480e-01
-2.484478132064853462e-01
-3.928664682739431147e-01
-8.085520780564370291e-01
7.496149673859251461e-01
-2.971213100881961999e-01
8.940839718312343365e-01
1.005716074391456161e-01
3.599822730851229835e-01
-9.689875853157601249e-01
-2.684587528366657594e-01
-8.658044416875216864e-01
-5.199537921475250180e-01
-5.291104998372258006e-01
-4.661095863725872590e-03
7.330609550392590545e-01
-8.955652974415737599e-01
-3.178352823353527423e-01
-2.799528779802269440e-01
-5.252062812535762681e-02
4.423125754054202385e-01
8.004307413195734799e-01
-2.569510990842591713e-01
3.044856495290528819e-01
-8.777008525939062888e-01
-6.725667126528229733e-01
3.262463780770923361e-01
7.435994637877541003e-01
-1.483717049473554095e-01
-6.562026402991361085e-01
-8.492326499027336162e-01
-6.360429329779162533e-01
-7.642166953469975432e-01
9.177352220506567182e-01
6.947406032224374695e-01
5.204146506948832407e-01
-9.650907496083893644e-01
-4.670164603958946170e-01
9.006805416605410120e-01
6.531624106898215043e-01
3.719839880128876786e-01
7.706796672487881139e-02
5.379683125468752714e-01
-1.052169075742714899e-01
-5.394281019128701615e-01
-1.584535317686475153e-01
-7.571440357977436975e-01
2.616122347083009725e-01
-8.863258527272550591e-01
-3.271123487678306851e-01
5.118688111442517563e-01
-8.266206534051703247e-01
-6.410915508962442555e-01
-8.531457638980821656e-01
-7.572005889349118224e-01
-5.937703203765001270e-01
1.761869673414382387e-01
4.805235380427734793e-01
3.958812406377270054e-01
-5.067933493307590354e-01
7.275891536025218542e-01
-2.251178374683240335e-01
-6.147672982616876336e-01
-5.691681703898880951e-01
2.388618843362972921e-01
5.317750797861597878e-01
-9.544867193742656575e-01
4.856281109168778531e-01
-2.786181929452258288e-01
3.538114083302641433e-01
-8.901270961788352309e-01
9.444914615714434802e-01
-2.846619924109194955e-01
-5.084950705033204343e-01
-2.217303013861717798e-01
-4.065013051550803169e-01
-7.205108051974846717e-01
2.339849757962706445e-01
8.660216881346167739e-01
1.971992836992699782e-01
-5.822361305282521826e-01
-7.209436788639020932e-01
1.408558530045382895e-01
6.505377777256109439e-01
-7.484057550437204220e-01
-1.208692838106113498e-01
