7.680659991631217931e-01
5.442452083601267976e-01
-4.072913912539446457e-01
-7.654706992226298912e-01
1.269879797344612982e-01
-4.512203309514364324e-01
-5.645367447463658372e-01
4.316530832592326838e-01
7.803167156012678074e-01
-2.727301793879892688e-01
-4.168516069591010620e-02
1.864701352545308222e-01
-9.177836101940328728e-01
-1.396494313622458350e-01
-7.960626368011247678e-01
-8.183099300304434998e-01
3.079752343903616740e-01
7.065813987807691987e-01
8.850800221074259788e-01
8.206376973302560440e-01
7.342039459491385145e-01
3.758861248241864850e-01
-6.079495735877080698e-01
7.204612890201207431e-01
1.366089972192217061e-01
9.394434324574156836e-01
-3.153067756871663629e-01
-8.794008284135239606e-01
8.181534188144454767e-01
9.665600811843644280e-01
-7.742194196434866171e-01
2.203858000943019757e-01
-7.845863240058001953e-01
5.547013763748109838e-02
-9.210709969021833032e-01
-7.114409900556406541e-01
7.327322457509237719e-01
-4.447709571409208529e-02
9.986011397773240095e-01
7.435805238079897794e-01
-8.910824591451633747e-01
7.615341118736690396e-02
2.870873685749157911e-01
-1.898824482299363847e-01
-1.044212526351605108e+00
-1.462865513533631034e-01
-1.351371631078877922e+00
-5.186723175182748058e-01
-1.035056638872808410e+00
-7.870988223661161687e-01
3.804410469199250855e-01
2.000207362555836532e+00
2.185451035118262109e-01
4.962461606401262770e-01
-5.337927455900959295e-01
4.923549010098038359e-02
-3.169284464191566286e-01
-7.626012557478292209e-01
-7.998536488722438609e-01
5.884415983825932450e-01
7.872585172679240628e-01
-8.472615501517875014e-01
-4.065004524389814744e-01
-2.851797752423212984e-02
-8.784609044950235646e-01
-4.275019905650712104e-03
3.027226799736149054e-02
4.287226583965511040e-01
-1.914524501350391983e-01
2.292815754806964978e-01
2.196763754159627435e-01
-6.778756191876003090e-01
-5.881012565788330537e-01
-1.499882825289235999e-01
-8.804928470370911864e-01
-6.756450191828322627e-01
-7.692574833649601374e-03
-6.134773716730992366e-01
6.228514287385920056e-01
9.052290253589188040e-01
6.455730309232210473e-01
-8.012433032767907193e-01
9.135880502486999344e-01
4.928182847468622896e-01
-7.039488607082364791e-01
1.368821589024329377e-01
5.199966753523139751e-01
-4.759155113142665705e-01
-5.295361537761886783e-01
1.414637636162325851e-01
-4.819363513576999658e-01
-9.501978599639691048e-01
-1.021607325326412408e-03
9.506914184293178138e-01
-1.948500283080365492e-01
7.877755655195728401e-01
-7.585537671131525883e-01
-6.730618539867805339e-01
-8.995803473781054382e-01
-8.690226420983131472e-01
6.487751150006304535e-02
-2.053180071492461956e-01
9.519788702966427429e-01
7.601227672637438371e-01
-6.572913786082601462e-03
3.176039541189392690e-01
4.531617535891447890e-01
4.105524162252465192e-01
3.558188355528493219e-01
7.237411631473815721e-01
3.421580719611809762e-01
-5.741853146234834337e-01
9.792067990443924508e-01
4.649320292417580269e-02
-3.555894877011700483e-01
6.957922992994980405e-01
5.124171385725437844e-01
4.561436346214167159e-01
3.355063624709500036e-01
5.224523898146009593e-01
-8.303501754689801562e-01
8.982604145931674111e-01
-4.484646518506529844e-01
-6.557464287229926025e-01
8.224204928355431932e-01
5.535245232469179211e-01
-3.593545510185118808e-01
-9.997001801105664942e-01
7.044967968054418606e-01
4.693974046472837447e-01
-6.461954681749513263e-01
7.665177372419409441e-01
3.726135116972166816e-01
-2.175809947807576528e-01
-4.725439773211042027e-01
6.173699930462426266e-01
-2.555044574634028898e-01
6.763583020353740594e-01
-6.056736539193126045e-01
2.052466065012406027e-01
-3.482342541995719909e-01
9.030781502446871833e-01
5.565637188837027072e-01
4.233178141959876850e-01
4.051013927581661456e-01
8.647785318089311613e-01
-1.468786299729611944e-01
-2.005304028021497320e-01
4.003616583092324266e-01
6.641097506981037402e-01
7.657210609510682886e-01
9.033804442739103990e-01
-7.376893325530695655e-01
9.095101158136780217e-01
9.661695148178521819e-01
-4.685336929973116238e-01
-5.577540376950183010e-01
-2.593531870936309769e-01
9.696329171123043711e-01
-2.296001437938091083e-01
-5.902904940756497076e-01
5.318055189695694018e-01
8.340508419817482810e-01
-2.774904186784972193e-01
2.093872262061293732e-01
5.420682180036773268e-01
3.127598157529831724e-03
9.963425394571390203e-01
9.526788354098540967e-01
8.684703688347337192e-01
5.710682907885655801e-01
-2.329508724973496925e-01
-6.440536543918500278e-01
4.404300272786993986e-01
-6.924090819377257677e-01
9.420611340179387838e-01
1.984109965138267651e-01
-2.125122935365026944e-01
-7.927385697397706377e-01
3.505115985164890535e-01
-9.050798284123842130e-01
8.870958475792527498e-01
5.702031308682165012e-01
-1.337633645173541552e-01
4.013299270054044854e-01
9.770524502557187407e-01
9.991385405582353663e-02
-7.815537615798056059e-01
6.826479806664651484e-01
6.385342725399267838e-01
8.131513000945034264e-01
8.668326798494476737e-01
-5.173952809156747712e-01
-9.242109898600512352e-01
-5.182080578073873234e-01
-2.773985382997317117e-01
-9.077003014384044111e-01
-3.206157441943413566e-01
2.711766406411155739e-01
7.991285122845035449e-01
-8.978057191208328458e-01
-9.697352347377583559e-01
-5.484792113350718257e-01
9.098444618466157152e-01
-8.901945783899389841e-01
9.048865823719796087e-01
5.226008725709379021e-01
-7.007770801282524609e-01
4.779921980092631806e-01
8.557765893702939941e-02
-7.905111172426870780e-02
-6.489770976345228259e-01
-4.804851712528364072e-01
5.800796225412689910e-01
5.557110319701803469e-01
-3.717719849545328969e-01
-5.702852074294448848e-01
-6.803497942908798279e-01
-6.380806285318776361e-01
3.453719476739660621e-01
-8.681299260258827921e-01
1.949037429471862648e-01
-9.695790310076826124e-01
-1.600721365271553509e-01
-7.247936870432507561e-01
9.370666969219376696e-02
-3.832597854706030205e-01
-8.954677804515007722e-01
-2.752955517297412946e-01
-1.257915910299747253e-01
7.718204170480367221e-01
3.508859696651911442e-01
-5.941071604894068159e-01
-8.436689798326488798e-01
5.316624485658199006e-01
5.778955397243965564e-01
-6.480085916929538836e-01
-9.126015779292948604e-01
-3.287905098346290966e-01
-9.759722880970416181e-01
-5.372371440493115546e-01
9.125239881160629452e-01
5.630531641059008940e-01
6.547431426729868331e-01
3.269714447665661439e-01
-4.247143098970311836e-01
-7.969187835232647288e-01
5.871730970906814395e-01
9.494119585375768722e-01
-4.080597847218827567e-01
-7.465368078956251541e-01
-5.419174928653613943e-01
4.923303815757045232e-01
-7.262373044854211201e-01
4.322984119441137807e-01
-1.878996786247637552e-01
8.483845001227463545e-01
-1.317311377560832497e-01
4.452057027325579952e-01
-9.587162806019522421e-01
-2.654172697760810440e-01
-2.567579590227930808e-02
8.275756179664779388e-01
8.508334880693388946e-01
5.030580846606669265e-01
