-6.270894639644679636e-01
-6.550924712903931635e-01
9.073306953709014966e-01
-7.273052518417140178e-01
-1.959453131946005122e-01
-7.360119389449688576e-01
-7.766584371172304824e-01
3.777238882826783328e-01
1.171837923344429822e-01
-4.470079645159759085e-01
6.199303089705268111e-01
1.036687302718553028e-01
5.295874943614113928e-01
-2.915642649657692598e-01
-9.680836413562554643e-01
7.547234989795814641e-02
-4.676364003404172021e-01
-1.312901331366265190e-01
-5.218024818118740527e-01
9.280017221879002243e-01
4.472513111421947407e-01
-2.857345229739067793e-01
1.081442760142254933e-01
-4.414696542863618678e-01
-7.918023460339123076e-01
-1.752155984608649852e-02
5.662806788875338615e-01
9.895995621644004814e-03
7.676073402772427556e-01
-6.810567472090416352e-01
-7.543591019404738418e-02
2.816255091341883787e-01
2.020895666290736248e-01
2.653391373462108405e-01
-4.653702600313724957e-02
-8.036956383302911178e-01
-3.068395111300670219e-01
-7.201000318518313570e-02
-6.732136899742939828e-01
-4.907417576061812170e-02
-1.545797019525902982e-01
4.712055691803838098e-01
8.428029006169759363e-01
2.668510212067598530e-02
-9.694004655480730204e-01
9.853756440904621883e-01
4.504615117930943491e-02
4.994048436015599002e-01
-4.440590331031113447e-01
6.673280156001466512e-01
-7.429613618781227835e-01
-5.656796441613436421e-01
-1.316145533059426276e-02
-7.501294043407671364e-01
4.081818276867159589e-01
1.848410808294256302e-01
5.282370770804523108e-01
-3.172634710246129419e-01
-1.152003284087487422e+00
9.175688456990858111e-01
8.016037297686080532e-01
-1.057436303386657173e+00
-8.562304971010485932e-01
-4.017606934821518205e-01
-1.143804008189164279e-02
-1.298284352344794002e-01
-6.057925791820508721e-01
7.191535260741810376e-01
-1.732087572779983375e-01
9.244511405189526076e-01
1.015983569522946883e-01
5.010932372270220370e-01
-1.455782306430265516e+00
-1.071982774629505197e-01
8.518243762961428267e-01
-4.246878678634484761e-01
8.431769072787107522e-01
-5.055883004294869920e-01
-6.913432217935351343e-01
-3.447238203949078983e-01
-9.974089831759878066e-01
-3.723856152914475359e-01
6.907739186489809669e-01
8.641642297099155767e-02
5.855778306563677038e-01
4.311745382414032823e-01
-4.045480012190680874e-01
-1.234956999108436593e+00
6.531383452685999291e-01
1.438747037111115290e+00
8.217231925773065271e-01
-8.563833159865286149e-01
-4.934385288980251971e-01
6.177381917589168658e-01
1.357844154223200039e-01
2.005190525528968148e-01
-5.721865611455225764e-01
-1.082100201928631211e+00
3.909008035305301387e-01
4.687974504373089157e-01
1.578421823978599647e-01
9.777298882493017373e-01
4.146661838702292435e-01
-2.880481169182473877e-01
6.068528791573823966e-01
9.242260436650890920e-01
-9.833307951360859001e-01
-8.446116412946105267e-01
-6.295178584822918033e-01
6.914446203797801616e-01
1.234162711956909853e-01
5.282048024738144054e-01
-6.760859910462158062e-02
-6.772529552128714325e-01
-2.260226419408100096e-01
9.505606849699894667e-01
-1.931086959274510573e-01
-9.599938930548437277e-01
-1.792864839526882026e-01
6.153166874309796697e-01
-7.055495456671854182e-01
-4.543090812157657421e-01
3.327714226625566596e-01
2.241200639952050100e-01
-5.487261753007017795e-01
7.888547289670362339e-01
-3.070891125872377003e-01
-5.563528426549011474e-01
7.369015942156977861e-01
5.697479875698472362e-01
9.196972961791283208e-01
-7.776587956488232312e-01
-1.826696700982368693e-01
-6.262832991659008641e-01
1.080602367848684242e-01
2.735202404707528512e-01
-4.655061299240945694e-01
-7.790613049909438370e-01
-6.632550645103090226e-01
-1.527204552616396871e-01
-1.025985090029484237e-01
-8.338946698359821497e-01
-4.032263249239571579e-01
-3.168408619621478906e-01
6.157255399611520907e-01
3.606929372559155578e-01
7.584194695742618730e-01
-8.427147647277721809e-02
-7.404788528124672808e-02
8.047728544988883570e-01
-4.324979392063919015e-01
5.352196031350711092e-01
9.353052243935471299e-01
7.700089516306265480e-01
-4.225507903084027017e-01
-5.118324047420326206e-01
-7.551736663771873026e-01
-5.346975674606733175e-01
2.517410759198905890e-01
-2.280671306883075289e-01
-8.992751584205116444e-02
2.927462326940015735e-01
-3.910706659909481964e-01
-3.470965607888860660e-01
6.055864217422268769e-01
-3.687420702124020178e-01
-9.604592178180590967e-01
-5.632779345048635200e-01
3.576177821193746720e-01
-1.933869957167579923e-01
3.293277882480882823e-02
-7.948781694035915724e-01
2.429713244016415974e-01
2.557314686548288751e-01
9.392692200314725071e-01
-9.309513896408811995e-01
2.714435240190378185e-01
-1.730944780257821503e-01
-9.692878515555891639e-01
9.020573622635330580e-02
-2.112138225316988471e-01
9.718533340808277465e-01
-5.572254555646058982e-01
3.383065203421069533e-01
-9.351171040668715406e-02
1.478934873349297963e-01
4.083269769066169008e-01
-4.929351798005028318e-01
2.130213966681471227e-01
-2.578622855657832780e-01
-6.541140023507283630e-01
-9.342612507125687138e-01
-6.663482137495697621e-01
1.495748584791818381e-01
-5.591875694521009077e-01
-3.563985568400112047e-01
3.328439343440898757e-01
-2.602447079276699604e-01
-7.085835864114609084e-01
-7.103603703830880800e-01
-2.854002196689504611e-01
7.396113963093831067e-01
-2.177733705031867917e-01
6.089204781313379833e-01
-1.022771109924036637e-01
8.793038056636808264e-01
-7.773062677889106542e-01
-5.538585612841280259e-01
3.853643537497759564e-01
-9.841750677360492361e-01
-7.078376380837303472e-01
1.019627765276021059e-02
2.619590799472402143e-01
-1.637488970817877476e-01
-7.293914564928827282e-02
-7.896335733369708176e-01
4.949683989673903106e-01
6.259918390094298957e-01
-9.315664636125400300e-01
-2.579730320313566860e-01
6.803126118017437385e-01
-8.341486608456190055e-01
3.966373620040732906e-01
5.034821859372322628e-01
2.683222367475290859e-02
2.084185111501040133e-01
3.314817288628593150e-01
1.075097724340312588e-01
-6.911542892476001398e-01
3.981375737967687289e-01
-3.073080918254911253e-02
5.833700402770078952e-01
-4.852167001126994617e-01
-4.210513562963045242e-01
-3.325688765431753513e-01
6.834715664683010949e-01
-4.611179147657340494e-01
4.380106669593191171e-01
2.103136877182087972e-01
-6.890856161551632830e-01
3.584048265963057922e-01
6.730055656692988109e-01
8.144656493590787250e-01
8.729999144156703750e-01
-6.369037718017103167e-01
-7.434806657076031833e-01
2.278880133504872507e-01
5.507293503549910429e-01
-8.143905346139599377e-01
-4.024884203360292734e-01
-1.603133143338582034e-01
-1.194058151232930687e-01
-2.063355140261189380e-01
-5.529179657924829794e-01
-3.702663634175376028e-01
1.620730511853130107e-01
-7.350627797022639687e-01
-5.667917926855787769e-01
-8.248195181158368694e-01
6.527753290730609059e-02
-9.920622616617178480e-01
-6.140286441851576793e-01
9.065167539646534767e-01
-1.378883096110528061e-01
6.776612871751770406e-01
