-3.078300787339869338e-01
-2.716249362424822955e-01
-2.507831155558521985e-01
-7.133635166055267707e-01
5.702327162564317931e-01
-7.730608159246863398e-01
3.118688897061954179e-01
-6.649104344847540649e-01
5.824493480561714343e-01
1.724224673457559476e-01
-8.618970164537158585e-01
-4.466948296836850130e-01
3.071737196828472349e-02
7.391717126018246820e-01
3.284166169960234249e-02
-1.839457402554489640e-02
7.362318990106473393e-01
6.506288825791530783e-01
-5.497803098966211888e-01
-2.551767294815587839e-01
1.046525731623273447e-01
-9.126056780455740203e-01
1.852347820262494338e-01
-4.280154824491535503e-01
2.105883526641316728e-02
4.615759136409334218e-01
9.450634926826531057e-01
-2.229158903265580083e-01
7.580430408898561900e-01
8.177002292249686555e-01
8.209304915480017950e-01
3.610794022748367027e-01
-6.841077849578027781e-01
3.159284908614474752e-01
1.806025711430030434e-01
1.696661775825669682e-01
2.896080862574355042e-01
5.262645183728515974e-01
8.586392861769098772e-02
8.813250273386044054e-01
-2.449549892738891455e-01
-9.098223575398800556e-02
-5.940399465339809559e-01
4.981389123522899087e-01
1.589502375519442623e-01
9.288645059132112358e-01
-3.636007772699072493e-01
-7.995779946291299289e-01
6.352734249359321961e-01
2.918385076072653739e-01
-6.747904798111366009e-01
2.864652545187640342e-03
5.034659728215573615e-01
4.205013605154599432e-01
2.251872184709569069e-03
4.689757379498789014e-01
-3.714859689453959835e-01
-9.772425442838563736e-01
2.540782717222134224e-02
-4.187625203740945601e-01
-3.482836448399864171e-01
5.029300735160389113e-01
-2.296662386496799435e-01
2.718626328275053350e-01
7.864877485157515391e-01
4.423541617917448043e-02
-5.445861214585989707e-02
-8.051790534029135138e-01
3.994610695718152638e-01
-2.409612507078873200e-02
7.205031644986923389e-01
1.139246782871929931e-01
-7.317956639103757599e-01
-5.152561813820843994e-03
-3.864204785665565911e-01
7.860646713222441129e-02
-1.755741271844142304e-01
-3.253038319880043883e-01
8.601684246417020674e-01
5.229335198250579797e-01
-5.552875361552844780e-02
6.727354846319981707e-01
8.350371724621199476e-01
-9.139637744864190783e-01
1.454238246821213387e-01
3.206705647880006005e-01
-2.285159976699322470e-01
6.292647312066332876e-01
3.812003131197221339e-01
7.045142326791875576e-02
1.877296516199344900e-02
3.268325774758389368e-01
-8.198459571033318571e-01
-4.190776085378014049e-01
-3.605811332563162441e-01
-2.873476642958512350e-01
5.697548345169407558e-01
5.265688750699206722e-01
-9.403317728153932631e-01
5.578707629032491067e-01
-5.995334793325983735e-01
2.441519066560104978e-01
-3.840787256862407961e-01
2.045591322391377975e-01
-6.784381627483648813e-02
4.797462134195171757e-01
-5.480875455791713868e-01
2.755488818962590347e-01
7.999294768395674993e-01
4.945338576290931876e-01
-1.007401422301794636e-01
-2.284895933744344187e-01
-7.477563214772633415e-01
2.259590921710985523e-01
-3.322094097541943292e-01
-9.680280173169126812e-01
-2.738068966441264962e-02
4.722677766265621635e-01
-6.804240786785875628e-02
-8.309034002823485476e-01
7.809547986025002775e-01
5.251455121642685242e-01
4.913442407206756180e-01
-4.924453451536827675e-01
-5.770264444281767435e-01
4.525997202887228621e-01
8.130109856365796972e-02
5.810508861544227965e-01
-1.339417627166650249e-01
-6.377435322730462541e-01
4.620010086661974213e-02
2.162438020719579246e-01
-2.620219698436321298e-01
3.755636409557285837e-01
4.088425205135415297e-04
-7.681253222689308213e-01
-5.533456975504225106e-01
-2.617724069541635945e-01
3.452728468064838463e-01
-1.156262495718802796e-01
-7.002292441207886853e-01
3.982897389620241313e-01
8.112814800749754696e-01
7.027067080030029445e-01
8.265592737847318183e-01
8.934219489209498377e-01
-6.363210806446990553e-01
-6.425269920566925030e-01
-3.381430480125673377e-01
1.716738887602391461e-01
5.053685479847325190e-02
-2.079109840347519444e-01
-2.602734339753625115e-01
-8.490912269290191716e-01
-7.539868662099500352e-01
6.258458189993438836e-01
1.996190359532379333e-01
-8.890694590305041611e-01
4.045239693639908207e-01
-1.378222072448027635e-01
-3.853088059162623757e-01
-9.163870980450172787e-01
-1.560426492113167196e-01
-1.006253991737695586e-01
4.136855237874732527e-01
7.618987178416278816e-01
-9.527154905992372136e-01
1.801227954761639438e-01
-6.798528462282198426e-01
-5.521424778933110566e-01
-7.930923410804215923e-01
-7.721995585014218566e-01
-5.889076899769352114e-01
9.119419022910342232e-01
-4.607536537087253414e-01
-9.557047123093305174e-01
5.290129559845044849e-01
-7.982111802190972050e-01
-7.058782180771598913e-01
9.349396171232924324e-01
-9.162524399579585754e-02
8.735047139513325565e-01
-7.539752286075462884e-02
-7.684131400585962890e-01
-9.149671137544344024e-01
-5.758283142122413434e-01
-8.718665364042224031e-01
8.325977145952612180e-01
-5.354896897145888790e-01
8.756208098007136620e-01
7.702611719300376247e-01
-2.381211065732224963e-01
1.967011310587361006e-01
7.005199503965229280e-01
-8.435712819804104257e-01
2.971001075401185076e-01
3.994812791378794525e-01
2.641261294396934911e-01
-1.738434107287463171e-01
-1.920532332654292240e-01
-5.181371201408633276e-01
5.317135843276423746e-01
-3.424629950240121179e-01
4.687043174318894501e-03
6.046010256269740424e-02
9.305263771580813970e-01
7.565638086959027842e-01
-8.415106886264762664e-01
-6.909937045382723575e-01
-1.265515748376588867e-02
-4.218740784008843114e-01
-9.438269490266748551e-01
5.985051018769143027e-01
-2.826325155249302945e-01
8.465138252531485552e-01
-3.657149050908652388e-01
-4.977856173492845038e-02
1.307185741703524862e-01
9.709091628972041921e-01
-8.790974268777629330e-01
-3.630071950248157098e-01
-4.995544295517078126e-01
-2.981419086397294471e-01
6.500437886741292637e-01
2.789899045026933422e-02
-8.213993848321357039e-01
-3.350770015541448821e-01
6.505390447882979377e-01
8.961074100039092549e-01
5.404239410932532017e-02
4.782120489338375080e-01
2.432838786433049183e-01
-8.925533057086076916e-02
5.983712150154365528e-01
-2.249311050173916637e-01
-7.541192615412655176e-01
4.025815669298022925e-01
5.723975541799606326e-01
1.286159204437586911e-01
2.793529496131164080e-02
3.967983092447426863e-01
6.638943012632445573e-01
8.426442356869960904e-01
-6.309444825324050932e-02
7.763603843232482760e-01
4.346327712238977625e-01
-8.602201715873947219e-01
-7.968720993634987870e-01
-5.469406323725789498e-01
-8.401666278767552232e-01
8.088195802839344140e-01
9.649491180633318343e-01
-8.687866218570516885e-01
-1.102835488056141955e-02
-7.748604414515274375e-01
8.750845477528725880e-01
-2.629734357216817475e-01
-1.696585006085715719e-03
-1.089433406888020706e-01
-9.030071715507497210e-01
-7.168496781287545527e-01
-9.614161151321360954e-01
2.201760655216578044e-02
-3.030332479738448992e-01
-3.090657868414576903e-01
