-2.791921061840598739e-01
-6.804586772355925017e-02
1.061373670507639866e-01
4.020713860101610138e-02
2.009493347849322653e-02
-1.284886173780162011e+00
-2.429997752698476177e-01
-1.124086767429758882e-01
-9.774686143839910191e-01
-3.222806976109933164e-01
4.686966903364546688e-01
-6.613422418444283579e-01
2.317404686911286760e+00
-4.234011021114947315e-01
7.833862702524996280e-02
-9.113339436975844698e-01
2.058179534338124839e-01
3.700021971211364669e-01
7.965139624698798215e-01
9.143578524259632356e-01
7.462200700049594904e-01
-7.950395108321133275e-01
7.779847580328764778e-01
-3.900674670671837596e-01
3.841511720066970170e-02
2.130233339410936289e-02
4.808307816420689385e-01
-2.807723408956455113e-01
-3.616077762790616212e+00
-2.185724679588851860e-01
-4.866787085670536972e-01
9.523091354051465007e-01
-7.677786287386267894e-01
4.817363679080892691e-01
2.364096059538765005e-01
1.285832754894876695e-01
-7.937659081302494979e-01
2.239565897772832770e-01
7.879051288206710968e-01
8.750851313276477583e-01
-8.437946634669020174e-01
3.846636293724605693e-01
5.327181233422275675e-01
-2.091617684348912043e-02
1.572044480591043847e-01
-7.810440260466211537e-01
8.649323331460192499e-01
-1.655806963009514021e+00
1.814604121142455950e+00
5.739901102401177013e-01
-4.459908371035570251e-01
-8.952809040904161630e-01
4.633381515765395697e-01
-9.423891022819652630e-01
2.191779483862228428e-01
-8.572240775900406007e-01
1.297890046239205786e+00
-7.556061242605482953e-01
6.891898781903262883e-01
1.719281880065902435e+00
9.553911362358065151e-01
1.002469107153582950e-01
3.565930058395982982e-02
-5.694771563133478320e-01
-6.982401551312795718e-01
2.670941259337380469e-01
2.993611868349568272e-01
-1.567093261876422172e-01
5.251615865451175758e-01
3.547338865896263460e-01
-1.454827438716401744e-01
-1.830397089996949056e-01
5.979106044545936527e-01
-2.478403324566358368e-01
-2.740162181194583102e-01
-5.203902730539085031e-01
-5.792140037493973548e-01
4.646299983666033473e-01
2.794476457119368651e-02
-7.720737628019387344e-01
-1.029963874391055079e+00
-3.065600923200189065e-01
-4.173905634862420388e-01
1.245738996725476166e-01
2.116505135176516283e-01
-6.367505907788983954e-01
-8.986736040156799721e-01
-6.108526066560078238e-01
-4.084909033567012404e-01
8.557589370089315750e-01
-8.804807309695912299e-01
5.477515037965605682e-01
6.857221944789648749e-01
2.287298062114222486e-01
-4.306644824359142643e-01
-4.913835551007565972e-01
7.580941448318212483e-01
-3.391635695999020150e-01
2.381556783533853583e+00
7.385564484061200030e-01
-8.327722273760020943e-01
-3.039831557649028682e-01
2.115727517449565442e-01
7.362950482387462525e-01
-6.252438432875293550e-01
2.637986957607425520e-01
6.014762819021701734e-01
3.031871148767386615e-01
7.602585651591653448e-01
2.197159724728421359e-01
2.465651094619494277e-01
-2.566211343339923623e-01
6.572453872129775387e-01
-7.726158977225292546e-01
-9.899334590871573525e-01
-5.424973143435458667e-01
-1.123128876956676070e+00
-8.349935254636466908e-01
-1.122233112382905684e+00
9.356981359438110157e-01
-6.283316127301408205e-01
-1.841724816078826876e-01
-5.184216230318410279e-01
9.919091761286642495e-01
-8.630306936167138065e-01
6.033182163932178099e-01
7.431824828881068434e-01
9.285369647492267564e-01
-1.802839240892417649e-01
1.033815424707416275e+00
4.902557145307684383e-01
6.934995338783400687e-02
9.507718700689447022e-01
-1.129428543235650562e+00
6.846599672314979124e-01
-4.458424026919387551e-01
-3.394038980188154309e-01
1.930091988959237170e-02
-8.042962582573554009e-02
5.039833462281433363e-01
1.776162344556784234e-01
-3.744354599190642396e-01
-7.255545103645677507e-02
1.330233592283300847e-01
-4.470382971689792484e-01
-6.102411680369441704e-01
2.779468285129476079e-01
5.164923958893581357e-01
-8.860822854325121067e-01
4.811769692086256267e-01
6.747915597081544092e-02
1.889284166155076328e-01
-4.864215062959271751e-01
2.111999890046398765e-01
5.032545275615705194e-01
-3.815486594409933652e-02
5.791444535563694540e-01
-1.116448306736126606e+00
-3.295283203526606641e-01
9.476770415586623919e-01
4.011289275907734542e-01
5.122634525053277876e-01
2.732018498225166070e-01
1.338275805331524682e+00
2.422617998814120543e-01
7.655878420434225617e-01
-4.841236510608046828e-01
-9.216029712293936083e-01
-6.670134321572533942e-01
1.716779165314190614e-01
-3.077248620862869100e-01
2.971854335545898174e-01
-1.994234978023936566e-01
-1.857558704705724040e-01
-5.044804825601535425e-01
-4.230962637016171257e-01
-3.853545057929343987e-01
4.021849684637368583e-03
3.223805216681113750e-01
6.828559728367333825e-02
3.549436306673470209e-01
-1.187283217931580870e+00
-2.544968004886091428e+00
-9.241382181271691199e-01
-3.288414616729256057e-01
3.264174088827712095e-01
1.135722756156396729e+00
2.759555631965837641e-01
7.867110340781295896e-01
3.047537125139501146e-01
-7.584210044862944589e-01
-2.910292277959243279e-01
7.987296040386255846e-01
-8.329553360406938278e-01
-2.022635646350521288e-01
-4.016831810494088106e-01
5.309566401338061681e-03
3.651832077679899591e-01
-6.226355651079380493e-01
9.459075023251963810e-01
1.646726973157530693e-02
6.797510136050586294e-01
-5.905939711386714031e-01
-6.735170707598675532e-01
-2.186729040700070570e-01
4.123686626510072450e-01
-4.139690626816856511e-01
-8.915312133611870138e-01
-3.994233307329242422e-02
-1.361934599524983192e-02
9.312976073941501287e-01
2.058432670757337490e-03
-4.905237989053943259e-01
2.141573250354889435e+00
2.343705563459181906e-01
-9.563733549469741746e-01
-3.828078693762431151e-01
1.483631296713309622e+00
-8.531807683237691009e-02
-8.390852018661858480e-01
-7.934790381690048910e-01
5.840204512204212328e-01
1.709702227277745124e-01
-8.679322701341116719e-01
-6.667837829419793749e-01
-2.173252341520646169e-01
-3.968761361868597959e-01
4.023465574140037138e-01
2.140460140752886709e-01
7.195764227345975428e-01
2.589318736412586919e-01
5.701797174857592410e-01
5.202917123540680144e-01
5.674774193233564912e-01
-6.060571912142858064e-01
-4.814376624869103338e-01
4.846743829466422238e-01
5.791021051627665006e-01
-4.072357272969004960e-01
-9.423262505674314671e-01
4.941564095852113425e-03
-9.527564122002578628e-01
5.316020448330618375e-01
-5.669445619281663351e-01
-8.236767033842753438e-01
-1.191151826182532680e-01
-8.972625176711299666e-01
2.021973888410571796e+00
-8.087802692213621469e-01
-4.299226724388447440e-01
-6.935443453747726084e-01
-9.626738939909442738e-01
5.839755612553678699e-01
-4.962565396999638612e-01
3.991100063415236043e-01
-4.320368788980846197e-01
-2.352873433598510200e-01
1.161441022298777437e+00
7.738757433147903653e-01
-2.624837385177754001e-01
-7.596442835892869283e-01
-2.971157986236034887e-01
-1.508831710914197988e-01
8.232613175587082388e-01
2.132547551724635337e-01
