3.013517633922329075e-01
-4.178727591046886847e-01
2.922597542819476146e-01
7.674741119971224546e-01
-8.686405028014188012e-01
3.618392531205680829e-01
-3.459590154585454602e-01
-2.868815637506365590e-01
5.645121911055102082e-01
-4.646142237952550769e-01
8.420139912865698406e-02
-2.445291056904985716e-01
2.129634444431711682e-01
1.997678406382428218e-01
1.712153431141079096e-01
-8.768321241707441871e-01
-4.851808573843876538e-01
9.463958657849198541e-01
-2.302717125104813967e-02
1.419441662368474688e-01
2.812797070495467455e-01
-3.413058673769513440e-01
-9.352125481597715062e-01
1.466776771918367750e-01
-7.999466777332968626e-01
9.621699762622704100e-01
4.305063963159465601e-01
4.296206970566431860e-01
-8.603380969000553602e-01
-2.834421118842866960e-02
9.261436451633995315e-01
1.062493303971729919e-01
7.488533066332492272e-01
1.574079372747414496e-01
8.209373855220758465e-01
-1.282047272293442841e-01
4.936991731380009352e-01
-5.788205598736539947e-02
-9.323612969017895935e-01
1.466942048168846657e-01
8.476409029426750230e-01
5.973721280122377131e-01
-5.056396676211272201e-01
-3.848238726862029946e-01
-1.045053476865929198e-01
9.490960909894403663e-01
9.192734885091449204e-01
1.153258872851610217e-01
-8.286523557766869441e-01
-1.045889241418280768e-01
8.988939546177658890e-01
2.129805332268512874e-01
3.938513658731355171e-01
-8.659669838970531774e-01
-5.149562182376106190e-01
-9.628939693074469730e-01
-3.702233890176465092e-01
4.926269298929935037e-01
-5.391185510970755157e-01
9.158704544964142436e-01
5.013702879617498720e-01
-7.787127114765155511e-01
-8.335554469869230765e-01
7.242716371936588349e-01
-4.210013773730736375e-01
-9.998011136879947358e-01
8.291756462009223227e-01
5.617225761786022176e-01
4.169289457117433262e-01
-3.552640103285027440e-01
9.178425242748482482e-01
5.729066023451074852e-01
2.379471788581750680e-01
-9.277665806812818161e-01
1.731718092105425377e-01
-3.648700879212354309e-01
-5.827647410604681610e-01
2.814759215368334289e-01
4.058257762506982669e-01
6.014385441938225885e-01
5.109914782851481263e-01
6.198258741093911617e-01
-4.425513933723994597e-01
-9.546164962476755278e-02
1.222336522871307896e-01
7.918083897693770634e-01
1.309868674870049432e-01
5.373264137971474064e-01
-7.261088234144663645e-01
-8.431858182664631052e-01
6.682865878742452193e-01
4.826757074445597873e-02
7.086165771654191481e-01
-5.621830442737381084e-01
-6.178162486189979763e-01
-2.372812712225302878e-01
-1.225159879057342582e-01
-5.814720784246194540e-01
-2.341664818224338251e-01
3.764191351698209509e-02
4.909970597548278803e-01
-7.513605963237033336e-01
9.869460966554017833e-01
2.788282848599217267e-01
5.746056720783576655e-01
1.187154571916204659e-03
9.794994661297495853e-01
-7.006843811496301644e-01
-8.300889277559690971e-01
8.396384676575370243e-01
-8.064625407224839115e-01
8.662951777945404608e-01
1.268133247928864282e-01
9.843606586206488096e-02
-7.350269121871937372e-01
-3.513062245275049289e-01
7.315304438830660949e-01
-3.862377171799047382e-01
-3.925799639076501535e-01
-6.857528095906884058e-01
-2.649997225963132141e-01
-9.293901417631758033e-01
4.616895995040120049e-01
-9.431671897025348805e-01
-4.598596651227606635e-01
-3.598585293037239730e-01
-1.925598581429459610e-01
-4.074456385101214995e-01
1.954756329171605245e-01
-5.985867791794095005e-01
-8.073732880806603340e-01
-2.004590569052029370e-01
-7.548577516839851675e-01
-9.445381816546776221e-01
8.030379483196150581e-01
2.790175871339195535e-01
-7.010211182165440036e-01
4.436180388557415810e-01
-8.587718116935778578e-01
2.253999270024453772e-02
-8.201779372986777172e-01
-2.210751416227125787e-01
-5.858322222296130644e-01
-2.416481485023966869e-01
-2.702382684171784621e-01
-5.407529015621981294e-02
5.093217222937387323e-01
-8.261898836297631998e-01
-6.886212035643699547e-01
-9.371866479035255715e-01
-6.255964151692012809e-01
4.377247240593122868e-01
5.736863770688160891e-02
3.806951040302211098e-01
4.604654519994337836e-01
-5.492461893473055135e-01
6.887870182136672792e-01
-8.106664196614878914e-01
-5.309453157470154228e-01
-2.955667765444596196e-01
-3.439225897836257761e-01
-9.250123877458846788e-01
2.094289261783188749e-02
1.207121625189082614e-01
3.712948935044908527e-01
-4.621174054550623023e-01
7.791099610519713892e-01
-4.309594600129937891e-01
2.686783581774461194e-01
3.630636552570309927e-01
-7.648001182515413721e-01
-4.829709922136771194e-01
-9.045387529644506319e-01
-7.961847146211027404e-01
7.088016129323440051e-01
-2.265488488406410816e-01
7.177103872793153538e-01
-7.218021165338881495e-01
-3.041771649794040577e-01
-1.420950959055400364e-01
3.539237750760491075e-01
-8.059422668601519124e-01
4.165037995581362118e-01
5.520462553003631090e-01
8.214936568387123383e-01
-7.843002744874254528e-01
-3.152673732580308918e-01
8.991204047675334099e-01
5.597401878748016202e-01
4.469178482358424631e-01
7.898976962293635662e-01
-8.520776048746605547e-01
4.454291010841970877e-01
-6.245903407959110254e-01
7.422418071828429387e-01
-9.045778142780214193e-01
4.960285585800583430e-01
8.145391171525044882e-01
5.096728683826345918e-01
-9.654749826637052390e-01
-7.021046735652858306e-01
3.735089133368578729e-01
2.350338856348950234e-01
7.053574487600557941e-01
6.591690278535125014e-01
2.386934782264960031e-01
-3.542648478820009661e-01
5.646079441075624317e-01
-9.167518815202713167e-01
1.925125337492143984e-01
-6.401227219240397392e-01
-9.182084943570134605e-01
2.017952007743772924e-02
7.813980568246494673e-01
-8.517839793099359902e-01
3.781949539736002563e-01
-1.716000637776380344e-01
-1.522475583591491599e-01
-1.563888936280184438e-01
-6.727747377489190495e-01
3.237120513104811970e-01
-8.765035107069880649e-01
8.877139983501756149e-01
9.066071844215901621e-01
8.635725071207338566e-01
-4.299643733858800054e-01
-5.390174139025050160e-02
5.813574019636260637e-01
6.978565362986266507e-01
-9.671337727135285167e-01
-5.751177825491771145e-01
6.638550400421974196e-01
1.439793965079487759e-01
-1.223301686459916660e-01
-7.362472790098997244e-01
-9.225709383172289169e-01
-1.119404558438610309e-01
-4.896454725838172983e-02
-4.934328408751396111e-01
8.020989925318635638e-01
-8.019241973994248873e-01
7.353030873313521898e-01
-5.600340893139494902e-01
-7.297016372876918844e-02
-4.042977179162192680e-01
-3.488137288983761408e-02
2.603689977184471260e-01
-5.665244130819040436e-01
9.586845738160814090e-01
-4.477093949830033282e-01
4.056213731596884919e-01
-7.961705802224436912e-01
7.589111090791345049e-01
-5.526170786337398777e-01
5.487973971054058708e-01
-7.011272981971186091e-01
-3.530763105946004288e-01
2.844746665921449313e-01
6.184782807110091873e-01
-6.469876723066623203e-01
-8.635279455908557722e-01
-9.992498265763827270e-02
5.213338254159607388e-01
-2.998783836555762861e-02
-4.979046733816516745e-01
