-7.809548898800007244e-01
-2.130560294748871097e-01
-9.595269604018241694e-03
-3.030411850255041450e-01
2.751782511043749935e-01
-7.562356130905079077e-02
-3.913477043860782434e-01
6.487188665094001383e-01
7.724802899610838658e-01
3.593396268911739355e-01
4.626403076819776139e-01
2.054229735144375013e-01
-2.717619801811932412e-02
4.097913699001229926e-01
-8.971119650695591474e-01
-6.575348889709626832e-01
-6.569005413693165263e-01
7.818450024988292668e-01
-7.413702104345429866e-01
4.354514742052162379e-01
8.538028710648633002e-01
-6.036073605176279777e-01
1.564621156764347543e-01
3.876795465192430790e-01
-4.757787028933835316e-01
6.808121159157074498e-01
-5.291024347836967845e-01
2.885450646778697781e-01
-4.956413305789333368e-01
-4.252470829712609035e-01
8.695624875450493896e-01
-9.943131287133819551e-01
1.239642576107200522e-01
-5.971256662674266913e-01
-5.555577132463955792e-01
1.569624346014384386e-01
1.396897843662925354e-02
3.142656751435553009e-01
6.102588819640630824e-01
-9.914328096832687454e-01
-8.980401913372098033e-01
-6.953244010334131975e-01
-3.959049626680821721e-01
-2.857952016086307001e-01
-9.553539370631487504e-01
9.558059041501456576e-01
5.619529997638872398e-01
5.451359628598506646e-02
-1.416442183254273957e-02
3.512682520412464537e-01
2.693443833648510033e-01
-5.271671390729861795e-01
-8.575919850008850709e-01
-5.712789881024249450e-01
4.007561678882431977e-02
3.644466427625627780e-01
3.516701054528319492e-01
9.953684752726212892e-01
3.624762656276729889e-01
-3.143334853660866290e-01
5.922436575102973944e-01
4.957319258665178197e-01
-4.316341548669730965e-01
8.578330450256237416e-01
-2.732160281388700263e-01
1.050712480945956706e-01
-6.606715233757443073e-03
5.652693112289168820e-01
3.164212477943406654e-03
-6.973806669250337542e-01
6.406024658608684419e-01
6.836714471715064079e-01
-5.947605713995578469e-01
6.347946191690212459e-01
7.345453938238204472e-01
6.400583035880658134e-01
-4.003941556174932526e-01
9.553355714367031126e-01
9.656457638108231212e-01
-3.935663870352383853e-01
-4.507695724742990517e-01
1.068529169373093612e-01
4.009086474411684975e-01
-6.132156486730508949e-01
-8.322464525235848676e-01
3.836284593606076321e-01
5.660713373689179040e-01
-8.642339399717213766e-01
-2.444485655314803108e-01
3.997582952493452524e-01
1.246477044965137448e-01
-4.907632388060136908e-01
-7.442414783987216786e-02
-9.643635959992034046e-01
-4.476045033229818504e-01
2.331975479879602187e-01
-3.751203286875437470e-01
6.728916486949512166e-01
9.781593614409036519e-01
-1.775001298887612933e-01
-9.072176636576794184e-01
-7.589079183212321666e-02
5.458466183456585075e-01
-4.552853688801457022e-01
-2.950894176045721906e-01
-8.990778682898821206e-01
-6.972261614860222334e-01
5.929509628102174190e-01
9.265077914145478655e-01
-9.470520651922873512e-01
6.278571886248316414e-01
7.341088271333435777e-01
8.066347938712896681e-01
7.634953230595169504e-01
-6.228068015383869671e-01
-4.605745805199665810e-01
-8.793837513926019422e-01
4.872065167479253667e-01
-7.485839722873450786e-01
1.223669999769954053e-01
-5.145234009429537902e-01
8.124003639454822068e-01
-1.366157773756493388e-01
-5.174131310396856698e-01
6.641341017802626645e-01
5.172691029410980690e-01
5.611199383700431476e-01
-5.650041677805510698e-01
8.337834805555086604e-01
9.207820119152398952e-01
-7.958693830535035207e-01
4.767652933541677296e-01
6.005670219687524458e-01
-7.935235576547303715e-01
3.588072486354294544e-01
4.099547021469329700e-02
1.210513248424323063e-01
2.663380598781635022e-01
-8.566601692733568640e-01
-2.780377881909412707e-01
8.032280174793395844e-01
2.693291226979497299e-01
5.489823954526094063e-01
4.996456432200775399e-01
4.182009031504807517e-02
-8.580414197777104235e-01
7.003601792457900821e-01
6.669158458408788182e-01
-4.141421097771091908e-01
5.293457392667511030e-01
9.902341263656970760e-01
2.739349056908495506e-01
8.163345221277042985e-01
-2.637046121158515000e-02
6.440901313208728940e-01
5.519904922090201893e-01
7.602834081687426249e-01
-8.895649778384784323e-01
8.060761660210900015e-01
6.127687074937124834e-01
-9.057791989342172112e-01
-9.790872911997472450e-01
-2.846818724879931484e-01
-6.994777097762967522e-01
-2.687029267446188197e-01
5.037293379658642767e-01
-7.835019226918005231e-01
-1.007939051122925811e-01
2.560739074856075437e-01
1.192718651835982246e-01
3.796363440558550018e-01
-5.365008939993269887e-01
8.225936406459970485e-01
-4.575233044062421150e-02
-5.283958978984657495e-01
9.136707321382260272e-01
-8.099502827422289108e-01
-8.945643700350875971e-01
-5.922815946597981274e-01
9.339480849503942750e-01
5.703890840862129163e-01
-6.620682685198429063e-01
-5.361046239576787720e-01
-9.752834007840409658e-01
-7.140739092574086566e-01
8.823452418267778707e-01
7.168357951476587164e-01
-8.650643296734532584e-01
-4.468379052059889833e-01
4.197400446615739966e-02
-9.158481194772660761e-01
-4.562604180672000798e-01
-8.186132967143144867e-02
-4.110476297153984326e-01
-1.887127980994702803e-01
1.207136849986845117e-01
-9.062594593087374140e-01
4.360667625488956478e-01
-7.722545153517879069e-01
-5.122124217718095895e-01
7.554340465493472045e-01
3.289920764954739063e-01
-9.127749172651209442e-01
-6.872090897724711933e-01
-5.385421485399226604e-01
-4.755313452675897778e-01
4.070524825119721246e-01
-3.686097933412826322e-01
9.756641535294774403e-01
-4.874587872357689644e-01
-3.246464480177957412e-02
6.133013996597656003e-01
-2.842358308091164076e-02
2.370445837933035094e-01
2.746675991366662739e-01
-7.394538857557217959e-01
-3.996618998435021997e-01
5.815344075377468780e-01
-4.294453243253661956e-01
3.399463225590810822e-01
-3.270839229310580354e-01
3.730356867267876630e-01
4.567602907370660326e-01
-1.901732527063477729e-01
2.011015681632848384e-01
-1.323679723782247297e-01
2.672233727777189038e-01
-7.623036237315592434e-01
-8.062708577836890100e-01
-4.543046832522865675e-01
-7.594717444397167672e-01
-6.359739671290167706e-01
2.475168340476940898e-01
7.238928432766664756e-01
1.112434613349828627e-01
8.147460828090489215e-01
8.030584895694838909e-01
7.357661318814414653e-01
-7.780486883855393110e-01
9.957562311992624871e-01
-1.730269762032499159e-02
9.138289514148745241e-02
8.338077374916330609e-01
6.988703828893085834e-01
-7.804962503762020720e-01
-5.824536261053576691e-01
6.604431925547606941e-01
-9.469706888120692501e-01
6.300380612822271686e-01
3.780050206084319964e-01
5.304864413044696470e-01
-9.686245141338816200e-01
7.469665016821729342e-01
9.743040778225751097e-01
7.540314297591175219e-01
4.316484541532985553e-01
-4.303730132194452107e-01
4.531535612106529776e-02
8.018026676371703410e-02
-2.345557859151476965e-01
-8.544982305637285336e-01
4.679663898306185565e-02
1.082312523088921896e-01
7.360545600532113486e-01
2.343169428314937353e-01
