-9.356110948362885704e-01
9.969387277828276606e-01
-1.308431515945136514e-01
3.956920680749267394e-01
-3.116480062572937193e-01
6.225907429693916528e-01
6.762472327258350902e-03
-2.083163446692872789e-01
-5.147344255376440358e-03
-9.993677982151059069e-01
-1.861311401924614639e-01
2.436874700109911807e+00
-1.684259368649825284e-01
3.609925524425083854e-01
-4.866784136533275351e-01
1.369843461969131315e-01
4.726835658656958206e-01
4.344039327870297118e-02
-1.263667881814426686e+00
-1.618518023165749664e+00
5.546167128029304560e-01
2.021837671096772038e+00
7.379077276822171294e-02
-5.736606385504920969e-01
-2.989324679979425969e+00
-2.670629608215178141e-01
-3.540585043757371597e-01
-5.272026591950460528e-01
-1.739077004204818699e-01
-2.453296745840291226e+00
3.414559589560959285e-01
8.097481655364844322e-01
5.581727675424286161e-02
1.033644546814884047e+00
5.040398713665352748e-01
1.096863710397324443e+00
1.420961698154569741e-01
5.202701058673850909e-01
1.748062974524566826e-01
-1.239324670501233960e-01
-7.891860213541125324e-01
-2.057126792155010264e+00
-1.833815277083612472e-01
6.386397551666567196e-01
-9.824995272916912104e-01
6.290695772326670987e-01
6.761660104655458081e-01
1.299506850605458563e-01
5.718792809150050616e-01
8.979960234481847436e-01
-2.148575707644648780e-01
1.751964976114733785e-01
1.509997110982124191e-01
-7.053283035742137219e-01
3.119020638632756803e-01
2.909322619235599205e-04
-6.326048847914915729e-01
5.877691191942868709e-01
6.902839734443211306e-01
-1.178737017949014199e+00
-2.245250352403992400e-01
4.675407744222565554e-01
-5.078255634103843175e-01
-6.071305579712420464e-01
9.105770747824037947e-01
6.583948881380234930e-01
-5.649659711577890153e-01
2.694763734264158384e-01
-2.747171523253790770e-01
9.842008621026059334e-01
7.378445493071013050e-01
-9.304851240569227411e-01
3.762970675462786740e-01
9.677415920986354170e-01
-7.024071342499103032e-01
2.587958690755480351e+00
1.908733765949621741e-02
-6.787863520354375790e-01
-2.060421055347717800e+00
5.328670552755476741e-01
-3.066934773563192440e-01
-1.169526865160470108e-01
6.504693637646761228e-01
1.780932500195343771e+00
1.973730563941630045e+00
-1.016014435897685253e-01
-2.000577268149040577e+00
-9.339024902946044815e-01
-7.352427705935578039e-01
-6.469868320706992915e-01
2.055275677817502977e-01
9.406395238932054870e-01
6.025295424190029170e-01
-1.416380574132048986e+00
-9.139647029664818012e-01
-2.129757582173930075e-01
2.060121778644904644e+00
4.413822326722359191e-01
1.677019465988565106e-01
-6.477437371914065434e-01
-5.713940728372526312e-01
1.019287596950466002e+00
-3.902634644394435970e-01
-2.899005400866037085e-01
-7.889389593325641936e-01
3.449382569383852015e-02
-7.026116578116288203e-01
1.785510776069057393e+00
3.861285124914370925e-02
-7.588126747387308191e-01
-7.970457021453771773e-01
5.640632486400483092e-01
1.418269206128166537e-01
-1.392663546953372133e+00
2.821043314375785371e+00
8.767175222377421306e-01
-2.526996720818146525e-01
-3.437856310374132196e-01
-5.977615970337972762e-01
2.876207065513667338e-01
8.483285812556632388e-01
-3.679509374674398980e-01
-9.420348740447546110e-01
1.685692224161625674e-01
3.911605895448335701e-01
1.947154720511461212e+00
-3.171028057746250628e+00
4.432068556041137697e-01
7.733479355414667467e-01
-5.715194966307051150e-01
1.374907173425046203e-01
5.901130102870419947e-01
-9.186742832543723924e-01
6.485686873999489954e-01
6.821829657283347004e-01
1.369693656642863022e-01
3.397868402173256364e-01
5.411177167948637567e-01
-5.804446575635253680e-01
-2.199229819370831507e-01
1.831194266495679845e-01
3.032643328639783586e-01
2.256111013340955651e-01
5.960298574606344157e-01
-2.290102813073400245e-01
-1.808641000389098474e-01
-6.316188039608123805e-01
-5.611315599979580515e-01
1.242928937592485128e-01
-1.410053554358585703e-01
-4.353700599374947799e-01
-1.003632249327095494e-01
8.835905466354125881e-01
2.757690842338316184e-01
-4.795626077632648698e-01
-3.924643203368423094e-01
2.282052867404973373e-01
2.967282064120919660e+00
-3.480953019992660824e-02
2.683897844238993802e-01
-8.764297399298870417e-01
1.218218899240846032e-01
5.847355393403399493e-01
7.969058716575649903e-01
-1.814742791227199614e-01
2.998185834572826280e-01
-4.275676718109193697e-01
-3.981331060292239155e-01
-7.713810729530738985e-01
1.096987634588177940e-01
2.126782062456709088e-01
5.934403045074163607e-01
-6.682175299787327383e-01
8.228931371821888163e-01
1.635475829527583969e-01
-1.115802844266526428e+00
-9.709631653766244153e-01
9.713711298689891027e-01
4.415191147149408746e-01
-2.760332241998235681e-01
-7.204843960929196989e-02
1.477307102503964131e-01
8.168763829643432839e-01
-8.618639521216084898e-01
-1.548998435294582698e+00
3.913749912491035765e-01
-2.337543027684305663e-01
-1.814003288332890484e-01
3.584157317333364068e-02
-8.038123019241063538e-01
1.426814982777265595e+00
-8.962547719973033011e-01
-9.429710104835518081e-01
7.352142875518588028e-01
-5.201233576544939119e-02
7.346650663099070222e-01
-7.568151531887024053e-01
3.362827738359557284e-01
4.501278982167358222e-01
1.160295611177295960e+00
4.012353504034478213e-01
6.609771967899311651e-01
2.820668202861527085e+00
2.694943305767285580e-01
-2.452000135191422459e+00
-5.346583244067015794e-02
2.069534440130753605e-01
2.987274179365033699e-01
-1.076546190903591160e-01
-1.443751132118766822e+00
3.484380867343326305e-01
7.447203929228198849e-01
-1.943947941292683668e+00
8.945415619057218715e-01
7.329320067747069345e-02
-5.545197322710297971e-01
-2.877740087198117358e-01
2.642749275686868682e-01
8.095701972764404175e-01
2.104430941332468663e+00
-6.309255769910114553e-03
9.735379487444379976e-01
-2.587076446310084155e+00
-5.628980704098784926e-04
-7.685298325014278120e-02
-6.777386067552693127e-02
-6.569932028370546462e-01
3.921604460248526713e-01
1.834190610273798150e-01
-3.726705732202140187e-01
-9.895562424746424668e-01
5.716373922278223940e-01
-7.540128658172950971e-01
9.872969073870785373e-01
-2.188022449314508400e-02
9.138651767715000318e-03
-2.776992859714160211e-01
-4.091850878323149976e-01
3.896981709027778074e-01
-2.063118717884540043e-01
-1.160132733356819823e-01
-4.090776555824953142e-01
8.487183730964997785e-01
-1.871363836081376464e+00
8.542527591693080957e-01
-2.418424910994663168e-01
-1.461434710324405639e+00
2.286550326555790047e+00
2.819252640386108455e-01
2.179229131974587119e+00
3.999604048643499166e-01
-4.894959937894474145e-01
1.252093218063392577e+00
1.526934101412440459e+00
5.387988672955610348e-01
3.198862848958814453e-01
9.703993311751124562e-01
-2.435898470825361706e+00
-9.100500800646269539e-01
2.167996209822331544e-02
6.095182237463105945e-01
2.469784245071552586e+00
-1.182835545169439173e-01
-1.490723367739424488e+00
-8.904108058814457216e-01
