1.267985352448461889e-01
-6.101755455069248768e-01
-1.377068922680781959e-01
6.590785218728478778e-01
-2.927628043694897597e-01
1.639749407293154437e+00
-7.489102538860430425e-01
9.304394576271968198e-01
-7.880092206791879939e-01
2.045558777167391096e-01
-8.286382094393170972e-01
1.527056299008936691e+00
-3.820703154344271546e-01
-2.533588925648484480e-01
8.721578746372047330e-01
-8.614098508259626641e-02
4.729892319786415111e-01
2.198053230663954416e-02
6.244397832553951755e-01
-7.852272812864464768e-01
-7.026446656670741753e-01
-7.517341213737696037e-01
-8.612331171085154669e-01
-4.436194665336223864e-01
5.351808770460393383e-01
7.620451409606157078e-01
-6.682609956630322090e-01
2.452651023826428744e-01
-7.379646255126803833e-01
-1.558137974540992454e+00
6.461623762754946654e-01
-4.046133837057821481e-01
2.913480944653910054e-01
3.748176064751751468e-02
-2.083351083919180446e-01
5.696931907279580987e-01
4.253572765216806495e-01
5.533587545399224483e-01
4.734329328059671549e-01
7.418363891537316235e-01
5.137249654559343792e-01
-3.825896869404701306e-01
-5.004419095912411297e-01
2.572302218731779000e-01
-3.193044672864550071e-01
1.614873832260349751e+00
-8.081364166075442057e-01
1.395313814592992863e+00
8.934311742639808873e-01
7.031166658183938267e-01
-1.260019748203755618e+00
-9.574652014075812900e-01
-1.416970492857372310e-01
1.503820729650335863e-01
1.562256719541377681e+00
1.056096747132393432e-01
2.899171877387307639e-01
-2.041537579513020173e+00
-7.955067820891073005e-01
-5.211577825097322147e-01
1.613312917086504594e-01
-2.378064789730884310e-01
-1.107534657764182029e-01
-3.411573974377790641e-02
3.138481498980023598e-01
4.287254087681237058e-01
2.280772957747310148e-01
9.453997259412385556e-01
9.818080804978550624e-01
8.260538707707609785e-01
2.643782910680607223e+00
6.534077645964957437e-01
3.684646269041214062e-01
5.559497853650809951e-01
-1.148305595468716911e+00
1.214595400788705648e+00
5.165563637785497431e-01
-6.769338973391749725e-01
-6.049728869319359603e-01
-8.007026866229782769e-01
-1.869490721414199808e-01
1.157505217489672500e+00
6.264338939132052531e-02
7.038808614623666138e-01
1.544768380168104471e-01
9.338137027627360087e-01
1.722053434892021340e-01
1.733039834532048129e+00
7.651384900425326485e-01
2.097316538942586850e-01
-2.490738002762098446e-01
8.199201697936069344e-01
2.084465838210689537e-01
-1.174682933140572816e-01
8.304824826729710896e-01
-9.988046158976304767e-02
9.812031719587113177e-01
2.951016788560931747e-01
7.814645144509193564e-01
-5.043214246556746438e-01
-4.919524303950040256e-02
6.163320598328991817e-01
8.979338420694009670e-01
4.860830319831996871e-01
8.621715158867035989e-01
5.936601860854477941e-01
-2.653226251926730228e-01
-4.826264566547413537e-01
-5.369284062269491509e-01
7.939918580547133953e-01
3.500663177864069553e-01
-6.353548592040003662e-02
-2.745330804210273090e-01
2.769805428856524365e-01
-4.283157234078642794e-01
7.534718732150806897e-01
9.415993027769614665e-01
-3.448153958250146367e-01
-9.757257156067924431e-01
9.751334761622774128e-01
-7.285290177304180048e-01
-3.798873240145077546e-01
2.870326389131392375e-01
1.049093676458835667e+00
-8.813458000819225369e-01
-9.071672699144166518e-01
8.600588878987400765e-01
-7.588016734571880750e-01
-2.670039841533498048e-01
9.197049143713740271e-01
-7.644878720291596874e-01
-1.010055880483557988e-01
2.154646833171236509e+00
3.015270122668756159e-01
3.362701486662535988e-01
-1.911017420103527931e-01
9.159140570508710333e-01
4.984045306039566192e-01
-4.444622692431436928e-01
4.956703600197662762e-01
5.332640314816717853e-01
-7.625701139742460111e-01
8.424990052812255659e-01
-5.538591429382535569e-01
-5.940767583939550178e-01
-2.139729186234713865e+00
1.139899674532018903e-01
-8.686534379418531238e-01
8.373416299916176531e-01
2.703619313860199380e-01
-9.196836021204402023e-01
9.836352968060889657e-01
1.155861872676483770e+00
-1.114577961507292603e-01
-2.278228111882341089e-01
5.692116500301411808e-01
3.462773844513074017e-01
-7.661766986078566433e-02
-1.410920267072144352e-01
-1.803517198009760847e-01
2.195895773599443324e-01
-5.775587870774685495e-01
-5.438893378048041960e-01
-1.845095105867318397e+00
-9.518273355149400317e-01
7.726461675830164078e-01
-2.846959734790324159e-01
5.749099936782362530e-01
-3.706888355073901242e-01
3.068258957226841499e-01
-8.506272368213277923e-01
-8.998842507398505663e-01
1.082569013974254979e-02
8.343260674887635897e-01
5.274049609761204405e-01
-6.105260531091460940e-02
-7.345376148996458632e-01
2.340148181094803714e+00
-9.867587436671668155e-02
7.996684075437510142e-01
1.736759397085674284e-01
1.732530048305698678e+00
1.494350652733575924e-01
-9.155645116627559865e-01
-3.786163180479603652e-01
-9.345564854883727790e-01
-7.892907384045875219e-01
-6.377739204923271732e-01
7.612548309560513982e-01
1.279982849960004332e+00
2.374316225621829979e+00
-3.153617939030849637e+00
-1.407272274759819419e+00
7.762092338930367541e-01
-5.839124786772007525e-01
5.140408082574512427e-01
7.404545673997748878e-01
2.136392071767386991e+00
-1.676157979360794803e+00
-1.904219842746182056e-01
1.658782284612061453e-01
6.262545352983279745e-01
-9.113532438329885466e-01
5.592704438970912406e-01
7.559276399733327878e-01
-6.588066243925410070e-01
-8.717052012466486310e-01
-3.575496733224070578e-01
-1.333178578593806174e+00
8.393832535709948584e-01
-5.521259487247140996e-01
4.465877471532868626e-01
5.966239985397474577e-01
4.648531926937641279e-01
-1.077224172732935248e+00
4.712889646770546115e-02
1.549410473882810724e-01
3.792984375987167311e-01
-1.739862820933457677e-01
-9.158356629332404797e-01
5.851512381146706243e-01
1.602341070732757888e-01
1.435424338667483646e-01
2.320246568377075658e-01
-9.384150386102674268e-01
2.023120531166242575e-01
-6.307279136925978413e-01
-2.091846108176871777e+00
5.004566299697403853e-01
-3.509325823075613027e-01
4.048270251540269093e-01
-2.762974610240502837e-01
2.368355906335239958e-01
9.826510260971861310e-01
-3.661140443887700435e-01
-1.407923158493882498e+00
9.883844896789779622e-01
-3.041530156575888433e-01
1.512979927330393437e-02
-7.236208414686107204e-02
3.466709563432379682e-02
-9.190697026872003406e-01
-3.446985389940684374e-01
-5.531345814955764828e-01
2.952227249691032895e-01
-7.488781908306416657e-01
-3.010501221706511910e-01
1.305577112147956242e+00
2.889697528447949804e-01
7.925924103014367894e-01
-8.967723337113497895e-01
5.735648063727321055e-01
8.228832442683031712e-01
-5.577444498204278123e-01
-1.219008865300593270e+00
9.019282057176833955e-01
4.325515373666399821e-01
1.844708208584271647e+00
-1.133215850236070743e+00
-3.860040696152602369e-01
2.527514285663868820e-01
-9.307554609344970142e-01
9.388770691848025152e-01
-7.067221175938929179e-01
-2.068367824464818483e-01
