-1.388085044215290331e-01
8.222228259756412250e-01
6.873650435356206678e-01
-4.982182633112474668e-01
-6.799065585738486295e-01
-6.733197602044880270e-01
7.851943677925676823e-01
1.106642423682140386e-01
-6.932188356886317404e-01
3.441629961662284742e-02
4.442405239431657105e-01
3.197083216405220973e-01
2.564214547529331423e+00
1.278895242120020814e+00
9.416348521860371523e-01
-1.689395479657104904e+00
-2.984738197961844808e-01
1.775432985545313258e-01
4.352897373059365638e-01
-2.387020682761568646e-01
-9.516885354501740668e-01
1.507228652009039660e+00
-1.979627413351805476e-01
-9.508101044481920283e-02
5.072345098462318624e-01
-2.790605082132011638e-01
9.554998640762795148e-01
5.873408954110374003e-01
1.232290951496142206e-01
-7.425323578567495364e-01
1.827458132628627663e-01
-6.913511810159239657e-01
-5.381223209008998420e-01
6.839268330703891507e-01
2.651867472462346997e-01
-5.592068867419082157e-01
4.334614403716458009e-01
-1.922098467406762712e+00
7.196644444013062802e-01
-8.724195645850458813e-01
-7.038843561016816519e-01
-7.703666955675030348e-01
5.699132339099755029e-01
-3.852391114825255425e-01
-1.555869323448098029e-01
-3.645605214798135485e-01
-5.616952517266602385e-01
-9.115712722218821673e-01
8.241960551386553480e-01
-3.284636290032803885e+00
8.066894292232960062e-01
-3.854987107191119033e-01
5.232214069680440893e-02
-5.612308817442086539e-01
1.016432143515269004e-01
3.415887384633174428e-01
-1.630698620378492336e-01
9.872878625367453864e-02
6.454053995427342372e-01
8.891675048402785109e-01
-6.392635005694509154e-01
6.984328779484401117e-01
7.250163862824583472e-01
8.291867450073762136e-01
1.765712396020435726e-01
6.673298624990222638e-01
-7.555343545899586566e-01
1.598464836350956819e-01
-8.182831123475100554e-01
-6.366627575600247724e-02
5.473349622082612775e-02
2.026465723006569686e-01
-7.604211844776551654e-01
3.013621476294305879e-01
8.764771693465289726e-01
5.897527317491624288e-01
8.710898478559807590e-01
8.948244258784265881e-03
4.924237537742315318e-01
3.811121171867859481e-01
-3.743613857086753871e-01
-5.969483654012606166e-01
-2.487435666592507921e-01
-1.822252064593035126e-01
3.775857056974329939e-01
-4.608442841094448905e-01
8.368877293741450174e-01
2.883439577678914567e-01
-8.803843977803609278e-01
-4.138179922552340795e-01
-2.059510520535279277e-02
-1.975255330601988213e-01
6.427803956061950430e-01
2.209488458044917003e-01
-1.696970934882156001e-01
-8.156451431661804197e-01
1.880050104274144651e-01
-8.163760343515022999e-01
5.609542195092658279e-01
-9.573412607935321006e-01
-7.247513241984766541e-01
-3.926001420480940141e-02
-1.650886602784475965e-01
5.675899229417262770e-01
-3.725323542717366987e-01
3.046275991905218472e-01
-6.349512618919079809e-01
9.599077894169050218e-02
8.317207748171739912e-01
-2.315348474576099935e-01
6.831111699717653529e-01
-1.105000997457081802e-01
-2.176311577540208653e-01
4.054453821782861844e-01
-5.791473269437874549e-02
6.771179737839170265e-01
-2.697166368000314396e-01
1.214914643229596525e-01
1.225390452457841839e-01
6.195316674421924574e-02
8.509580888123826625e-01
-1.783990454595261177e-01
-1.168968501162821472e-01
-8.423683458017219294e-01
9.399173648459233643e-01
2.994547367993203313e-01
9.198798920797590650e-01
-6.823992218736312232e-01
5.144285477561683084e-01
3.323137009739696168e-02
-4.939476823055153343e-01
-6.831123227066731030e-01
6.167397157285363640e-01
2.191757400124405564e-01
1.123355415851616801e-01
-5.450122881692847088e-01
-6.779011647428268006e-01
-6.651539902893597311e-01
-1.389005443313928723e-01
9.933939655088019904e-01
-6.548230765144626986e-01
-6.649397898310034360e-01
-6.029404839597705124e-01
4.839475012882252791e-01
-3.054207123524592671e-01
-8.295093386793719326e-01
-1.726432293548589847e-01
-6.467431260105782620e-01
-4.035295540435173134e-01
-8.758499574486127148e-01
3.707532269445710238e-01
4.443378357466769568e-01
6.134190157153165401e-01
-7.824526792409385312e-01
-2.426576762981684787e-01
9.644837224986502200e-02
-1.102236477265519099e-01
3.237232115316872605e-01
-5.257701768328739700e-01
-5.304080344581776352e-01
-1.870213659956903030e-01
-3.183757655312637880e-01
7.934306989006945088e-02
8.707081740864306418e-01
-7.509069138425039647e-02
-3.540372156056463826e-01
-1.542747500342591671e-01
8.711926722387666189e-01
2.716209502630275718e-01
-9.962385911744304767e-01
4.057006367727475915e-01
-7.570192950418177524e-01
1.721059330806520293e-01
-4.533489091089026868e-01
9.044362388588758073e-01
5.065465530043098408e-01
-5.929973518714990455e-01
-4.470075157853554693e-01
-3.608079630453620013e-03
-4.274281738915941542e-01
-4.919510612805326755e-01
-9.978993450435211798e-01
-6.374040585827538408e-01
-5.764135686109177481e-01
-4.856950256586474168e-01
-3.995861759940000368e-02
9.701076140969677741e-01
9.513037044875314319e-01
6.013768610262375525e-01
2.659446266371413792e+00
1.823429434557355400e-02
-6.026068315454558011e-01
5.751446451600070731e-01
-6.176408863398679117e-01
5.472906090186033801e-01
-8.694552155452115461e-01
2.147139393742361957e+00
4.792381348423639942e-01
1.577680447318602353e-01
9.893552856090268577e-01
2.702469925296917541e-01
9.232191310063644352e-01
3.765658737980734916e-01
-5.129984461165935095e-01
2.153466246978984699e+00
9.489904733442853235e-01
-1.499645093765713533e-01
4.876974315453375119e-01
-8.063020102806610634e-01
8.811039226475751995e-01
-9.533338933642150348e-01
5.037243143817202728e-01
-7.010479540296210565e-02
9.149102255980456899e-01
8.519864297791022167e-01
3.560228711769104493e-01
-2.564160707009912610e-01
-8.319278241673928598e-01
-6.004866601382756741e-01
-9.848863786905170947e-01
-5.321920242455462358e-01
-9.400357242241286215e-01
-8.566408241316696426e-01
-4.462270881109398069e-01
-5.068604162181434836e-01
-4.891031118608351047e-01
-6.261253941497701980e-01
-3.189139369616373898e-01
-2.982879685914301415e-01
-7.732910291018588733e-01
-5.440489539924318052e-01
-1.781422531329868164e-01
-6.254408587516546714e-01
4.050136787366866997e-01
-1.773125704783808931e-01
-7.912480472523386599e-01
8.482315168262928307e-01
-1.616432174637474350e-01
-1.540137146711011429e-01
-2.384736976415080534e-01
4.921774410116430687e-03
5.864761174036141611e-01
7.965794600317908092e-01
-7.482504589997254207e-01
3.581823793862843885e-01
3.374703924175742609e-01
2.895182775494686833e-01
8.809689613030307065e-01
9.171999516589666168e-01
-3.802959493545476910e-03
9.267112838439250933e-02
-4.511277664713324587e-01
2.537976502746174257e-01
-5.742022203412635584e-01
-7.822060462287243610e-01
-5.642541759472117224e-01
4.079816973994330187e-01
-4.606939381011148082e-01
9.836528636921726410e-02
5.003205134313317703e-01
1.765791737363042735e-01
-1.055546012168132819e+00
3.890674904383102373e-01
7.685294370404034403e-01
-3.031151398375433459e-01
