1.004895645755827793e-01
6.651096617983374149e-01
-6.104819554035743057e-01
6.118456474481313023e-01
2.824358542762719360e-01
8.847103188601479484e-01
1.052694855630930793e+00
-8.000016225944406312e-01
-6.705545017497744897e-01
-5.552251887312897871e-03
7.190898561434548864e-01
3.861803978075510901e-01
9.712456452360567205e-01
-1.069765852799675621e-02
8.629444176648324305e-01
-5.339832265441386561e-01
1.127158047398866270e-01
-3.319547431372242841e-01
4.237720998769847203e-01
-1.647176538925023692e-01
-3.894143003429479943e-01
4.261534718475941119e-01
-9.186519528093097797e-01
3.850212830137832998e-01
-8.169844853855141587e-01
-9.682082874932038674e-01
2.816065123208872922e-01
-1.023824977812165304e+00
-3.851940210885118621e-01
8.216991470066519199e-01
-6.913412351834915537e-01
7.027760807763565598e-01
6.784063608279713442e-01
-2.387087502813967088e-01
2.216056094071622518e+00
-5.813446814361138415e-01
6.456694135971672299e-01
3.514352350381220180e-01
1.873089109238357253e-01
4.453898501355935124e-02
6.490850769975571311e-01
2.848635001665942301e-01
-7.841410957476016019e-01
2.677738524365407269e-01
-7.916877337800887204e-03
2.602759015605252690e-01
6.169835590524219704e-01
8.244616928143595480e-01
9.933403503624214093e-01
-9.590523787534481759e-01
-9.347500464910700746e-01
5.061282624884086978e-01
-8.516890445771692075e-01
-3.763378048315667579e-01
7.281620410660856191e-01
-5.705201732479407983e-01
-1.660011373784553435e-02
5.216958061531062896e-01
-6.941511147639454204e-01
6.675318938341854302e-01
6.926671871848919526e-01
9.490869101014192122e-01
3.855974440787217628e-01
6.990748277973781732e-01
-6.805350626814472559e-01
-2.003383574371762066e-01
4.105235341351389788e-01
-1.727528172663967965e-01
-8.536374849636807483e-02
7.515910547609823134e-01
6.922181328615363283e-01
-7.096762478063398660e-01
-3.338509092418713298e-01
7.183190819886819956e-01
-1.018712753104944690e+00
-2.142329246138265919e+00
-1.900609153445537380e+00
2.061659471575960634e-01
1.828334489647023275e-01
4.242399341798597234e-03
8.114020803443076080e-01
-2.661472167599575389e+00
-9.804881198527342079e-01
-6.108267381060910051e-01
7.928090503628060226e-01
-8.561168093621431829e-01
-1.329755053475754067e-01
-3.520404082033181670e-01
-2.083073776821279921e+00
5.007776144624176418e-01
-2.731884088072933370e-01
-5.477648617166339662e-01
-6.220846324261648519e-01
5.636842434656275103e-01
3.337547997512808617e-01
-3.419146796363718988e-01
-5.364002068467681461e-01
4.836700092600541012e-01
-9.408571727713808119e-01
-9.209777669729004579e-01
3.557838603317236004e-01
-9.832862577693424200e-01
1.007343202179189490e-02
8.924017387801146395e-01
-4.814254462546392332e-01
9.996295625048119415e-01
-7.148604526989787988e-01
-2.284379878424034338e-01
-4.531900045396881627e-01
8.200597731818426439e-01
-3.144193066306373296e-01
3.407417072848859529e-01
4.728256929830305655e-01
1.030116248136734303e-01
6.792159132488921891e-01
1.347299861783848307e-01
3.816759555533333348e-02
6.020618178108061436e-01
7.156243743253543066e-02
-2.531525158098673955e+00
-1.358861601586036638e-01
-7.862049329906586337e-01
-5.306455510087182414e-01
4.348524103692361642e-01
-4.902180370686867739e-01
8.066754324981038060e-01
6.949239986427608873e-01
-8.892029199207887036e-01
5.611228321920769258e-01
-2.020084588687869331e-01
2.467333681873373763e-01
-9.031657385249665104e-01
3.759941713183057033e-02
6.841680921985275887e-01
9.526058127606351622e-01
1.175940170309786037e-01
-9.532809643484987383e-01
-1.112401575552863786e-01
2.660061021863737718e-01
5.423161984870585872e-01
8.604190997034055766e-01
-6.982490442112403439e-01
-5.877987967431361760e-01
-1.451508493631627594e+00
4.556831866503483486e-01
5.585066033638608207e-01
3.658618935145072637e-01
-3.560491884134926455e-01
7.846512469125330735e-01
5.024793730825254379e-01
-5.479250490661762285e-01
-7.686624085292694808e-01
-6.973040425872516490e-01
-1.656216548599244831e+00
-2.846562292305172548e-01
5.261219501965701539e-01
-6.364536036147880882e-01
2.857583570923544203e-01
-9.569338302930030515e-01
5.430287881280457807e-01
5.211587593384243711e-01
5.696157814548028497e-01
3.054162876290900108e-02
-7.727126549405287648e-01
-7.326195647902824515e-01
-1.060145545074864248e-01
1.066849188346187249e-01
-5.798884225357621158e-01
3.913663589772986562e-02
-8.242383964034228905e-01
1.377694010555654547e-01
-9.291973707323125664e-01
3.248835837387729075e-01
-1.484948598959156874e+00
-1.728689026157423925e+00
-3.439050126576727040e-01
-1.390112254104909351e-01
1.369012220923901957e-01
-1.492696640154230314e+00
-4.188046470695494516e-01
-9.181043168855171910e-01
-8.421426626052899156e-01
-8.451700392653582750e-01
7.450133779876401130e-01
6.340049048183684643e-01
2.580196347235229060e-01
-5.617061609013878076e-01
-1.493526431117866204e+00
9.552352853819485734e-01
-6.771711299847154031e-01
1.789308077018463283e-01
1.458226030895346526e-01
-6.869920412588146341e-01
1.578084174540522744e+00
5.996077584145620420e-02
6.315848101296507588e-02
-1.459878179288738309e-01
-4.721703244132098298e-01
-6.693668516263526769e-01
4.233863555955703628e-01
7.305113585613141058e-01
5.742848632912529450e-01
7.560353804612116591e-01
4.559059290602549552e-01
2.727700985915935128e-01
3.615993918127434092e+00
9.883451534852889520e-01
7.421430813529461545e-02
4.137061112934397045e-01
2.063036454017699306e-01
-3.266576839062248494e-01
-7.543294996719593914e-01
-8.411304294703447759e-02
8.759316303309490070e-01
4.223487634331091201e-01
-1.667699579052164260e-01
-5.746389882440501307e-01
7.054365389793584296e-01
9.643213937374148781e-01
-6.911901966938465147e-01
-9.713347397496414626e-01
1.218088433879838117e-01
-2.130011911311646244e+00
8.466379543355013748e-01
-1.684018507179290136e-01
1.082137329060812725e-01
1.195163400052590141e-02
4.251225436390004830e-01
4.296478206118048426e-02
-3.432959980613903284e-01
-7.878010551036631615e-01
7.697214783295680540e-02
-4.006779816942718231e-01
-9.077440228507693831e-01
1.183749444959502739e+00
-4.578435188749974127e-01
-6.218338510743990355e-01
-2.146474297218239347e-01
1.000519982114764783e-01
6.385413911026094347e-01
4.158749887006074619e-01
-9.081381213479822190e-01
4.288720417534981344e-01
3.988304710880636872e-01
-1.029335082192844308e-01
-8.607848377975153564e-01
-5.583088729879681633e-01
9.383257558198816461e-01
5.969623511121229242e-01
-1.152255345878388626e+00
2.722208939127823690e-02
-3.188963841317495884e-01
-7.506460622384454329e-01
1.084829815600639513e+00
2.054206508842604251e-01
8.898564417491485745e-01
2.885002268983190010e-01
8.933349867817790280e-01
5.856600890086727240e-02
-1.190993579980029304e+00
7.352627580461548185e-01
8.835291369874285206e-01
5.230172132424502074e-01
5.811097588945159931e-01
1.053132741942344186e-01
