-8.151393895362668562e-01
-6.847143050601116609e-01
6.142076531044000642e-01
-7.878121555854988856e-02
-1.817426508748241520e+00
1.629159923067158289e-02
4.308305424325875599e-02
-2.218103944807563455e-01
1.355514543956524154e-01
1.528859909408653017e-02
1.111550716317602494e-02
7.129319651243657407e-01
-3.657099709006843558e-01
-9.934231691771329142e-01
-9.678962562345914122e-01
-6.426206096860482830e-01
6.207966136751683628e-01
-4.851435201942289055e-01
-6.841660637420974300e-01
1.452506888010460795e-01
7.925999691136229597e-01
9.111144129078627696e-01
3.328740114817967388e-01
7.941169759792465754e-02
4.918173432420283042e-01
7.154028540220316312e-01
2.642034362280731852e-01
-8.712247897751130843e-01
-3.919887670249311284e-02
-4.080321627719492028e-01
1.749844034209631083e-01
1.017343360295755561e+00
-6.982283626700387380e-01
-9.282379618037306379e-02
1.925317842490672504e+00
-1.096509932580507440e+00
3.910706083724061477e-01
9.751475514018448365e-02
8.369040023126501637e-01
7.334324732421723114e-01
-1.698654564189121530e-01
4.357022019393563816e-02
-8.783521527661475314e-01
-2.932047063883662652e-01
-7.453893178332584579e-01
3.481305856500307438e-01
-1.732614634553595323e-01
-5.029119498842682390e-01
-8.517333572693113197e-01
-1.782532713070852370e-01
1.016547466916517539e-01
-2.307514521419027798e+00
-1.339117399927457264e+00
-2.959009393199152349e-02
-8.333368131895646513e-02
7.491598466559066249e-01
-1.209800189274679028e-01
9.966922073926740566e-01
3.738775561503822065e-01
-1.277902307457001729e-01
3.118726788585179932e-02
7.424164699903156306e-01
-2.181101042547743951e-01
-1.868245472736003165e-01
4.206991570440863359e-01
1.123727154540276274e+00
-9.966217605475613528e-01
8.890528561676669383e-01
9.981782221319175363e-01
5.574322036131622582e-01
5.283365288183687891e-01
7.468910068449199358e-01
-3.253122627868378358e-01
-9.551129407791716375e-01
6.866614291718995400e-01
9.945072900866420706e-01
1.077523680345884305e-01
7.410398927824215498e-01
2.577081387048185679e-01
4.920525599747849199e-02
8.510623490471851404e-01
-6.239656661815757843e-01
-2.886831236955500479e-02
-7.999977786685907866e-02
-4.990339822126199643e-02
-2.166415234647616206e-01
5.534887981284899450e-01
-9.978748421599208385e-01
-6.276221973516427077e-01
1.142771812123390962e-01
-4.286630695834501292e-01
-2.767211686135782056e-01
-9.507319997958287860e-01
-2.853585784214525134e-01
6.791095201018124694e-01
5.184131788558727916e-01
-9.399507626434042695e-01
-5.009308325419257191e-01
1.029665019335699316e-01
-7.989505834887555835e-01
-3.993074294598688567e-01
-7.400986935167741532e-01
5.772480125488408387e-01
4.859825452244177502e-01
2.146928155575189567e-01
-4.894256596020776229e-01
4.045376945210876762e-01
2.290158650436455723e-01
5.763008685613857374e-01
9.114593215120896375e-01
-3.311612759747981638e-01
-5.064751331970800408e-01
-3.725919909736854496e-01
-6.372419071161687931e-01
-6.119533764463791492e-01
1.578140152449766465e+00
5.124871925897244163e-01
5.665780834853830772e-01
6.225061869070391829e-02
1.338079887196743645e-01
-1.978333019788380831e-01
-6.418561912253988311e-01
8.005608975045241937e-01
-7.267312135823745800e-01
9.290540017440351850e-01
6.567145723187239881e-02
8.182824953881946417e-01
6.160597146369812815e-01
5.477092139050006026e-01
7.428909705481601122e-01
-2.072082919002613544e-01
1.803936456809249744e-01
4.066097393938701288e-01
4.987729563730103344e-02
8.932376864207158818e-02
4.668721408565406072e-01
-8.733183838526965559e-01
-6.915540181591923741e-01
-1.058655868649312159e+00
1.551958658444287931e-01
-1.018103533216565548e-01
-1.547338565691045442e-01
9.231479593857578880e-01
3.111048549602322133e-01
-7.715497132920623446e-02
9.726776933238807654e-01
-4.252575747891791380e-01
2.925597567456679204e-01
-3.081373359269516943e-01
-8.740197262322124683e-01
4.153223789854112447e-01
-1.763186248859593963e-01
-5.306621906387118948e-01
-3.701383043319705912e-02
7.508993886332264722e-01
5.338264470871305623e-01
-4.201430713445593046e-01
6.344800399900691890e-01
3.251447599846934988e-01
-1.457823447310278020e-01
-7.704186255466820565e-01
9.731311190487412777e-01
9.113460877071084543e-01
6.011725758462018732e-01
-1.808124440722196358e-01
-1.886205028380343318e-01
9.233306739425339860e-01
3.157514484967107737e-01
5.536352272841218447e-01
-4.382387000319918346e-01
-7.835873571022358153e-01
-9.190817559105273205e-01
9.573212212186190673e-01
7.753681047944549487e-01
5.524006139724186859e-01
-8.323060883779260788e-01
-9.488868772266088047e-01
-9.038457519193567880e-01
-5.683452279214934455e-01
5.549297832326500757e-01
-4.322593950024666842e-01
7.985852765312411172e-01
1.583555023405389672e-01
9.226181668815947035e-03
-2.155381091677721628e-01
-7.745540143068705419e-01
-5.918441441507191758e-01
9.982796043810915343e-01
-7.788573547100907657e-01
-1.396810183148196050e-01
9.638125328967068750e-01
-7.120564542752774173e-01
3.911542336996913782e-01
2.425573797405843557e+00
1.329018900134200099e-01
-1.685604721067937017e-01
-1.235725120602998661e+00
-8.806924194437368847e-01
-6.351418807853914661e-01
5.540036548584379439e-01
7.129528058354243081e-01
4.318847797417117995e-01
-1.205013708557137520e+00
1.343104245033308386e+00
-6.154164301967575135e-01
-9.288529923536672506e-01
-1.665571056220210622e+00
8.538860565652004464e-01
2.491578737957395706e+00
1.298661869778080236e-01
4.249904945568909742e-01
-4.811963819947746579e-01
-4.845421782125061139e-01
1.088097055750164355e+00
-6.848516476414188148e-01
-1.618676726639090901e+00
-6.710200003828250548e-01
7.676275931477516412e-01
5.534123770629011396e-01
-1.092886288625737778e+00
2.100963131366151870e+00
2.150763289953867563e-01
7.430143769690391586e-01
1.343600007007205832e+00
-2.630047132350356698e+00
9.701862318358129844e-01
-9.768672270254052936e-01
8.618625046663845879e-01
-4.322793641232596240e-01
-8.987120787471019057e-01
-1.125935578074797050e-01
2.700782844161917495e-01
7.368756231670356982e-01
-3.072146259967996063e-01
5.728781085619991664e-01
-5.282865669515457441e-02
-3.049168485080104851e-01
2.398253610026124250e-01
6.450519706596142822e-01
9.164381757196700118e-01
-2.478636140948977662e-01
7.837973990766933241e-02
7.185958728210128932e-01
-1.696479480541395191e-01
-5.361475103825725785e-01
-8.733956432770910716e-01
6.784657192595282549e-01
-1.753305959745683484e-01
1.914843029723058421e-01
1.777813476241236756e-01
6.757645433061407747e-01
-3.553034007621103108e-01
3.849890126003872037e-01
7.376656675453470147e-01
-6.503090907918682717e-01
-6.999488011890513395e-01
-6.791400061721148962e-01
-2.727356950730051577e-01
-1.882396623870725705e-01
-2.902729973768327643e-01
-9.771974077539218317e-01
6.867189611350825729e-01
4.635721924661659887e-01
1.192989466354054118e+00
2.397787753572261593e+00
