8.571005506125388695e-01
-9.135481292790972319e-01
1.312795453709090232e-01
-6.145527235939041155e-02
2.377528430031008444e-01
-4.153497120831948219e-01
1.734396227839645199e-01
1.089752768355099377e+00
-3.669893012115683639e-01
2.689356538290470500e-01
1.748501976990337603e-01
-1.793913560261916063e-01
-5.997461481327897026e-01
3.596513606022124776e-01
9.072065803391282657e-01
3.419589808166925149e-01
-7.897516848393996147e-01
3.981225676268629332e-01
9.678289133822448598e-01
-1.662203516040754447e-01
6.807074363669989303e-01
3.796420937220841285e-01
2.345886778532475514e-01
6.682520624631911321e-01
-1.262308384055244481e+00
-9.183003461848440185e-01
-9.082728303026335048e-01
-6.517763249676629123e-01
-1.489312950810270930e-01
5.883527391750981161e-01
-1.558037712940836927e+00
-3.446680537060752059e+00
1.996389719388249606e-01
2.621404700198559645e-02
8.733313431022733386e-01
-6.392251394058083847e-01
-1.237060547067729832e-01
7.413942869014866766e-01
-4.992294067056717299e-01
-2.746319620495576430e-01
6.579493847022233055e-02
-5.858536514521976990e-01
5.687022602528246651e-02
6.766295209192014770e-01
3.321718118848910883e-01
-1.094065034955789217e+00
8.398058008803199748e-02
4.786870889464183154e-01
1.633466679331725402e-01
6.089109444644289493e-01
2.048324674759947062e-01
3.859887572533260425e-01
8.333872956105388141e-01
-3.554714520714179482e-01
5.443516561952046473e-01
-5.816319289284668237e-01
-9.244929957567118439e-01
-5.849551481303119083e-01
3.977089293178287521e-02
-8.330658303094762296e-01
6.545300560824196534e-03
-6.651385785224659397e-01
-2.486285770440299636e-02
-5.761321887387722551e-01
-6.910486998619496113e-01
-2.102078363830048868e-01
1.682757283662806858e-01
6.832644416198261350e-01
-3.778010061229497563e-01
-6.103116195003324140e-01
9.579666808216273921e-01
-1.068112251139497371e+00
-1.117442148154010884e-01
3.772399558719612411e-01
1.394770145671598405e+00
8.278069234720226710e-01
-7.580173734592738910e-01
-6.971715166374565786e-01
-1.158729549445591811e-01
-7.883841607353296865e-01
6.369570239036914661e-01
2.587453740428486970e-01
-9.757796478930785833e-01
1.412492589402784882e+00
3.795203105377773500e-01
-2.826670992279214367e-01
2.724207452255678064e-02
2.151772781110722343e-02
4.518381047106063697e-01
-5.667091088614701899e-01
-5.591904962144456093e-02
-9.114876641042630734e-01
-1.205589231460001409e-01
2.451015836654051316e-01
-3.306404186921794164e-01
6.358236720699816935e-02
2.010057693347011565e-02
-1.553798829675963278e+00
9.218107759244191790e-01
-2.156655613313391839e-01
-2.583526590440654580e-02
1.811552590446439126e-01
9.112493687508311790e-01
1.715685994530540270e-01
3.400048395605512752e-01
1.299638230570555164e+00
-4.125916324625005793e-01
9.215548816628931217e-01
-6.128650618267026395e-01
-8.918121941613430526e-01
-3.510456277422633331e-01
-6.873927958299719254e-01
-5.751054291492245785e-01
-7.458964967052184036e-02
-8.098645884133293116e-02
-9.164144634375563925e-01
9.599465102730033728e-01
-8.251510773758528039e-01
-6.007208545334252747e-02
1.662233485525302701e+00
6.944309492532385608e-01
-1.407194038932821911e-01
-7.612648946973479269e-01
-1.396775177818228020e-01
4.662030472605465103e-01
-6.385250235264916530e-01
-1.152376780279051882e-01
9.187025799769974466e-01
9.083771160502513986e-01
2.356785408417108041e-01
7.652748253444598969e-01
8.093029944507446061e-01
-3.820679903245625120e-01
3.845969770157420253e-01
-8.882001426977241820e-01
-4.652748258949648275e-01
9.979827025960170683e-01
-1.236571813604092629e-01
-6.995143474873244394e-02
-3.016408487610404698e-01
-7.087471375925304962e-01
6.232228828004178212e-01
-7.712524962449267552e-01
4.988890947682314003e-01
-3.862469260214724809e-01
8.975653342311984417e-03
5.612401734908856188e-01
9.655800079321683604e-01
-5.693915320173270622e-01
1.778815841682119814e-01
3.814604089673738763e-01
-7.501743367680466790e-01
-4.165859368182256439e-01
4.806442467005642705e-01
5.634130541923250135e-01
-4.628197490506771317e-01
5.701424765477454137e-01
-8.232980021251739000e-01
2.004071482294498274e+00
2.388118886025849541e-01
2.338755828297894301e-01
-3.184189029816595351e-01
-9.745253441939791816e-01
-8.940144825838018949e-01
-8.190534062708541008e-01
-1.251365781132673494e+00
-9.978119316306965914e-01
-6.156472045519270075e-01
8.290969790623825553e-02
-4.437997147809458198e-02
4.502557138177423202e-01
2.783938602714086663e-02
-5.518572654470075278e-01
-5.508952366696624470e-01
-3.260941041239662219e-01
-1.346957658211822784e+00
-9.508347880799790097e-01
-5.952409126365343361e-01
-9.664826741279171074e-01
-9.249718608251946694e-01
7.646383592024093012e-01
-5.922418320335565145e-01
3.797984125424211932e-01
-9.566790044210797817e-01
-1.130720516604212023e+00
7.440802605809500037e-01
7.494657197247225344e-01
-4.969147466843570893e-01
-6.401419244372308359e-01
2.455972101562375887e-01
2.060376358936684138e-01
2.002776396908461098e-01
7.812675531843238375e-02
-3.112131942893658909e-01
-5.545986218676923762e-01
-6.699721772175397660e-01
7.658710194779991820e-01
-9.647486163754086519e-01
1.663893859542717735e-01
8.837560230506018577e-01
-7.043325932891981722e-01
5.753488627085834306e-01
3.672141957479775343e-01
-4.753704756411178955e-01
-3.378909479761960100e-01
9.242319105069678464e-01
3.752933210153557297e-01
-1.270584206470714017e-01
-5.650917427482515798e-02
-7.128630418938137758e-01
-5.299571150873032543e-01
-2.745230297469658964e+00
9.638898786878220548e-01
-9.603923687815172361e-01
-1.489484655333014107e+00
8.478231874522426104e-01
-4.111692379703484335e-01
-2.573331625180181881e-01
4.861887774912487803e-01
1.861316028447333792e+00
-5.619115103035723369e-01
2.937558151131924866e-01
4.949045842048911403e-01
2.438916961986667964e-01
-5.960443566813904415e-01
8.340618916737412292e-01
-9.622822418975418568e-01
-9.407723695983458700e-01
6.396640268622251213e-01
-1.743107409844868450e-01
-7.377491681795080858e-01
3.437040204501895513e-01
-5.602220258229873018e-01
2.165128591074116926e-01
-2.423163410515443150e-01
4.704360322698608599e-01
-9.817937714192372933e-01
6.252765479188233666e-01
-6.148575896945909225e-01
1.611688931771761979e-01
-2.733695728278786596e-01
5.436238230479955025e-01
-4.820483361689451574e-01
-8.272810830055352671e-01
6.019668849623553974e-01
-1.321514416858040164e+00
-9.860348165371093376e-01
1.264956450934731302e+00
6.750443092625408870e-01
-6.486675966041330899e-01
-6.157648505372081971e-01
8.219775068478540891e-01
1.429958353279910055e+00
-3.504148214145252904e-01
6.007311642693000664e-01
6.645948774821410776e-01
-6.844748776393712042e-01
1.495383263124224982e+00
8.631993763044127910e-01
6.277833445964606796e-01
4.751184005937674204e-01
-1.401117087203485712e+00
2.418978394266964038e-01
-9.116656667422223803e-01
-8.973781742099495862e-01
