-6.044574493262497850e-01
-4.387568280443026048e-01
-6.839320578289131980e-01
6.256272599021659442e-01
9.700662405573450275e-01
-9.217233929162862438e-01
-2.410545111455486555e-02
-8.194721708879386668e-01
-3.863249823911996117e-02
-8.944563558102403000e-02
-3.543191915059962227e-02
-9.741399142390938515e-01
-5.631022028422221215e-01
-2.713970361507771489e-01
2.449203366620592348e+00
-9.232902561530378360e-01
7.018013743730961984e-01
-3.495913739220657401e-01
-9.077244915439066641e-01
7.299195675742766731e-01
2.412395051265172619e-01
3.741014486470060074e-01
7.733037180818755907e-01
4.293002542324022563e-01
6.972933835720327433e-01
7.712999438895133952e-01
5.193754716588858678e-01
-7.071109880711556883e-02
8.545248538132148575e-01
9.617323622515683290e-02
2.611512424933488674e-01
1.941392263529304607e-01
-7.821249640698524352e-02
2.198165917101470690e+00
-3.001385210386677826e-01
-6.288773575445447683e-01
7.399334470194434132e-01
-5.622197648818467730e-01
-1.281505794437844958e-01
8.442898936295981649e-01
1.411396074947002255e-02
4.736348414658337891e-01
7.322595211523810210e-01
3.645535849551293506e-01
1.000716935110744332e+00
8.409949197967432344e-01
1.299177307992146257e+00
-2.078232423510208093e+00
3.750749833858479931e-01
3.137703738796484565e-01
-9.847168923624887160e-01
8.981241026911218617e-01
2.132969412480743010e-01
-1.194826287664895847e+00
8.754983890227143739e-01
5.704134874692399215e-01
-1.176427414003922589e+00
7.656567889438099517e-01
9.047623395348798336e-01
1.932638276859321991e-02
-8.901564289488379522e-01
2.325460521992439578e-01
4.972846265741073246e-01
-8.302560882230221040e-01
-1.005941265347567448e-01
-7.686357986498921768e-01
-5.623417235114196444e-01
-2.722982577992790532e+00
1.880555177903858066e+00
-5.166768608972871490e-02
-9.399183514551864294e-01
-7.369783979997257539e-02
-8.718780986385616938e-01
7.799979030704577987e-01
-6.491879343544350034e-01
7.191956294743757638e-01
3.889287262420380031e-01
-8.574319056912349524e-01
8.917277038975439662e-01
-3.106986476444824508e+00
-6.312611969858246130e-01
5.959123813050395402e-01
7.413894005647785335e-01
-1.589343742652649105e-01
-6.027712317248006268e-01
-8.419525693072325012e-01
2.380451803157268564e-01
6.566845900452729090e-01
-8.248139795494187076e-01
9.123694687266015180e-02
3.680765582144120973e-01
-8.834141678532160258e-01
1.426181084261140208e+00
-3.502487257143700461e-01
1.219417176614668641e+00
1.990754778911595357e-01
-4.978987234957554797e-01
5.223648885569829314e-01
-7.676413072097796331e-01
8.988627821065620083e-01
-5.500555170923562276e-01
-6.410332414108887988e-02
-9.122243197314734431e-01
1.576032601119857990e+00
4.223532000268015452e-01
1.279119614246582826e+00
-6.810854058046778015e-01
-1.718529877118091242e+00
-8.382164825270728148e-01
1.621579734261260342e-01
9.689567097999849388e-01
8.276795252966226979e-01
-3.495005810390470202e-01
-3.064553874229425379e-01
-5.969265014724005614e-01
5.691355158968876005e-01
-5.632824531136830792e-01
-1.303011292576894409e-01
6.037592486399068203e-01
-7.268425017759210238e-01
1.687968064188520856e-01
-1.883184086329251050e+00
6.640780549808342759e-01
4.470329156202772491e-01
-1.843252415419958101e-01
2.612564186201351557e-01
-9.975279160677639201e-01
-1.058975736453517946e-01
-6.303224998587830807e-01
-2.591955578831764306e+00
-9.974163492297012379e-01
-4.643158879995902544e-02
4.451638787073235459e-01
-1.490722743066545952e-01
-1.799885372443459364e-01
-2.955445825042057884e-01
-1.426265485627107310e-01
-1.334575032657834281e-01
-5.038442279705674931e-01
9.067115125432442246e-01
4.065075070289057013e-01
6.028471700017583590e-01
2.021423671362756469e-01
-1.457191977713041542e-01
-6.701279991434940797e-01
3.340800062394602143e-01
-9.991222148769463018e-01
-6.763763611646158580e-01
6.258604510590177750e-01
-5.375817288270665628e-01
3.501432957854593297e-01
-4.103378598923059783e-01
8.520854253282643676e-01
5.664499147298402981e-01
-1.619021688397748626e+00
8.595833355403430520e-01
6.175941666408013564e-01
1.620611790283033038e-01
-6.616059921493886442e-01
5.670011983422109658e-01
2.537522632354249907e-02
8.622623944594414169e-01
6.710699845330205804e-01
-8.799228544406354491e-01
8.110804172568799597e-01
8.819897081706626896e-01
-7.236676250128675214e-01
2.264122418665555081e-01
7.322236574519260799e-01
-5.176733527682977343e-01
-8.996517234726466583e-01
-2.359500010474926412e-01
-3.463971641194694140e-01
9.543937669063340401e-02
-8.542951028673337888e-01
-3.933932995564788371e-01
-7.734621235873317957e-02
-6.031802420138450138e-01
-5.316278353243100163e-01
3.595352113554919349e-01
6.123174801154540603e-02
-5.979966392760416305e-01
-8.786184079994161511e-01
9.016049537527859314e-01
-1.724587594808753011e-01
-5.638386951183873563e-01
-9.054742204998216248e-01
9.677366794390193094e-01
-2.786399610930030413e-01
4.843443079882289726e-01
-1.898471942444594607e+00
-7.358521287895227747e-01
3.851388801753143909e-01
2.902466698863315209e-01
1.239462888218501035e-02
2.678458899591789066e-01
-4.721170660634372851e-01
4.466770137127948903e-01
1.305699915218818674e-01
-4.201641075014126425e-01
-6.361047837177653541e-01
-4.127449922229375900e-02
-8.414103510142088016e-01
-9.283266129881369011e-01
1.775439022614431206e-01
-9.773742502899194218e-01
6.364625062744995176e-01
2.790426597369476402e-01
-9.678149607046522274e-01
-2.897027779751262244e-01
-5.596495875269160702e-01
-1.033226257212807253e+00
6.636313573619267991e-01
-6.252468922931730955e-02
-2.310141493581554517e-01
8.420585108436722255e-01
2.324645107861122995e-02
-9.786201288644775786e-01
2.994558429737612659e-01
-3.257707700427778796e-01
3.108760972583644033e-01
-4.445356951116015143e-01
-8.053919304384242750e-01
-2.382059557907061365e-01
-4.358033516875210456e-01
-8.907326149890906208e-01
-9.516016891101337638e-01
-1.348146344391072393e-01
7.462294589658635680e-02
-6.795278295409448166e-01
-1.437602619932091041e+00
1.550893781565911844e-01
2.495169383115151351e+00
3.167548802881019476e-01
7.528696070258320550e-01
4.267467087610414822e-01
9.559921695065700664e-01
6.404463266680977540e-01
6.930761144506201177e-01
-9.534762898861746105e-01
-5.979610136643782603e-01
-6.362805777406750352e-01
5.684771149903091736e-01
2.331616444196615845e-02
1.032527472321835393e+00
-6.803442177069185526e-01
1.613034247715827707e-01
5.010597771751286178e-01
-2.109265270641894063e-01
-2.332267648431485263e-01
7.155945075640428588e-01
1.096206958403783682e+00
-6.418180332087943807e-01
-8.429485182320879399e-01
-1.835630554903905365e+00
-2.744349253386786369e-01
4.804377280526521687e-01
-2.080853504249975394e-01
-2.155841087552630153e-01
6.294714284389515413e-01
-3.664717323436650354e-02
-6.878569464644226361e-01
-1.480231219914427410e-01
-7.305677238991445943e-01
6.417503306744676284e-01
