-2.149089488401249026e-01
5.254264220181059653e-01
4.689908340899751060e-01
-1.957873022241733985e-01
1.612226949758266414e-01
-1.129092829889752014e+00
-8.457093302514182565e-01
1.385505009139165189e-01
3.550249971324792586e-01
-4.650680095645443046e-01
-2.885916189113324481e-01
-7.905166976614093066e-01
8.627147599878925988e-01
8.337653211737821035e-01
-5.256520798084589607e-01
9.229189464273934718e-01
-1.732830863473591831e+00
-7.080741293309573692e-01
-8.015950386559571594e-01
-3.012784788073470388e-01
5.288087173217885795e-01
-8.476738655711373305e-01
5.872792771717001425e-01
-5.177683932054659710e-01
9.937067827258161401e-01
6.206758678550614583e-01
4.438735476555022430e-01
-5.316730407868370811e-01
3.405567026117759521e-01
8.579319431352943059e-01
-3.834667576031971503e-01
-1.377896861528348671e+00
5.514956689155938729e-01
-4.476797701769772431e-01
7.025414131179794630e-01
-7.892803827217413914e-01
7.311149691250864446e-01
1.007729766601422217e+00
6.463210113727949624e-01
-1.503391228002065372e+00
-1.841527061682650679e-01
6.815581128008978418e-01
-1.299510109359077736e+00
1.880998188508979041e+00
-4.916890063563761348e-02
-2.243596604018442964e-01
-1.181827605003950232e+00
-6.442689188147563417e-01
-2.245442213766493111e-01
-6.629407955038768563e-01
3.666208757866790124e-02
-1.589501588454815373e+00
5.946962250147194151e-01
-9.850736856436532740e-01
4.665607813763148481e-01
-3.907942635504961792e-01
-7.010362328082557770e-01
6.189027156716875311e-03
-3.913509053909376423e-01
-3.740273923563908198e-03
-1.203691234322698200e+00
-3.484937423426606173e-01
7.422108789608026225e-01
8.611558637558958118e-02
-9.610238785748315138e-01
1.458418833508926982e+00
-1.177971853553631432e+00
-5.107778828681761585e-01
2.825795178241190531e-01
-7.284386756911640504e-01
-7.594459468275704950e-01
4.164469994843007505e-01
-1.374028571468251414e+00
-2.131367394242527080e+00
-8.685966554136672624e-01
9.132328929258490824e-01
-1.314283206584208052e-01
-1.159617365817718682e+00
1.487807136902238980e+00
3.386715972996321433e-01
-2.178639721915345273e-01
7.609225870565239358e-01
-7.575991147337073350e-01
1.843263186850363278e+00
9.555824030528228263e-01
-5.301372461715159190e-01
6.202145393722597877e-01
-6.734205143861144993e-01
6.165989545617637235e-01
1.603589891415897473e+00
-6.243846697373856003e-01
-1.797137565489193900e+00
-5.020074129683613773e-01
7.452937868762836704e-01
7.008006047799024696e-01
3.592662832112922811e-01
-6.300537401141872440e-01
4.120745232527256441e-01
-9.003775303000582930e-02
6.013859077679706289e-01
-2.809925010178764282e-01
-1.906018409914431722e-01
4.689549963300163604e-01
5.288428189745353336e-01
-2.580758762517370020e-01
2.491290856789196706e-01
-5.046198987563661476e-01
1.874814448247527077e+00
9.826585773819745961e-02
3.158232257517175068e-01
-9.316618218674688201e-02
-8.157881346716172599e-01
-8.278617368071596871e-01
-5.264127418604169772e-01
-2.604740540802596982e-02
1.785063562731854514e-01
8.292025975265242543e-01
2.798967010738520056e-01
1.054120779391076734e-01
4.515205576176259950e-01
6.083982252642412547e-01
-7.268650886510112930e-01
9.041093189748432568e-01
7.843787505195440879e-01
-4.064982409595092605e-01
6.837542389640385299e-01
-6.401339483090726645e-01
-6.687587132684591484e-01
1.425391088952374652e-01
1.902621454888785424e+00
-5.981034783600271965e-01
-4.389267054535528345e-02
-9.097647066257144033e-01
9.825896042809598718e-01
-6.860683793407615916e-01
-3.159238849101353441e-01
-7.794346667483866842e-01
3.591892926021191812e-01
-1.706954462801850703e-01
-5.593533995092192512e-02
2.097654201483112324e-02
-7.310599690229402370e-03
-3.442311629244227955e-01
4.979422040206364919e-01
-1.631001664102542659e-01
6.272973409135860212e-01
3.555647559845864780e-01
-5.953713527807102945e-01
-1.383521900475681576e-02
-4.994140495722310114e-02
-1.656410356877577872e-01
9.944188059196110707e-01
2.072795131744340491e-01
2.868953079594098732e-01
-5.278184154908387438e-01
-3.890640262938083183e-01
8.242755007470137230e-01
-5.560503234465103972e-01
-9.913102981290571325e-01
2.361219608704470119e-01
-5.708018065116924333e-01
-6.781091856106700178e-01
2.246952075159316387e-01
-5.015952700057899616e-01
6.552588371930134770e-02
4.121209166374846244e-01
8.941975850858487895e-01
-9.129586698419440705e-01
-8.398083235928912593e-01
-9.862351906050237371e-01
-4.663946136295404887e-01
2.737189084030826614e-01
-2.493644786342026354e-01
3.922090180881410149e-03
2.690831588967597110e-01
8.863228549847501636e-01
8.835430000877229073e-01
8.755641173768726748e-01
8.321963413426682887e-01
3.687245481245526868e-02
7.142965272018035883e-01
-7.733095487050296590e-01
4.367783564025327636e-01
4.723680790918798333e-01
-8.747173116383231140e-01
-1.475971508017543510e+00
1.489164639468990137e+00
1.018529784052756959e+00
1.781338571129642556e-01
2.007621846698331991e-02
-9.079262305366693209e-01
-1.401525963054062629e+00
-1.312018825539573053e+00
9.771407419471378475e-01
3.916145346120620818e-01
4.951841063008493027e-01
-6.118105477966222505e-01
-5.764611861125996661e-01
-5.439552312272133427e-01
-1.594954982621352269e+00
-3.355127478981316802e-01
-2.903017277779152971e-01
-9.231424839425608209e-01
1.045600382904492420e+00
-8.948617625008332688e-01
5.476236382247936518e-01
4.583443120791574898e-01
2.223640497790236648e+00
-1.830592018905574658e-01
9.778896658098044092e-01
-4.180008042348548614e-02
-3.535968747374891308e-01
2.544543540849780516e+00
-3.019948177120805877e-01
4.728452073509603615e-02
-7.311362070439673122e-01
8.534222540834437432e-01
-9.935744676449842494e-01
9.071075850262475537e-01
-3.645420848324933960e-01
-6.384212323738212014e-01
4.821777171080623425e-01
5.120651603505896876e-01
8.780624943932024973e-01
-3.815999013709943100e-01
6.316470248929539899e-02
5.327938690065814331e-01
9.806042007974735686e-01
2.898371524283174239e-01
-3.711403262857853047e-01
-6.032115293634456865e-01
-7.347648008147655840e-01
-3.209722983459051271e-02
5.142955746246273829e-01
-6.439954825564759844e-01
3.145794046719974091e-02
2.698192779000492258e-01
-8.406291357682302845e-01
-2.955737243675149450e-01
-9.488563016706772490e-01
-6.671391363387999540e-01
1.589012610911446632e-01
-2.588222594667706211e-01
4.498749996531761219e-01
6.354589200001776739e-01
-7.887046927089123027e-01
-5.034588653376337319e-01
-1.991391056759377332e-01
-1.841648224627739916e+00
-8.804803158567203747e-01
-4.904576206492541335e-01
9.548265423380715156e-01
5.565142763029944373e-01
6.726822127260390083e-02
7.415386266807151294e-01
-9.455794858584762874e-01
8.925633864909188198e-02
2.205632651651685538e-01
7.100234520826096407e-01
9.655397548966826449e-02
-9.069086999797819626e-01
-7.565580467104868756e-01
9.811323864343797219e-01
7.264555770390335177e-01
1.911127293405039396e-01
