-6.477769114286495711e-01
-5.151244409238171507e-01
7.229412820101974724e-01
1.257049171450854708e-01
2.549424430417654985e-01
-5.699662796660720510e-02
4.790410975495438262e-01
-3.870185322636667813e-01
9.122163592735654802e-03
-5.823691917896283154e-01
-6.822084948076565514e-01
-1.637806729992853372e+00
-7.453099931250850574e-01
-1.495124477768919213e+00
-5.308998835788827364e-01
-1.161551115210631924e+00
-7.897596335000585110e-01
-1.482138324060225276e+00
-3.144378490973616103e-01
9.828526116022660020e-01
-9.276986442936885346e-02
-1.597624157183359372e-01
2.730073812282585166e-01
-1.426367503515555413e-01
-7.811300741087754407e-01
5.439314166410957885e-01
-1.911392063950043685e-01
-6.409552254587436160e-02
1.309383284502663614e+00
1.159019173646863798e+00
-7.247784243021115902e-01
5.082368389132638775e-01
6.626710436739347010e-02
2.595368176186239051e-01
2.198677613993419211e+00
-1.785881404346917334e-01
1.336581189298638783e+00
7.351001812839377259e-01
-3.820108901109061650e-01
9.923590917391054145e-01
6.550431487102041928e-01
-1.145787317243047720e+00
-1.397556344345894486e+00
-4.270839624405007307e-01
-2.668323383959736450e-01
-5.372976525459363106e-01
-5.735286208259768870e-01
4.361944385081739650e-01
-4.128597074407054368e-01
-4.329787170967984711e-01
1.225161712415044679e+00
8.094382912804340968e-01
-5.291663994545537930e-01
4.877374117727257818e-01
-7.026594633580032223e-01
8.873053408093996008e-01
2.678449298192380201e-01
1.698848209614858273e-01
5.508554159122789340e-01
-7.126322385504106904e-01
-1.162649237629076460e-02
-9.980738070309422838e-01
1.344269864490417188e-01
5.250355947041551730e-02
-2.186013807061937264e-01
-4.450130371805340879e-01
2.267395918276327027e-01
8.544926809930497580e-01
-3.820900893093834849e-01
-1.155917578565017756e-01
5.205519760818613229e-01
-2.983470194853106161e-01
3.310679261097020376e-01
7.877200883822783606e-01
-6.899440685455970890e-01
8.530820051461436293e-01
-6.393223969883821134e-02
-3.276435557814527666e-01
-4.783885286581210927e-01
-2.870661074480820307e-01
-9.524268253115439897e-01
-1.058568388897567214e-01
2.670776970657759986e-01
-4.969391643415650428e-01
-3.605838826009792886e-01
1.882502014454485728e-01
1.948477531100742954e-01
-6.410553507259273420e-01
2.481800715779614031e-01
-2.986728170315633424e-01
-8.812818441755942978e-02
2.760120169262751944e-01
1.784786960528055300e-01
-5.500187663826578977e-01
-4.897381830293967564e-01
4.441009143032896844e-01
4.347801529484782712e-01
-4.315774937260627997e-01
-8.216411098334728269e-01
-6.280495792103770736e-01
-1.134420859454099428e-02
4.767549658416740943e-01
-9.750719166334076426e-02
9.949377020390004489e-02
-8.918549492195615436e-02
-6.002249634386114252e-02
-8.774426638255854449e-01
-4.080797572056833467e-01
2.694903049438870379e-01
6.633519686753621691e-01
-7.756028347783030519e-01
5.844214039080677381e-01
-5.678832968860383357e-01
7.023620998532096316e-01
-9.212219036644415660e-01
2.442648966166727220e-01
1.267747288647000925e-01
3.398583728569302131e-01
8.056614909204193875e-01
3.007053590786179509e-01
7.589908909566340789e-01
3.978561684219203975e-01
-4.619870068050833112e-01
-7.321485274734231830e-01
7.560570194297362434e-01
2.282956378563192334e-01
-3.677026919492636381e-01
6.713356209936269803e-01
-2.455507481740626385e-01
-7.749540776934280562e-01
8.385000631538210847e-01
-9.744966876194491867e-01
-8.920000729747599166e-01
1.583053818360857790e-01
1.078887799466650144e-01
1.060951321408423187e-01
6.437854301445595784e-01
6.748931469647103665e-01
2.322081120792802711e-01
1.144158975184998983e-01
6.421581539657104098e-01
9.658578009878486803e-01
6.050693003618938803e-01
-8.594251953647205067e-01
8.785017453298138435e-02
-5.006011186967098681e-01
3.643792214830039455e-01
-3.989650232729349266e-01
1.742462269473379344e-01
5.551857580836392358e-01
-5.800814256984201389e-01
6.089177026011127758e-01
3.487880984386289018e-01
8.888224074224597704e-01
-3.752151139098451882e-01
-7.919095430743472441e-02
-3.780051872858731787e-01
-2.504992572417727992e-01
2.365335953446472406e-01
-1.094524464898971594e-01
8.776125037468658352e-01
-7.611611165144260838e-02
8.052862099419486608e-01
5.659100257653431054e-01
6.257768596703048303e-01
5.716376715956301702e-01
-1.221626566730658059e-01
-9.502002729971581463e-01
6.977003080824677461e-01
8.847574629587791062e-01
5.337567903199280650e-01
-9.300820966554264047e-01
9.161367060834169074e-01
7.994440723182101305e-01
9.145657083940630372e-01
-2.944379434585628896e-01
1.441736492312177820e-01
-4.402054268385517943e-01
-9.955817177390349215e-01
4.329420889889092905e-01
-9.816651379891665474e-01
9.317359564736300559e-01
-4.056595147396160339e-01
-1.051299183699296869e-01
8.633993462756988091e-01
-2.007605097047258091e-01
8.207695112131907500e-02
-3.931177237596774621e-01
4.271918833380046188e-01
4.223730320019378759e-01
9.682843602004387318e-01
-4.014746757859921633e-01
8.573541124621546494e-01
-9.307086492992158178e-01
9.534780047995496943e-01
-9.325443334791356786e-01
-9.007863139110421358e-01
-2.113838249203927599e-01
-4.482103061186697435e-01
-4.238209535474035672e-01
-6.872543670722930376e-01
-4.039991189665816940e-01
-9.068245431687713687e-01
1.876495546371843570e-01
8.595631309140761012e-01
5.569735038029053342e-01
-3.731942988736882683e-01
9.282431376857729344e-01
1.299223753684302096e-01
-6.196090460826852997e-02
-5.808051623678003317e-01
-8.055518899394569221e-01
-9.880433973484858967e-02
9.629781020825656235e-01
1.489437793120020892e-01
-6.775505680459363855e-01
-1.661593510577730193e-02
-1.251206441364687283e-01
-5.800373637742397559e-01
5.114599615073580630e-01
-6.687578728288929852e-01
9.785197933473623877e-01
-1.793125412472051927e-01
2.499246311680809463e-01
9.383069195187911937e-01
8.257900854994715267e-02
3.871275059152701203e-01
-3.196079621519591907e-01
-9.927896868945449427e-01
-1.130664760159711957e-01
-1.939023395461207944e-01
4.849898980130520343e-01
2.301491963997255308e-01
-7.984208403649268870e-01
3.045475804912900486e-01
4.157889900183466825e-01
-9.175094484480961210e-01
9.858930049926484251e-01
-4.809510826049812060e-02
3.907956246038992720e-01
-9.483095636365872494e-01
7.611471717318518682e-01
-4.095910264994051531e-01
8.159917914318550736e-01
-7.634338955474575528e-01
-6.395783703897142125e-01
2.744338033603213045e-01
3.580676691052862015e-01
8.992503678382979260e-02
1.278881506964719694e-01
2.332117275743088580e-01
3.757324464027824718e-01
-2.305821928328710690e-01
-8.280061422624926948e-01
2.015168754380098903e-01
5.780549043894247507e-01
-7.325962759702824290e-01
-9.748927103704394526e-01
8.954021631334763143e-01
-8.786385697232017566e-01
4.082298043940673082e-01
-2.761665571368048244e-01
7.932276035411918169e-01
5.572695452016416251e-01
-5.107195530196713129e-01
