7.114261294685908510e-01
3.799170578057478598e-01
-9.830638725697189440e-01
-8.207411464068401497e-01
1.164567151608792983e-01
-8.261300724592139932e-01
3.322322184638138998e-01
4.882338787165307337e-01
3.077538054890138763e-01
2.904698391809632518e-01
6.218184320470645510e-01
5.840000261017593841e-01
5.815468549512845531e-01
-4.995676765017532661e-01
2.133053864061128513e-01
1.098237362695420050e-01
5.728778258992217598e-01
5.649378739375319203e-01
-3.285022002325073132e-01
8.511242354092349860e-01
7.598842909269269974e-01
-2.170244497650107296e-01
1.742500646499254846e-01
-2.985650504175372255e-01
1.809330265389448300e-01
5.229644548022788220e-01
-9.972557665681748285e-01
-7.466195662342902661e-01
-7.810797627010994670e-01
-6.387652489562252178e-01
5.313891493042177672e-03
-8.475501448937688975e-01
-4.671461808507548774e-02
-7.673523850296959381e-01
-6.756991011969469829e-01
1.164046337031644229e-01
7.888173702560572487e-01
1.397131850700978895e-01
4.015248943269533743e-01
8.293811259229597610e-01
6.223581307313398314e-01
8.113361913763709188e-01
2.012770311254954425e-01
3.002467884055662339e-01
1.716857443565443231e-01
-1.312488316874464156e-01
3.104914061106196499e-01
-1.043541078536699696e-01
-6.244639330140101530e-01
2.680186091766256773e-02
-7.357243706422823548e-01
4.137530544565933832e-01
-9.385101278403055192e-01
5.104416255982175965e-01
4.318699337690606876e-02
4.903270421121466160e-01
5.196116809095909783e-01
-8.716725443714095078e-01
7.964005513401123393e-02
2.780142806859197124e-01
-7.481213447190726562e-01
-8.832807559888966598e-01
6.519375409050167658e-01
-4.589397197013462826e-01
8.201993331486149286e-01
3.681551462970499289e-01
4.139243951262212562e-01
-9.470240375378441433e-01
6.764854270301763339e-01
-7.362219243973236460e-02
-2.283717530684411245e-01
6.344427180383978015e-01
-8.937958527682674514e-01
5.062090269477701465e-01
5.353885156576773108e-01
-3.608584972998502005e-01
5.634532667206105794e-01
8.587351323126355407e-01
-9.494173067679447797e-01
-7.767405981637627299e-01
8.932128390610577506e-01
-3.144779824788468403e-01
-8.514558962375712303e-01
3.309332794130345201e-01
-3.938130503285062201e-01
-7.939239860477050881e-01
-6.080315813547026993e-02
3.130931000767169792e-01
-3.457742647424293381e-01
3.826169346531886895e-01
3.797944292086667950e-01
-4.960105206742174699e-01
3.918805704166473669e-01
8.026753719386008346e-01
-4.555889807262580860e-01
2.377850068961460117e-01
6.034072077630345809e-01
9.056053258135288164e-01
9.569086088604604745e-01
6.707030008027994317e-01
2.182547262227572116e-01
5.212131500461225642e-01
-8.375556181593883931e-01
2.614655566300273515e-01
1.898697458645333680e-01
-7.022515334551495680e-01
7.478827130833598513e-01
-6.587490939776956544e-01
2.277774435642892503e-01
5.215115817392931286e-01
-9.827806859655896510e-01
4.863476883628227165e-01
-2.671167244558922405e-01
9.688199312328796831e-01
-8.689145194729547272e-01
-5.194609328548459581e-01
-4.744902551606580143e-01
-9.894592441552372275e-01
4.144401887575852594e-01
-5.022923207686984526e-01
-7.607918731871340379e-01
-8.000397592778965006e-01
6.241165006184705710e-01
6.155452487849639720e-01
5.347334294414394229e-01
-6.170833085642813964e-01
4.499227563790241247e-01
7.262878076601586574e-03
-9.189202447851774203e-02
8.033522504277135212e-03
-9.718609668092592635e-01
4.454777571498862443e-01
7.660021029304979745e-01
-1.621857614264425873e-01
-9.265529439701338799e-01
5.292620938102883255e-01
5.827651450044546433e-01
-1.057913584425862474e-01
-7.088604375627578502e-01
-4.993418096024578312e-01
8.726938623600414280e-01
-5.593137337998592695e-01
8.354928070573386378e-01
-7.234771378646782658e-01
5.068544817175044681e-01
3.743374765039531038e-01
7.581750290593947117e-01
6.383487497562339019e-01
3.519333226696821915e-02
-8.469417865658899203e-01
-4.616588206217264734e-02
8.100060738924586001e-01
-2.406898414245499662e-01
-2.890752000815324241e-01
-5.098032874206679388e-01
-7.536846149463979350e-01
-9.299995129164362329e-01
-3.702616867042324289e-01
4.860177252928670200e-01
3.235244491352321505e-01
-8.510307308951439165e-01
9.823783160728702946e-01
-7.699435599743125191e-01
1.877065813753557855e-01
-6.651625542142856062e-01
-1.067041622611328844e-01
6.508650081772936469e-01
9.773712224927094683e-01
4.532183269654864732e-01
-9.744884156786619567e-01
6.959328071922991077e-01
-2.642572377845413545e-01
-7.668311011282435974e-01
-5.775194659323629187e-01
-8.711239486198989468e-01
-1.505411923323831669e-01
2.327614503797831580e-01
3.608265520633673340e-01
8.055001006359121529e-01
5.899827913919296618e-01
7.415505131516175741e-02
7.881775992700368327e-02
8.470393761531620491e-01
3.199409918964180033e-02
-6.391498121474545879e-01
6.450667261438576272e-01
4.867658035319764043e-01
-6.799535950681275809e-01
-8.363133402714788556e-01
3.468972802436891545e-01
-3.607582906855039129e-02
-8.270527680174609708e-01
8.898198527895213594e-01
9.224364360974690591e-02
-4.263587566915862936e-01
-4.064663295201155768e-01
3.569366059037514805e-01
1.897095258415129049e-01
-3.115322044414086111e-01
6.502002586387325422e-01
2.447148161194123706e-03
-5.865738103180123675e-01
8.277830840816815527e-01
5.744142019572413549e-01
-9.524159440147742517e-01
7.885554406070981459e-01
-5.452276673202925972e-01
2.290604692606540149e-01
1.769363387943896360e-01
7.599754423658868774e-01
-3.002725093154235414e-01
-6.708104062027901993e-01
-6.610922960207460397e-02
-3.256225479535514999e-01
-9.643960822095526408e-01
-4.848929807902629396e-01
7.064016289233169266e-01
-5.106964978846637582e-01
-8.871650738405001402e-01
-1.173530353193832365e-01
1.322631513765319955e-01
-1.680608392104001592e-01
3.671540331632210941e-01
-2.796715465438113224e-01
-3.530241670788407671e-01
-3.449625831289103162e-01
5.329581526885969200e-01
-2.719248085351251842e-01
2.306702545991593245e-01
8.490045923177196308e-01
2.076456808284491695e-01
2.192751602404174882e-01
2.391425677324900967e-01
2.952909491756030569e-01
3.614370820662171635e-01
7.018657375038641622e-01
-6.632368439698078655e-01
2.777971646612414358e-01
-2.812272614522768333e-01
6.315439868383243560e-01
-1.538174989049495567e-01
3.060258046888120753e-01
9.854612848136115044e-01
9.367132084455737084e-02
-3.572823929329084769e-01
-4.852288466155100233e-01
3.532244216186775643e-01
-2.594208636399141787e-01
6.000298091021727398e-01
4.056166528207518773e-01
-6.540244015896653496e-01
-2.804090108974399143e-01
-5.488786858820050574e-01
6.108742460707634603e-01
8.267349445833407362e-01
-9.216173127155460332e-01
3.920188597015656917e-01
1.095767403975258791e-01
4.307199548906489595e-01
-2.540432395374188634e-01
-6.764146921520097777e-01
-9.771057339171523859e-02
-9.270061082298497457e-01
8.311200914156361419e-01
-5.607618512062574334e-01
