-7.332005750136632027e-01
-4.163295662892680937e-01
4.905720900803335338e-01
-5.894328680951286259e-01
-7.381776586151471697e-01
2.308638334496912470e-01
-9.456412273426665349e-01
1.653388838772004155e-01
6.372254119489033641e-01
-3.344267732872226451e-01
-3.820284006882204708e-01
3.835161616347158766e-03
1.541351767421973440e-01
-2.766393148915627376e-01
-6.001889083698143112e-01
-5.699962581353641422e-01
-1.091654898343938918e-01
6.194099055536421705e-01
2.746180747641470687e-01
1.668616106298279333e-01
-6.760056882248873800e-01
-1.581526922220861109e-01
6.699707847885868484e-01
-6.115176935990562779e-01
7.963677779351555630e-01
2.326132569300493336e-01
-8.592345815551949428e-01
1.787407888129826095e-01
-7.060618673499791109e-01
3.594123838479381661e-01
-7.962926155713695442e-01
5.204164573856280285e-01
4.584550201723407437e-01
2.968061629095814502e-01
6.891372997879976481e-01
1.411527243987986679e-01
-5.727670347550964935e-01
9.907882472208511260e-01
8.114211460488119920e-01
1.021623361614101277e-01
-6.853772807921703070e-01
-4.768271309899814181e-01
1.513908474146026806e-01
-4.873421011506978706e-01
2.843806991228639003e-01
-5.657885755818627960e-01
5.231798202174110513e-01
-7.421848378016008274e-01
4.335014483077209713e-01
-9.209954088271212758e-01
-5.954306113713858650e-01
5.710056708994417640e-01
-2.713645701955691436e-01
-6.155912496293528546e-01
5.652057617312248317e-01
-5.985014973057186660e-01
-6.889282084958224806e-01
-1.154702465335869371e-01
-1.946300613504791666e-01
-7.994098527197115445e-01
-9.766324007088816872e-02
8.883467227034828051e-01
-2.530662062354262498e-01
1.154568484217772806e-01
-2.851243290227707394e-01
-1.071283713250126557e-01
1.751234847314364351e-01
7.164786179713302783e-01
6.911654508490183701e-04
-1.091597961633048453e-01
4.079995816132033770e-01
8.526977934528753300e-01
7.604197081977834838e-01
-5.373172579591546372e-01
-7.989170289608878983e-01
-9.720775121184212220e-02
-4.299454896382892133e-01
7.721141733837917354e-01
-6.967653839216111367e-01
7.946945158727303227e-02
-1.969825521602327489e-01
-7.204152069984577356e-01
6.419979937568668360e-01
6.911499784488084330e-02
8.245297283388476339e-01
-4.452258054812032739e-01
-5.693297298840312853e-02
8.052653058247610796e-01
7.789096635490702081e-01
-9.310151346180477461e-01
6.778787193531824462e-01
-1.631866877391792703e-01
-3.487994654480749412e-01
-4.249957758917135009e-01
9.934036732280050463e-01
-7.218456294259019135e-01
-3.938643877742079580e-01
4.791827435271409641e-01
2.220801897292716820e-01
1.844717912324410902e-01
5.633463571289760718e-01
-8.214259533411051306e-01
8.863469003726888451e-02
2.572514322082397054e-01
-6.210428944675485674e-01
-5.148931697126218898e-01
-4.219029047931864285e-01
-5.904429081349522185e-02
-3.662072578277278945e-01
1.632834605635819503e-01
3.021718213557282318e-01
7.903491377140132723e-01
4.849035507495553787e-01
-4.625405221618804630e-01
4.935454555114061614e-01
3.849844203714690161e-01
-8.352090743673022954e-01
6.297101575306114363e-01
7.904321589161120709e-01
8.739438754067808679e-01
6.416151586920898486e-01
7.500031321706063236e-02
-1.202041344254168864e-01
-6.319472404342973970e-01
4.792289278020395726e-01
6.514712177441484009e-01
1.932220133835970133e-01
-5.991706637510846312e-01
4.952541450029468439e-02
-8.767436713821789018e-01
-9.507884460947534366e-01
9.067524617828228717e-01
2.382913431549842087e-01
-6.410227443476480824e-02
-4.753032868476174122e-01
-2.948285475991391236e-01
7.590966050775513896e-01
8.652281314368681642e-01
-9.930446403708785841e-01
7.877764334306160132e-02
8.944443380962572299e-01
6.105828913408208880e-01
-5.434253272617410868e-01
-8.565431169278808765e-02
-6.414539255791033012e-01
9.279361337498537310e-01
4.837942107012786486e-01
-4.041047527165792519e-01
6.787488479802877839e-01
8.952143999271036101e-01
-7.846874780019140738e-01
2.124460120619782177e-01
6.575986947149241590e-01
9.790248194687548589e-01
-8.773238989796486864e-01
6.187358514044267732e-01
-7.235107896673728112e-01
1.801871646713311959e-01
-1.926784550993038969e-01
8.406771495597681332e-01
-1.999314734750672895e-01
-1.014951107656481971e-01
1.589526511887429105e-01
4.932738286636608738e-01
1.651544094283704800e-01
-5.261853782163306015e-01
-8.771631357925627759e-01
-5.222108160856406833e-01
8.070872146082204157e-01
9.439403081016208841e-01
-9.884612287208273118e-01
6.710332620336693088e-01
1.467275091768314443e-01
-9.202176439073287417e-01
8.091231591463122763e-01
1.033674505709578639e-01
-8.434837759809820090e-01
-1.151930586861519834e-01
-2.651085731764798448e-01
9.745683540343935691e-01
-6.578568704699333525e-01
5.263901299056796823e-01
-4.140561892608665140e-01
-9.543045213441221364e-01
6.243319217354710293e-01
-7.311423581940347249e-01
5.178582952770158787e-01
-9.181100507007942113e-01
-6.739659495095799979e-01
-5.794169986143592466e-01
-3.176902107266504210e-02
6.136006234904525236e-01
-8.566867600334314714e-01
7.396809006803998221e-01
-9.566443440515320917e-01
8.290465599319356560e-01
-7.272034161817314546e-01
-3.604521314357974626e-01
-6.148148228678360638e-01
2.389332624365328450e-01
7.452811521895518210e-01
-7.720151194082265356e-01
2.006685015377272230e-01
9.146500982830761961e-01
1.658139139185592636e-01
2.769956850528403347e-01
5.284854334058590730e-01
8.126814845412970723e-01
6.213909593483681881e-01
-1.288590232302984639e-01
-1.992550384858127188e-02
-6.759970342324801429e-01
4.509959354817288379e-01
-8.084952832549001378e-02
1.034987694678052295e-02
-5.690375563920652136e-01
-8.498330601678782958e-02
9.417765014238926868e-01
-8.239068054543123576e-02
9.189219291982183568e-01
-5.363772703035655232e-01
3.312507744569863632e-01
-6.467549434161674604e-01
4.900761297619093404e-01
9.981890075837460685e-01
-7.026384657955653257e-01
-1.945896994480371955e-01
-5.465593745173270152e-02
6.903238092085698385e-01
-6.330981828687731738e-01
2.677842760091766472e-01
-8.302755966809336474e-01
-5.454910700908569554e-01
-8.913052448154554774e-01
1.321597014100995005e-01
-7.238122524712190531e-01
-8.737316146151367924e-02
4.050613609623468676e-03
4.748254155519177622e-01
-8.569984091243647573e-01
-3.180718760702314629e-01
3.954125873326483909e-01
-3.762015343547691071e-01
7.603757509946807991e-01
-1.727360708381242560e-02
8.827068290567945397e-01
6.848980673885219916e-01
-5.118488866356951661e-01
1.111833038410426772e-01
9.341650551478184461e-01
-4.738203936811678507e-01
-1.777679913368406528e-01
9.210960710953746133e-01
-7.135483280809448159e-01
-3.995031177801842692e-01
-3.637280847942821107e-03
5.834613734661923123e-01
1.028168305709247082e-01
4.232873184193034488e-01
4.070124605945084628e-01
8.303796899214055394e-01
2.554326627470304700e-01
8.328192058775565343e-01
5.549709902179452703e-01
3.977852553505449307e-01
