-7.415032530282935630e-01
-3.329098192412417445e-01
5.360093933137051181e-01
-5.893827680402219382e-01
-7.336556056490771693e-01
2.503108892840703037e-01
-7.957424122709039205e-01
2.935071263089789606e-01
-5.132271667164569617e-01
-1.156632408283808644e-01
-3.820284006882204708e-01
1.054526089266538680e-02
1.384506661573077502e-01
-5.010472341408612751e-01
3.158498343950982279e-01
-6.279220799833027389e-01
-1.359577341119214133e-01
3.573043976782824815e-02
-4.635433240302089253e-02
1.699907666109734539e-01
-8.625108199657132158e-01
9.282921116250515414e-01
6.761728528246484515e-01
9.361738596040631855e-01
7.702707767099572500e-01
2.326132569300493336e-01
-6.256266558628948982e-01
-4.991916987320437205e-01
-9.749142660149641149e-01
4.133153242875372557e-01
-5.261590017903752248e-01
3.305575692768482066e-01
4.242401426463970893e-01
1.907177944269298486e-01
6.546158833777734332e-01
1.411527243987986679e-01
-5.727670347550964935e-01
9.907882472208511260e-01
8.122148132824551503e-01
1.021623361614101277e-01
-7.938768639266751137e-01
-3.334554350630516417e-01
-5.963101500439411673e-01
-7.186482201040933493e-01
2.332269328666060071e-01
-5.657885669880500235e-01
5.231798202174110513e-01
-9.217643731664384443e-01
-9.352503179475013528e-01
-6.485367395671475244e-01
-6.568913673583990365e-01
-6.166406257458487139e-02
-1.765009764268770931e-01
-2.718590193670895883e-02
-3.256994995346930710e-01
2.567476012519804285e-01
8.822420967007532644e-01
-1.173860428708813491e-01
-1.946300613504791666e-01
-4.965284562325139595e-01
-9.936825680089850232e-02
8.885319472470484259e-01
-7.127996172091914939e-01
2.740738128334641033e-01
8.310356275379184865e-01
-4.684486150038756624e-02
-5.822517232245627561e-01
-8.617699815956666454e-01
-2.188541897614381115e-01
-4.157675650208935147e-01
2.514578153165352714e-01
8.517871591349315263e-01
5.926798844702600988e-01
-4.467338466470775482e-01
-7.989170289608878983e-01
-1.517203843453551193e-01
3.211318163461761577e-01
-5.863288596479784287e-01
-6.986191570509625581e-01
7.144193827314749834e-01
-1.969825521602327489e-01
4.809308843704458436e-01
6.566684943397196328e-01
2.196809582592352816e-01
-8.412631286056873048e-01
-2.573764038419633637e-01
-5.805127756871719669e-02
7.937962043969442050e-01
7.839368344019990165e-01
-8.665490680067825524e-01
6.781569310475805690e-01
2.488285984956425945e-01
-3.491117710051012679e-01
3.807535435122098577e-01
5.998718488429151119e-01
-8.139701264044618689e-01
-8.731855158454913113e-01
4.652132265825833501e-01
2.220801897292716820e-01
1.462538146288738239e-01
5.505627915747419721e-01
-7.756810931614687155e-01
1.054858373276849615e-01
2.572967140170928646e-01
-3.851677169875360462e-01
4.596106196204524097e-01
-3.780771681637342674e-01
-8.944356719250712295e-02
4.833584157646025337e-01
-3.538101005731145166e-01
-9.125080818772064450e-01
5.800759316111970820e-01
-7.856028667189020043e-01
-4.460613969069006091e-01
-8.266766825520024398e-01
5.837025686745265229e-01
-8.738183243005591683e-01
2.495932810740986163e-01
5.877512433419014304e-01
9.946435776103275117e-01
-7.336259550620398695e-01
6.099396666243125931e-02
-4.631441744199137345e-01
-6.403748014038218583e-01
4.778171590724565876e-01
3.732508269576717552e-03
1.932220133835970133e-01
-9.499882316246660574e-02
4.952541450029468439e-02
4.932246240133244530e-01
-5.667272078357232790e-01
9.059053341950746852e-01
2.021525320809801074e-01
-7.366784477858114855e-01
8.069252987552492096e-01
-5.778931742476148825e-01
-2.511040693811058544e-01
7.466791073460943284e-01
2.309487921567034974e-01
-1.667275677539278023e-01
-2.452585518699037237e-01
6.116885375357885568e-01
-5.122858248321371377e-01
-8.487861270115937273e-02
-6.290572489442224358e-01
9.973655965128305212e-01
5.510409465092229730e-01
9.638763289760009512e-01
-8.999744677631549283e-01
-8.392484686339498623e-01
-7.846885440538743373e-01
2.100439941802343391e-01
-7.516488351194551276e-01
-2.721770857487835205e-01
-8.357692244754966193e-01
5.233751712321517147e-01
-5.641879543103096584e-01
2.489591550116277419e-01
-3.579298602645228922e-01
7.404543972513790706e-01
-1.999314734750672895e-01
-4.648246675214201540e-02
6.214771579344763319e-02
4.932738286636608738e-01
2.032489490094574192e-01
5.099394704102963027e-01
-8.431364592419987591e-01
-5.222108160856406833e-01
-2.702985927574756420e-01
9.922953752274673578e-01
-8.848358114011196651e-01
6.708338418353768651e-01
1.450134095713778437e-01
-9.631750763213391409e-01
8.090848925728127972e-01
1.033674505709578639e-01
-8.434837759809820090e-01
-1.151930586861519834e-01
9.590662301162497516e-02
9.677028476807792989e-01
-5.076406322133706350e-01
5.263901299056796823e-01
7.255828183396912934e-01
-9.834722747362210082e-01
6.100234564151660877e-01
2.493649231823025225e-02
4.628415596168433122e-01
-9.181045247637416029e-01
-6.739659495095799979e-01
-5.985195281546438206e-01
-4.618706453267579226e-01
2.980771311773557919e-01
-4.017765530368638816e-01
6.938197912124912659e-01
-7.249129779360141690e-01
8.409298941005212136e-01
-7.019236482633337548e-01
-3.387394078218304849e-01
-5.807194493301632843e-01
2.300969156338623922e-01
7.668974414144914542e-01
-8.371333652890438071e-01
2.006685015377272230e-01
9.701582103884126562e-01
2.957818958082547578e-01
2.440546525196904959e-01
5.284854334058590730e-01
8.671272745459668307e-01
5.872386369727432553e-01
3.581789504154037074e-01
-1.992550384858127188e-02
-7.169551606411703748e-01
4.925475285522245006e-01
4.822224217805950452e-01
3.257286091800078998e-01
5.195978087654711253e-01
7.140647051206031604e-01
9.171796082728731481e-01
-8.214844683430810868e-02
7.784707231935197314e-01
-5.373949011081797789e-01
3.882046794607647566e-01
6.166574183282804711e-01
4.900761297619093404e-01
9.833840586746946943e-01
-6.833115691846317619e-01
-2.402333729373130056e-01
7.585556184570297900e-01
6.924159183633022963e-01
-9.597440429510530890e-01
4.033917502376805908e-01
-7.945767337110387629e-01
-6.674984540537387545e-01
-8.493744184058065194e-01
5.037976435780854023e-02
-7.356803380126076819e-01
6.310558808385821616e-02
5.505771949384370423e-01
5.074423442198781053e-01
-8.688516558897997344e-01
-3.102199845826041358e-01
2.914858164405630392e-01
-3.762015343547691071e-01
1.793016288845670769e-01
3.826507861582567616e-02
-8.574350586996629664e-01
-7.534954267839674702e-02
-5.118488866356951661e-01
1.217247845370869330e-01
9.344096079579248260e-01
-2.276682546093228288e-01
-4.222012405127269496e-01
9.210960710953746133e-01
8.236617567784599858e-01
-3.950828854632540965e-01
-6.079751956964346560e-01
5.834613734661923123e-01
-3.450410241684058743e-01
3.575402742133585443e-01
-7.609184361841954125e-01
8.168637363600387280e-01
3.396007294991817416e-01
8.591197798669658603e-01
5.036628822511657333e-01
3.895778798614802363e-01
