-8.452147187078545842e-01
9.503642015499773610e-01
5.386326342179315052e-01
6.484778900436721782e-01
-6.710339440724515381e-01
-7.008520836601801474e-01
1.869544440283197329e-01
-5.419513277140017848e-01
-3.921037688483574590e-01
-7.610511761952791776e-01
-8.986774318217853885e-01
7.847499009061671416e-01
-3.259791327006297812e-01
-5.023034946333302386e-01
5.249325131220600182e-01
6.024586956763604562e-01
3.149922127463096189e-01
5.302443210896323755e-02
-4.668527356787283145e-02
-5.382296332106349945e-01
-8.172383015836152120e-01
9.466682295170008032e-01
7.664498138503323954e-01
9.362744680018926235e-01
9.545708855580193886e-01
-4.246201504583391184e-01
7.208091703256450655e-01
7.526511929146342261e-01
-9.869327670631486971e-01
-5.038783619045875684e-01
-7.648395525113459437e-01
-8.369506476892937252e-01
5.433860453669251411e-01
-3.459153159147155820e-01
-3.782764555337629342e-01
-3.753943791275941577e-01
-2.671529363023593673e-01
-1.973786967077497956e-01
7.927094320828025342e-01
6.842359467972003451e-02
-9.319530359499208494e-01
1.912005682250605687e-01
-6.617612881781244072e-01
-7.069082521648366590e-01
7.489344884281616821e-01
8.599638332154674325e-02
4.282499060155395276e-01
-3.906895657481357365e-02
-9.901495665908113253e-01
1.443266255764654171e-01
3.875378662245634320e-01
-7.504211766039614595e-02
-9.780795357894060960e-01
-7.758793540694230995e-02
5.287758889133131746e-02
2.426848453709839482e-01
7.970766794627275331e-01
-1.276146306111867190e-01
6.996008916158802382e-01
-5.134669605362782718e-01
-3.602896990061156268e-01
-6.771835970339823429e-01
-6.762812562722609888e-01
1.362386613662508184e-01
9.934662140119504548e-01
-3.147312280172037680e-02
-4.314710942851762709e-01
-8.836119737564447352e-01
-2.339959822428157588e-01
3.960315758152235244e-01
2.409722388518550917e-01
4.716961825267279029e-01
5.798391252584592648e-01
4.731968526844374523e-01
4.075624139447055483e-01
-2.027040286704604455e-01
4.039882112932893787e-01
1.845272660270697307e-01
9.482773482218846972e-01
4.004429861703890925e-01
7.219159727646884406e-01
-6.520404211043440146e-03
-2.957782103945908458e-01
-2.760373909956173599e-01
-5.783793827350317551e-01
7.438735314383692065e-01
-6.912266314582937721e-01
-2.509524816067943420e-01
-6.820416225875012284e-01
-3.015886595454463359e-01
3.227095321603565825e-01
-2.216097187808317437e-01
9.014981065717917463e-01
3.839693536313683042e-01
5.929947596386728748e-01
7.755838407789047428e-01
-8.508155802756313113e-01
1.139839650460515719e-01
-6.472749056748833274e-01
1.434526061863815038e-01
3.159031612136168343e-01
-3.704689861088132918e-01
-7.168435062068974073e-01
4.418081897498223887e-01
-3.847217260131133854e-01
3.675740054448296545e-01
3.676356817439034863e-01
-9.238242131049517747e-02
5.042879814470753175e-01
-2.113354523290884024e-01
-3.855474875714987038e-01
6.125964271100128311e-01
1.856449331530797275e-01
-4.552506110859638744e-01
-8.039680916395408605e-01
5.932924870113304161e-01
-6.624016586535179663e-01
2.337116243113844805e-01
-7.316252007355574793e-01
1.296183652084926807e-01
-7.482362815093323016e-01
-7.265250490146888396e-01
-5.617177426139057239e-01
-5.774933603360046241e-01
-9.298888090378669702e-01
2.876534029666579784e-01
1.524614677313930189e-01
-8.224081758643692064e-02
-3.711071094845284635e-01
6.372565965542291710e-01
-3.873118191963279555e-01
8.236102373607714355e-01
2.023278675216618194e-01
-7.380140240420918207e-01
-5.770004330186724317e-01
6.220607699368828625e-01
8.394511341472312704e-01
-9.331346825808609635e-01
5.630121920636349531e-01
7.788264923117000915e-01
8.181146954370644986e-01
4.043781115689054628e-01
-5.127194634862013434e-01
-4.075035788546302329e-01
-7.563737400661342258e-01
-3.073413321453425384e-01
-2.689943149212958851e-01
9.617686754276254524e-01
-9.904790876463402949e-01
-7.930927147911005504e-01
1.609166866960762554e-01
2.516708937449983474e-01
-7.359968638910636685e-01
-2.426190141912222265e-01
-8.483607717258145886e-04
3.485149355289118289e-01
6.174734626691082973e-01
4.733094087303441055e-01
-4.905758993228310771e-01
-9.118635309211911011e-01
-4.421122909737764672e-01
-2.333445417076004946e-02
9.283949699473035277e-01
2.757323032605381030e-01
6.502954350954965879e-01
4.248623455296069440e-01
1.158548085983881482e-01
6.767047204762377532e-01
-3.563699491388568896e-01
7.023319519497752683e-01
8.552627662098443162e-01
-3.034486075333995281e-01
1.120232207197929264e-01
2.600011449904961469e-01
7.672092734576847484e-01
2.583966752305225656e-01
2.317420034424152175e-01
5.305808840083137135e-01
1.056289809439507899e-01
6.255621692704433912e-01
4.452480027862778522e-01
-3.222940517370148639e-01
-3.439197803831433586e-01
-9.882254291597789009e-02
-1.705118472195662482e-01
7.183873971225568367e-02
-8.755775311600044741e-03
8.230589969323265365e-01
-8.993399055555594268e-01
-6.010593507047303774e-01
9.576939858843339648e-01
2.678858098883168948e-01
-3.432233549389691052e-01
5.137098485489406396e-01
-7.296971103956953475e-02
-5.818738260198694778e-01
3.019048634250698360e-01
-9.942882044995080548e-01
4.760695802391876064e-02
-5.184734996987923061e-01
4.139513146862279780e-01
-3.337677557282622831e-01
-8.626375243805055604e-01
9.674356759285286378e-01
8.204965243612969417e-01
2.173639408915828686e-01
-4.700402258340575790e-01
-7.172635735349647268e-02
-7.667502842011901798e-01
3.220496676697171545e-01
5.305116331171480515e-02
-7.182979693271336341e-01
4.716799223153841925e-02
5.018255785133367564e-01
2.724050018022661779e-01
-6.894658422642692130e-01
7.698971651666817184e-01
5.645452581858118046e-01
8.542221932835828424e-01
9.058480559380333030e-02
-4.603368618193711681e-01
-5.957341219326244275e-01
4.418825487021339482e-01
-7.461195114390133387e-01
-2.641667238497833470e-01
5.362908470488740864e-01
1.749435135394531715e-01
7.866148662572477468e-01
-8.458284437304167125e-02
-4.215229238546102097e-01
-7.541838905650144476e-01
2.551356568904510763e-02
5.150641772718055345e-01
4.084328007487328382e-02
-3.108923234130400726e-01
3.481233700338956516e-02
-3.057261142641071183e-01
2.389223156227453793e-01
-2.601362794351980146e-02
-5.466216839138022809e-01
-9.327995156791135667e-02
-9.766534646618707516e-02
6.963651112371799234e-01
9.361135922816876676e-02
4.647830758521225847e-01
-8.502449860430183470e-01
-8.302096032280784077e-02
8.814383521569210123e-01
-7.342461170382339475e-01
-7.748868725576250061e-01
-1.227684583103446914e-01
-4.253617558716453750e-01
-5.107204871154816250e-02
7.294737641905428838e-01
9.103642866465934125e-01
-6.326640725286448719e-01
9.534350347573610218e-01
9.744379605692610191e-01
-4.713976892245274608e-01
-8.749352512102962498e-01
4.583872091079385647e-02
-9.175002591122025652e-01
2.493585658611300604e-01
3.127261579550012494e-01
6.500225403391677315e-01
