-8.533447604644808226e-01
-7.297257158543863920e-01
-4.765707457630579125e-01
2.674282020096791501e-01
-8.054748388294981076e-01
6.701814910039409767e-01
8.265909941463689403e-01
-8.068478128612476263e-01
1.665539428780930531e-01
2.865037314760854326e-01
-9.984706026994994987e-01
-2.724146008584920620e-01
6.801192108167233297e-01
8.803861109657143968e-01
2.790326014724011650e-01
8.102606166712522651e-01
-1.624625779710751616e-01
5.733309080467445806e-01
8.001788627414416211e-02
8.787492936027697654e-01
7.753405578458627545e-01
9.249251582059969667e-01
2.331953070306549969e-01
-6.489779255671273006e-01
7.736998354393372912e-01
-8.174305901690578358e-01
-8.311400957777732579e-01
1.776122954067853865e-01
-6.937640008030767635e-01
-7.933050471852376440e-01
-4.177097018182872046e-01
-6.068914856196144791e-01
-9.914385816965304299e-02
5.232058994160910803e-01
-8.743470412087026578e-01
-9.931469976887796758e-01
7.102862067456754414e-01
1.389916407199072168e-01
4.139821037192590314e-01
6.937336165318792602e-01
8.663224201326846785e-01
9.080383021020358436e-01
2.022504189582597922e-01
2.449049629778452253e-01
-6.805272265540125431e-01
-8.032524116453139129e-01
2.335409812291103504e-01
-3.636626782995036611e-02
5.300106191007468714e-01
3.031618014497865221e-02
-5.957288189134578582e-01
4.816750294536883414e-01
-3.786926059592880534e-01
-6.199791160324419348e-01
6.201447982132020087e-01
3.234015130227753665e-01
-5.760934907806521954e-01
-1.225813618060389576e-01
8.120043210395738731e-01
-3.258177248015141081e-01
-2.786761812606695227e-02
8.712499157906513636e-01
4.842086910228641239e-01
1.189595421001568426e-01
-5.641685808774173916e-01
-8.331098334502803904e-02
4.101161861509831086e-01
-7.498973396051816787e-01
4.006854482899241399e-02
-1.032702869072577023e-01
4.509765610767117461e-01
2.242479526341331075e-01
8.557850503893128513e-01
5.144580853769232798e-01
5.954911314553161805e-01
-2.894382010394861426e-01
-9.526029078640096959e-01
8.576247329531682118e-01
-8.563055494502045395e-01
-8.690484164543375023e-01
7.638597679540688468e-01
-5.642020041711042211e-01
5.415356078724520295e-02
1.015756166514672348e-01
7.368505750325735626e-01
2.615442969756149871e-01
-1.259666603532647033e-01
7.168569065414698294e-01
-3.499230403364352870e-01
-2.496433829467412102e-01
9.465684448153806052e-01
-8.520769665145377925e-01
4.727088267051507420e-01
-2.576926956226944787e-01
4.215798930186985816e-01
8.803765373083447532e-01
1.456363429493018335e-01
-1.176375008998302163e-01
-4.806939107117917942e-01
-6.436529141205737936e-02
6.347579825419720212e-01
-4.215011826284716379e-01
-1.434724590871082617e-01
5.501938315132043344e-01
-3.940712648316615496e-01
8.262946214207489426e-01
8.118729390322878547e-01
4.112746528904723808e-01
2.228145177285531520e-01
5.826702784375098476e-01
1.486130048454125108e-01
8.071920442635515114e-01
4.554918737179760591e-01
8.737148268506023108e-02
4.212953229018538970e-01
-7.988703855280954169e-01
-4.764778602745778358e-01
3.084015583954968776e-02
-3.687117755848091094e-01
9.381575372145957159e-01
7.382917638202295407e-01
-5.492493806428645486e-01
-1.213077905313350580e-01
4.209897620008151709e-01
-1.488117661544830495e-01
6.539279628921426113e-01
8.871071305057131040e-01
-5.539360921018043893e-01
-1.629445086242653495e-02
-9.937389468396343739e-01
-9.421878959254819108e-01
9.399235514676442804e-01
-2.772647085578163195e-01
-1.648371739435022243e-01
-4.003037495428922177e-01
-4.486272010039084601e-01
8.246792146164316772e-01
-1.232098405206559222e-01
-7.866599119039294763e-01
9.575652678968114839e-02
7.867492838632197394e-01
6.148405998088426472e-01
8.507979895989828956e-01
-7.077310200527480166e-01
-9.879401141222234894e-01
-3.498253673991106871e-01
-6.030270181092596271e-01
3.049989086963386664e-01
6.450709456838111810e-01
3.863737421156927532e-01
-7.954607933696207223e-01
8.098723372732323789e-01
9.997870011080298713e-01
8.213310135957194724e-01
-3.099385309177127290e-02
6.191618550868249748e-01
-8.192918559027523306e-01
2.529075854178470251e-01
-5.937862022003056461e-01
3.969353157168975521e-01
-8.698335030374684251e-01
-1.260289335794803067e-01
-8.175894827123035835e-01
4.806749211331214910e-01
-8.020372308953205298e-01
-7.352375837100413314e-01
3.182344155032604260e-01
-1.050042337121112612e-01
9.170671819480888942e-01
6.955940772145954853e-02
7.514772375152978245e-01
-6.929720759088777715e-01
-7.799549738505134888e-01
-1.273828378006295892e-01
-8.732547820915946835e-01
9.114177183648493052e-01
-8.690364160487636935e-01
2.294037068344568775e-01
-1.541537109372795311e-01
3.145317713648438929e-01
-6.170753904511848686e-01
3.187996751666966055e-01
-5.049197377838324230e-02
9.956825734788441462e-01
1.538206425328674243e-01
-7.553158058656662677e-01
5.199841706494405802e-01
-4.396197611995761867e-01
-9.269016615382942303e-01
3.942809851229491791e-01
3.705330528187417150e-03
4.158669899496463263e-01
8.184085400995309012e-01
-1.134266173297936442e-01
-7.266506614387928664e-01
8.371771969859488627e-02
4.916263794570445711e-01
1.397155911407353956e-01
3.437798533959073310e-01
9.081080963939991424e-02
-3.763951799381043406e-02
3.292850200552246975e-01
1.485865265764549359e-01
-8.177312599324328968e-01
-2.942336109832019431e-01
2.420711532439344116e-01
-8.259202167054193744e-01
9.008099544509794443e-01
7.770352383979357569e-01
-3.474474138890980002e-01
-5.579409552087615243e-01
-9.422670148690172054e-01
9.030540879111996766e-01
1.610811510666416702e-01
-5.782310459307388184e-02
-5.117280634371295100e-01
7.126141102591322385e-01
-1.154049548276070147e-01
-8.603601837686287723e-01
2.965784996802818818e-01
-5.353306451007778799e-01
3.634259488132794425e-01
4.465419434583307590e-01
1.707858058646842259e-01
8.699323840783547146e-01
-5.541379837072798464e-01
5.330024675478599594e-01
-8.433868102083130758e-01
-4.881768139798581818e-01
8.268834465091122743e-01
7.077664584397589387e-01
4.047265239597723774e-01
-5.265146161856151252e-01
3.135882695225580274e-01
-7.717169819389980701e-01
1.146602770382441072e-01
-7.681043605713328004e-01
-2.145439217581300226e-02
-5.939936676005080907e-01
-7.083100311074925770e-01
7.525828617035139612e-01
1.967603584495066504e-01
-3.265080630526936423e-01
7.102502140049842261e-01
2.879354613472075511e-02
-1.882379861339361082e-01
8.087929372388510396e-01
-5.821413065642366824e-01
6.236516558978810743e-02
6.348227221552069643e-01
-6.253817468670583857e-01
-6.757814333521827699e-02
5.839038489556405143e-01
-6.281572589615300739e-01
-2.660112506122669362e-01
8.153570438427499845e-01
-2.806484908180086890e-01
5.717578237048593914e-01
9.576503315534050653e-01
1.795054603401087245e-01
4.759029460023588287e-01
-5.195281901548450820e-01
2.454561977140936047e-01
8.013217088346700212e-01
4.138279124565731881e-01
