-7.332005750136632027e-01
-3.851601695383661816e-01
4.697001702568847081e-01
-5.893827680402219382e-01
-7.381776586151471697e-01
5.223752747311435352e-01
-9.456412273426665349e-01
2.935071263089789606e-01
6.346014977468719120e-01
-3.194777533735466135e-01
-3.820284006882204708e-01
1.141128771567068156e-02
1.554338680929817085e-01
-2.764719682395336831e-01
-5.941108990818231295e-01
-5.781000464700345454e-01
-1.154982622799881065e-01
9.012394702783710354e-01
-5.860680453469071516e-01
1.699907666109734539e-01
6.407757540787748507e-01
-3.329294608112112197e-01
6.699707847885868484e-01
-6.078358538185840709e-01
7.756091912800779919e-01
2.520427455779385428e-01
-6.256266558628948982e-01
-4.991916987320437205e-01
-8.153717277874292790e-01
-6.455298510817101265e-01
-5.137706009914759786e-01
6.144291097217853270e-01
4.712647177267173526e-01
2.776930248333313589e-01
-6.448473858178315199e-01
1.411527243987986679e-01
-5.727670347550964935e-01
9.907882472208511260e-01
8.122148132824551503e-01
1.021623361614101277e-01
-7.938768639266751137e-01
-3.408865949011857244e-01
-3.214551749765523492e-01
-5.276076797617388348e-01
2.373550843006252686e-01
-5.701359329758801664e-01
5.231798202174110513e-01
-7.576620434360097356e-01
4.432080131467733830e-01
-8.700329848930857812e-01
-6.568913673583990365e-01
-4.299596285451906530e-01
-1.765009764268770931e-01
1.787609612811997817e-01
-4.786412886926326715e-01
3.578711024845890876e-01
-2.268366482846033705e-01
-1.168504361607503594e-01
-1.946300613504791666e-01
-7.994098527197115445e-01
-9.936825680089850232e-02
8.885319472470484259e-01
-2.557242627965380377e-01
2.740738128334641033e-01
-2.851243290227707394e-01
1.774864043763800248e-01
1.692154348016904619e-01
6.713727685296244641e-01
6.911654508490183701e-04
-4.157675650208935147e-01
4.079995816132033770e-01
8.321267956708919833e-01
7.637026859269476775e-01
-5.256535055084884389e-01
-8.443931246390866674e-01
-1.517203843453551193e-01
-4.298867855467323196e-01
-5.863288596479784287e-01
-6.979270244188391370e-01
-7.264838237655253383e-01
-1.969825521602327489e-01
4.809308843704458436e-01
6.502523091178422643e-01
2.283924117264787834e-01
-8.412631286056873048e-01
-5.007473258801923288e-01
-5.805127756871719669e-02
7.979493261555316019e-01
7.839368344019990165e-01
-8.846937839879290832e-01
6.922900484547591660e-01
2.488285984956425945e-01
-3.491117710051012679e-01
-4.233316857526410182e-01
9.740708308198221532e-01
-7.191263292781502336e-01
-3.826422616707575997e-01
4.361207234313014824e-01
2.220801897292716820e-01
-9.657725357264493327e-02
5.505627915747419721e-01
-8.214259533411051306e-01
1.008350580469098978e-01
2.572967140170928646e-01
-5.570155967051261259e-01
8.290968264338739457e-01
-4.219030539511844369e-01
-5.910371548172210776e-02
-4.466505473841394513e-01
-3.297210431421795929e-01
-9.125080818772064450e-01
7.903491377140132723e-01
-8.168901594373627617e-01
-4.454726601731666680e-01
4.424745004679742078e-01
3.848681812886728393e-01
-8.764945820090371820e-01
6.297101575306114363e-01
8.459624684826535512e-01
8.722377405432677477e-01
4.278068358973277641e-01
2.086230893822420274e-01
-1.538145334037452072e-01
-6.776491481460846789e-01
4.792289278020395726e-01
3.732508269576717552e-03
1.932220133835970133e-01
-9.868027494273103883e-01
4.952541450029468439e-02
4.932246240133244530e-01
-5.857051460375113372e-01
9.059053341950746852e-01
2.420460924353146082e-01
-7.673988800190152393e-01
8.133744349995153389e-01
-4.654741720592426857e-01
-1.918833566979835092e-01
9.839898569271380291e-01
-8.116474328604100785e-01
1.843384815921157438e-01
-2.452585518699037237e-01
6.105828913408208880e-01
8.739628171848905502e-01
-8.565854663175015427e-02
-6.292993924761477453e-01
9.973655965128305212e-01
5.510409465092229730e-01
-4.041047527165792519e-01
6.030724141691503615e-01
8.952143999271036101e-01
-7.846885440538743373e-01
2.100439941802343391e-01
-8.893171745348366075e-01
9.790248194687548589e-01
1.645049066357490153e-01
5.233751712321517147e-01
-7.235107896673728112e-01
1.832183953878871452e-01
-3.775302822036272210e-01
8.406771495597681332e-01
-1.999314734750672895e-01
-1.675015072891194445e-01
-1.377747820979733917e-01
4.932738286636608738e-01
1.640818177183500648e-01
-5.744896651656181685e-01
-8.431364592419987591e-01
-5.222108160856406833e-01
4.335757900190367886e-02
9.439403081016208841e-01
-7.584852268740114312e-01
6.803505978799322396e-01
1.622469480620953031e-01
-9.563063260464239601e-01
8.090848925728127972e-01
1.033674505709578639e-01
-8.418724645027501063e-01
-1.301163139579801231e-01
-2.866278631143963640e-01
9.919306491676487259e-01
-6.526431120584061940e-01
5.263901299056796823e-01
7.255828183396912934e-01
-9.835019076656236203e-01
3.097129135091697960e-01
-7.316313024628900985e-01
5.196559829963456334e-01
-9.163845520663860267e-01
-6.739659495095799979e-01
-6.013328795087787837e-01
-4.618706453267579226e-01
6.138131189580527947e-01
-9.376103155426755986e-01
-1.390263390007392408e-01
-7.249129779360141690e-01
8.409298941005212136e-01
-8.390400418016947803e-01
-2.716181380798630141e-01
-6.148148228678360638e-01
2.389332624365328450e-01
7.629463537152384456e-01
-7.720151194082265356e-01
2.006685015377272230e-01
9.701784368571012562e-01
1.658139139185592636e-01
-2.561428101199969554e-01
5.284854334058590730e-01
8.126814845412970723e-01
6.213919552679579850e-01
-1.140958084051269805e-01
-1.992550384858127188e-02
-6.795031456700453276e-01
4.195261295788026423e-01
-1.196126400965962233e-01
4.825478852081509507e-01
5.195978087654711253e-01
-8.498330601678782958e-02
8.968655077646583429e-01
-8.150309253076118421e-02
7.784707231935197314e-01
-5.373943932631974896e-01
3.882046794607647566e-01
-6.467549434161674604e-01
4.900761297619093404e-01
9.981890075837460685e-01
-5.628231845315732063e-01
-2.104671702721656323e-01
-1.665630574671704833e-01
-6.900440103782814472e-01
-9.321053985395983954e-01
2.677842760091766472e-01
-7.945767337110387629e-01
-6.674984540537387545e-01
-8.867154243044657047e-01
1.321597014100995005e-01
-7.356803380126076819e-01
6.310558808385821616e-02
5.731203298125130408e-01
4.747754163798836302e-01
-8.569984091243647573e-01
-3.102199845826041358e-01
3.954125873326483909e-01
-3.762015343547691071e-01
-8.001307270420900952e-01
1.176224003062744661e-01
8.827058389997941568e-01
-1.421057248108076321e-01
-5.118488866356951661e-01
1.217247845370869330e-01
9.344096079579248260e-01
5.727028938831971727e-01
-9.055548805844743088e-02
9.210960710953746133e-01
8.236617567784599858e-01
-2.687018930455091215e-01
-3.640931411941106255e-03
5.834613734661923123e-01
1.029113285644296660e-01
4.232873184193034488e-01
4.146830702270537516e-01
8.308295799953965277e-01
2.432544111150940491e-01
9.158037530154485850e-01
5.229645171700461059e-01
3.970567171506361737e-01
