-7.332005750136632027e-01
-4.163295662892680937e-01
4.905720900803335338e-01
-5.893827680402219382e-01
-7.381776586151471697e-01
2.503108892840703037e-01
-9.456412273426665349e-01
1.653388838772004155e-01
6.346014977468719120e-01
-3.344267732872226451e-01
-3.820284006882204708e-01
1.054526089266538680e-02
1.541351767421973440e-01
-2.764899511459726344e-01
-6.001889083698143112e-01
7.041724758069706214e-01
-1.091558484168089621e-01
6.194099055536421705e-01
-6.438062398729638147e-01
1.881484137570103299e-01
-6.599993712162213200e-01
-1.581526922220861109e-01
6.699707847885868484e-01
-5.964848481727013096e-01
7.963525442878178762e-01
2.326132569300493336e-01
-8.592345815551949428e-01
1.787407888129826095e-01
-7.060618673499791109e-01
3.579592364657575021e-01
-8.139232042161146374e-01
5.204164573856280285e-01
4.584550201723407437e-01
2.776930248333313589e-01
6.891372997879976481e-01
1.411527243987986679e-01
-5.727670347550964935e-01
9.907882472208511260e-01
8.122313189491500163e-01
1.021623361614101277e-01
-6.612664249254146531e-01
-3.408865949011857244e-01
2.278392768921383149e-01
-4.880852227752557337e-01
1.231822270541430564e-01
-5.657885669880500235e-01
5.231798202174110513e-01
-7.576620434360097356e-01
4.336196445936167376e-01
-9.184075871205957808e-01
-5.954306113713858650e-01
5.710056708994417640e-01
-1.814131838149353193e-01
-6.149897642180843782e-01
5.652057617312248317e-01
-5.985014973057186660e-01
-6.889282084958224806e-01
-1.219415435922856367e-01
-1.946300613504791666e-01
-7.994098527197115445e-01
-9.770355031687620595e-02
8.885319472470484259e-01
-2.784488409608815163e-01
1.322527527811643566e-01
-2.851243290227707394e-01
-1.093818148284747410e-01
1.751222037312711588e-01
7.158308755101361331e-01
6.911654508490183701e-04
-4.157675650208935147e-01
4.079995816132033770e-01
8.517871591349315263e-01
7.637026859269476775e-01
-4.629088967739780625e-01
-7.989170289608878983e-01
-1.517203843453551193e-01
-3.029644375035608905e-01
7.721141733837917354e-01
-6.967658846767343928e-01
8.644306112467109449e-02
-1.969825521602327489e-01
-7.204152069984577356e-01
6.502523091178422643e-01
6.808238408815171783e-02
8.245297283388476339e-01
-4.454623759073658151e-01
-5.805127756871719669e-02
8.043080912180690101e-01
7.829719134296622141e-01
-8.846937839879290832e-01
6.778787193531824462e-01
2.488285984956425945e-01
-3.491117710051012679e-01
-3.981331819135246475e-01
9.770789360675337099e-01
-7.218456294259019135e-01
-3.938643877742079580e-01
4.394858101216064794e-01
2.220801897292716820e-01
1.850023925496624422e-01
5.633246946910360764e-01
-8.214259533411051306e-01
9.907083181800412086e-02
2.572967140170928646e-01
-6.210428944675485674e-01
-5.148931697126218898e-01
-4.219029047931864285e-01
-5.910371548172210776e-02
-3.666103892230799244e-01
-4.195152818308441889e-01
3.021718213557282318e-01
7.903491377140132723e-01
4.845618160954174303e-01
-4.454726601731666680e-01
1.562271206056766726e-01
3.848681812886728393e-01
-8.738183243005591683e-01
6.297101575306114363e-01
5.877512433419014304e-01
9.290225463977360709e-01
4.278068358973277641e-01
6.099396666243125931e-02
-1.335972287260355218e-01
-6.319479480953409389e-01
4.792289278020395726e-01
4.967821336580052760e-03
1.932220133835970133e-01
-5.991706637510846312e-01
4.952541450029468439e-02
-8.844550901442540525e-01
-9.506475769829911826e-01
9.119595215725544435e-01
2.382913431549842087e-01
-1.979064281683750037e-01
-4.705419517408879759e-01
-2.823437150694195208e-01
7.590966050775513896e-01
7.466791073460943284e-01
-9.944853863315763487e-01
1.906525830350471462e-01
-2.497529470293924359e-01
6.105828913408208880e-01
-5.434253272617410868e-01
-8.487861270115937273e-02
-6.409590705356256191e-01
-3.768390429019212728e-01
4.757651075018857756e-01
-4.041047527165792519e-01
6.812666546726733330e-01
8.952143999271036101e-01
-7.846885440538743373e-01
2.315291130773211581e-01
-7.849568946709821748e-01
9.790248194687548589e-01
-9.003200358924206004e-01
6.187349962292019168e-01
-7.235107896673728112e-01
1.832183953878871452e-01
-1.932368324598550124e-01
8.406771495597681332e-01
-1.999314734750672895e-01
-9.240457051358186291e-02
1.589526511887429105e-01
4.932738286636608738e-01
1.651544094283704800e-01
-5.261777855092917289e-01
-8.771631357925627759e-01
-5.222108160856406833e-01
8.158557804320605289e-01
9.439403081016208841e-01
-9.944496088153251812e-01
6.860494593614473446e-01
1.450134095713778437e-01
-9.204756702932486156e-01
8.127188509869176514e-01
1.033674505709578639e-01
-8.434837759809820090e-01
-1.151930586861519834e-01
-1.527672139669583040e-01
9.793345769823458280e-01
-6.578568704699333525e-01
5.263901299056796823e-01
7.417789549928262005e-01
-9.543045213441221364e-01
6.243319217354710293e-01
-7.311423581940347249e-01
4.492335791168226566e-01
-9.181045247637416029e-01
-6.739659495095799979e-01
-5.794169986143592466e-01
-4.227089246284205792e-01
6.122701043354301653e-01
-9.567231906459727764e-01
6.934944755384799819e-01
-7.249129779360141690e-01
8.112255974109432444e-01
-7.019236482633337548e-01
-3.604521314357974626e-01
-6.148148228678360638e-01
2.389332624365328450e-01
7.638774304574778018e-01
-7.784240058283028452e-01
2.006685015377272230e-01
9.702135327673235832e-01
1.658139139185592636e-01
2.770463591262150027e-01
5.284854334058590730e-01
8.126814845412970723e-01
6.213909593483681881e-01
-1.296392018405882474e-01
-1.992550384858127188e-02
-6.761858021970857946e-01
4.509959354817288379e-01
-1.222407585673680325e-01
1.034987694678052295e-02
-7.600682152606736963e-01
-8.498330601678782958e-02
9.421772315163420286e-01
-8.214844683430810868e-02
9.188891053052696822e-01
-5.364504028270692393e-01
4.034549137995015466e-01
-6.467549434161674604e-01
4.900761297619093404e-01
9.981890075837460685e-01
-6.880117938769787500e-01
-2.070632069677137976e-01
-1.320958105346307088e-01
6.924159183633022963e-01
-6.330981828687731738e-01
2.677842760091766472e-01
-7.945767337110387629e-01
-5.517369124695788996e-01
-7.447715726143355752e-01
1.321597014100995005e-01
-7.356803380126076819e-01
-8.048980062660876511e-02
5.429460487712700623e-03
4.748228728234344387e-01
-8.569984091243647573e-01
-3.187624525603159342e-01
3.954125873326483909e-01
-3.762015343547691071e-01
7.448919466118000265e-01
-1.727360708381242560e-02
8.739040598849862063e-01
-6.322393060497755179e-04
-5.118488866356951661e-01
1.226108770738922465e-01
9.341650551478184461e-01
-6.583698582521826381e-01
-1.777679913368406528e-01
9.210960710953746133e-01
-7.037203539398095842e-01
-3.997254373784546178e-01
-3.836702490796580454e-03
5.834613734661923123e-01
1.029113285644296660e-01
4.232873184193034488e-01
4.122025684540983059e-01
8.304261161427639593e-01
3.006792339163878447e-01
8.326214367832585062e-01
5.549709902179452703e-01
3.976247944099726706e-01
