-7.332005750136632027e-01
-4.163295662892680937e-01
4.905720900803335338e-01
-5.894396514149894406e-01
-7.381776586151471697e-01
2.597928951020887500e-01
-9.456412273426665349e-01
1.653388838772004155e-01
6.346014977468719120e-01
-3.344267732872226451e-01
-3.820284006882204708e-01
4.121970449461970221e-03
1.541351767421973440e-01
-2.766391879787082897e-01
-6.001889083698143112e-01
-5.702605683277477411e-01
-1.091654898343938918e-01
6.194099055536421705e-01
-6.438062398729638147e-01
1.668616106298279333e-01
-6.766699495139051335e-01
-1.581526922220861109e-01
6.699707847885868484e-01
-6.116035178373239178e-01
7.963662603186124622e-01
2.326132569300493336e-01
-8.592345815551949428e-01
1.787407888129826095e-01
-7.060618673499791109e-01
3.594125446830721549e-01
-8.139232042161146374e-01
5.204164573856280285e-01
4.584550201723407437e-01
2.776930248333313589e-01
6.891372997879976481e-01
1.411527243987986679e-01
-5.727670347550964935e-01
9.907882472208511260e-01
8.122148132824551503e-01
1.021623361614101277e-01
-6.614581478899671518e-01
-3.408865949011857244e-01
2.281386828174720438e-01
-4.870731994249103414e-01
2.844939497648105720e-01
-5.657885760894129090e-01
5.231798202174110513e-01
-7.576620434360097356e-01
4.323674432987610339e-01
-9.209323228483973223e-01
-5.954306113713858650e-01
5.710056708994417640e-01
-2.713507887734626367e-01
-6.155902130172096198e-01
5.652057617312248317e-01
-5.985014973057186660e-01
-6.889282084958224806e-01
-1.154702465335869371e-01
-1.946300613504791666e-01
-7.994098527197115445e-01
-9.770355031687620595e-02
8.883468601329551628e-01
-2.535959393561185160e-01
1.134238675510913230e-01
-2.851243290227707394e-01
-1.071283713250126557e-01
1.751412692887860389e-01
7.164914475442047959e-01
6.911654508490183701e-04
-1.101412090727951210e-01
4.079995816132033770e-01
8.527160651128046220e-01
7.637026859269476775e-01
-5.233683103094574074e-01
-7.989170289608878983e-01
-1.517203843453551193e-01
-4.298867855467323196e-01
7.721141733837917354e-01
-6.967176792806840657e-01
7.946945158727303227e-02
-1.969825521602327489e-01
-7.204152069984577356e-01
6.502523091178422643e-01
6.911432301364475728e-02
8.245297283388476339e-01
-4.452219744165142323e-01
-5.693479261799681140e-02
8.052653058247610796e-01
7.825772975039688717e-01
-8.846937839879290832e-01
6.778787193531824462e-01
2.874636119885186081e-01
-3.491117710051012679e-01
-4.249957758917135009e-01
9.740708308198221532e-01
-7.218456294259019135e-01
-3.938643877742079580e-01
4.393545638045933122e-01
2.220801897292716820e-01
1.844647657467668733e-01
5.635736439335363723e-01
-8.214259533411051306e-01
8.863469003651948397e-02
2.572967140170928646e-01
-6.210428944675485674e-01
-5.148931697126218898e-01
-4.219029047931864285e-01
-5.910371548172210776e-02
-3.683382495952677860e-01
-4.195152818308441889e-01
3.021718213557282318e-01
7.903491377140132723e-01
4.844613624521666440e-01
-4.454726601731666680e-01
4.914756397866194559e-01
3.849844693935117745e-01
-8.351676774288457894e-01
6.297101575306114363e-01
8.243964117059271457e-01
8.739393805302723139e-01
4.278068358973277641e-01
7.500031321989752975e-02
-1.199996000683314357e-01
-6.319478695154053804e-01
4.792289278020395726e-01
6.527961245321817207e-01
1.932220133835970133e-01
-5.991706637510846312e-01
4.952541450029468439e-02
-8.766508838060893538e-01
-9.507944201910119020e-01
9.058092073153813928e-01
2.382913431549842087e-01
-1.979064281683750037e-01
-4.749174686261100620e-01
-2.948286151740023842e-01
7.590966050775513896e-01
8.652263653639769014e-01
-9.994207905673574421e-01
7.916584503576766518e-02
8.224011408470232043e-01
6.105828913408208880e-01
-5.434253272617410868e-01
1.976458669197394546e-01
-6.414539358539345093e-01
9.279361337498537310e-01
4.748761022691871947e-01
-4.041047527165792519e-01
6.784182604658360871e-01
8.952143999271036101e-01
-7.847497829178727846e-01
2.124460070973188119e-01
6.576054194195610769e-01
9.790248194687548589e-01
-8.986657365453437629e-01
6.187355566235985815e-01
-7.235107896673728112e-01
1.832183953878871452e-01
-1.926784550993038969e-01
8.406771495597681332e-01
-1.999314734750672895e-01
-1.011773713446752765e-01
1.589526511887429105e-01
4.932738286636608738e-01
1.651544094283704800e-01
-5.261853670249287962e-01
-8.771631357925627759e-01
-5.222108160856406833e-01
8.157800714225494909e-01
9.439403081016208841e-01
-9.884762129704764977e-01
6.710332620336693088e-01
1.467265909093931897e-01
-9.204696344574708755e-01
8.091259834693360631e-01
1.033674505709578639e-01
-8.434837759809820090e-01
-1.151930586861519834e-01
-2.573986160708501836e-01
9.750674931490381780e-01
-6.578568704699333525e-01
5.263901299056796823e-01
-4.140561892608665140e-01
-9.543045213441221364e-01
6.243319217354710293e-01
-7.311423581940347249e-01
5.178609716026589815e-01
-9.181101032197560574e-01
-6.739659495095799979e-01
-5.794169986143592466e-01
-3.276163081165714419e-02
6.136210395957421015e-01
-8.557553063900329438e-01
7.268994694830986925e-01
-7.678137145927421692e-01
8.294608309870511453e-01
-7.271901071553172891e-01
-3.604521314357974626e-01
-6.148148228678360638e-01
2.389332624365328450e-01
7.452811128886347447e-01
-7.720151194082265356e-01
2.006685015377272230e-01
7.070730588913358705e-01
1.658139139185592636e-01
2.770463591262150027e-01
5.284854334058590730e-01
8.126814845412970723e-01
6.213909593483681881e-01
-1.296858873511366195e-01
-1.992550384858127188e-02
-6.759807578455451216e-01
4.509959354817288379e-01
-1.002673979045486108e-01
1.034987694678052295e-02
-7.509376267156835372e-01
-8.498330601678782958e-02
9.417765014238926868e-01
-8.160132560603571006e-02
9.189221389503653414e-01
-5.363772703035655232e-01
4.034297474684309104e-01
-6.467549434161674604e-01
4.900761297619093404e-01
9.981890075837460685e-01
-7.026376475349060957e-01
-1.945896994480371955e-01
-5.481886808182732940e-02
6.904619268928688935e-01
-6.330981828687731738e-01
2.677842760091766472e-01
-8.312147475449233047e-01
-5.454362220408945916e-01
-8.913052448154554774e-01
1.321597014100995005e-01
-7.272037566148964460e-01
-8.790713008135292439e-02
4.050613609623468676e-03
4.748253954214554096e-01
-8.569984091243647573e-01
-3.180692099694069075e-01
3.954125873326483909e-01
-3.762015343547691071e-01
7.603757509946807991e-01
-1.727360708381242560e-02
8.826685600784031083e-01
6.848980673885219916e-01
-5.118488866356951661e-01
1.111832829618718266e-01
9.341650551478184461e-01
-4.738210610052611127e-01
-1.777679913368406528e-01
9.210960710953746133e-01
-7.135488433317870305e-01
-3.995031365214093966e-01
-3.637245559748221620e-03
5.834613734661923123e-01
1.028083613219187981e-01
4.232873184193034488e-01
4.122025684540983059e-01
8.303796899214055394e-01
2.747241416484304533e-01
8.247259741181127701e-01
5.549709902179452703e-01
3.977852538311137387e-01
