-7.332005750136632027e-01
-4.163295662892680937e-01
4.905720900803335338e-01
-5.894322162433612844e-01
-7.381776586151471697e-01
2.510981680770495439e-01
-9.456412273426665349e-01
1.653388838772004155e-01
6.373273407832044102e-01
-3.344267732872226451e-01
-3.820284006882204708e-01
3.764038699038600808e-03
1.541351767421973440e-01
-2.766390974039215633e-01
-6.001889083698143112e-01
-5.681641813079439940e-01
-1.091654898343938918e-01
6.194099055536421705e-01
-6.438062398729638147e-01
1.668616106298279333e-01
-6.760319062053847805e-01
-1.420965444471803396e-01
6.699707847885868484e-01
-6.112011485634827324e-01
7.963675940924503927e-01
2.326132569300493336e-01
-8.592345815551949428e-01
1.787407888129826095e-01
-7.060618673499791109e-01
3.594123319933703042e-01
-8.139232042161146374e-01
5.204164573856280285e-01
4.584550201723407437e-01
2.776930248333313589e-01
6.891372997879976481e-01
1.411527243987986679e-01
-5.727670347550964935e-01
9.907882472208511260e-01
8.122148132824551503e-01
1.021623361614101277e-01
-6.581539016667176112e-01
-4.761299045450264611e-01
2.281832251131038769e-01
-4.870731994249103414e-01
2.844939497648105720e-01
-5.657887371839978030e-01
5.231798202174110513e-01
-7.585253497831091485e-01
4.323691410242251898e-01
-9.209323228483973223e-01
-5.954306113713858650e-01
5.710056708994417640e-01
-2.716118196042377475e-01
-6.155902130172096198e-01
5.652057617312248317e-01
-5.985014973057186660e-01
-6.889282084958224806e-01
-1.154702465335869371e-01
-1.946300613504791666e-01
-7.994098527197115445e-01
-9.770355031687620595e-02
8.883212962948854319e-01
-2.559329306039790364e-01
1.154440765188959328e-01
-2.851243290227707394e-01
-1.071283713250126557e-01
1.751588656389754806e-01
7.164785916711526870e-01
6.911654508490183701e-04
5.942305208262188554e-01
4.079995816132033770e-01
8.527143825888027218e-01
6.760205675123261981e-01
-5.233683103094574074e-01
-7.989170289608878983e-01
-9.671014816249071111e-02
-4.307560886058412475e-01
7.721141733837917354e-01
-6.967872766157875430e-01
7.946945158727303227e-02
-1.969825521602327489e-01
-7.204152069984577356e-01
6.488677700417657679e-01
6.911540151035429347e-02
8.245297283388476339e-01
-4.452219744165142323e-01
-5.693294183012315851e-02
8.052653058247610796e-01
7.822645628547653107e-01
-8.846937839879290832e-01
6.778787193531824462e-01
-1.439355859858994502e-01
-3.491117710051012679e-01
-4.249957758917135009e-01
9.740708308198221532e-01
-7.218456294259019135e-01
-3.938643877742079580e-01
4.393578316997946431e-01
2.220801897292716820e-01
1.844717912324410902e-01
5.635736439335363723e-01
-8.214259533411051306e-01
8.863469003651948397e-02
2.572953185676519761e-01
-6.210428944675485674e-01
-5.148931697126218898e-01
-4.219029047931864285e-01
-5.876760394092344492e-02
-3.683392885017223173e-01
1.715977220339700571e-01
3.021718213557282318e-01
7.903491377140132723e-01
4.851179612396090413e-01
-2.509118972780826629e-01
4.914756397866194559e-01
3.849837318363543703e-01
-8.351673606575570341e-01
6.297101575306114363e-01
6.032726598213170588e-01
8.740047296639354979e-01
4.222364566829066579e-01
7.500031472965061619e-02
-1.202310041633445764e-01
-6.319479652025158378e-01
4.792289278020395726e-01
-2.090095077046537630e-01
1.932220133835970133e-01
-5.991706637510846312e-01
4.952541450029468439e-02
-8.766508484680768376e-01
-9.507944201910119020e-01
9.068164496660913176e-01
2.382913431549842087e-01
-1.902687484864762357e-01
-4.750119353477810225e-01
-2.948329072061170453e-01
7.590966050775513896e-01
8.652260824598347888e-01
-9.937651640767461991e-01
7.919338523362680349e-02
8.873599517534858094e-01
6.105828913408208880e-01
-5.434253272617410868e-01
-8.549764945151748508e-02
-6.414539181712286542e-01
9.279361337498537310e-01
4.837779122125043241e-01
-4.041047527165792519e-01
6.787488479802877839e-01
8.952143999271036101e-01
-7.846789133706613129e-01
2.124455327446585495e-01
6.576054194195610769e-01
9.790248194687548589e-01
-8.986657365453437629e-01
6.187355458604855141e-01
-7.235107896673728112e-01
1.832183953878871452e-01
-1.926784550993038969e-01
8.406771495597681332e-01
-1.999314734750672895e-01
-1.011773713446752765e-01
1.589526511887429105e-01
4.932738286636608738e-01
1.651544094283704800e-01
-5.261853670249287962e-01
-8.771631357925627759e-01
-5.222108160856406833e-01
8.166083652207565269e-01
9.439403081016208841e-01
-9.885623784521354596e-01
6.714689867751746366e-01
1.467294001945701754e-01
-9.203678470541961643e-01
8.089898755980385880e-01
1.033674505709578639e-01
-8.434837759809820090e-01
-1.151930586861519834e-01
-2.645992151701941353e-01
9.750674931490381780e-01
-6.578568704699333525e-01
5.263901299056796823e-01
-4.140561892608665140e-01
-9.543045213441221364e-01
6.243319217354710293e-01
-7.311423581940347249e-01
5.181415824502731970e-01
-9.181100507007942113e-01
-6.739659495095799979e-01
-5.794169986143592466e-01
-3.273443326050344548e-02
6.136215962540955138e-01
-8.557553063900329438e-01
6.931173705921336303e-01
-7.678137145927421692e-01
8.294781351480833287e-01
-7.272032769168743638e-01
-3.604521314357974626e-01
-6.148148228678360638e-01
2.389332624365328450e-01
7.452811128886347447e-01
-7.720151194082265356e-01
2.006685015377272230e-01
7.070730588913358705e-01
1.658139139185592636e-01
2.770463591262150027e-01
5.284854334058590730e-01
8.126814845412970723e-01
6.213909593483681881e-01
-1.296858850460018697e-01
-1.992550384858127188e-02
-6.759969876829280411e-01
4.509959354817288379e-01
-1.002673979045486108e-01
1.034987694678052295e-02
-7.509376267156835372e-01
-8.498330601678782958e-02
9.417765014238926868e-01
-8.160129080288353043e-02
9.189219191206497994e-01
-5.363772703035655232e-01
3.200119017342831773e-01
-6.467549434161674604e-01
4.900761297619093404e-01
9.981890075837460685e-01
-7.025581346894816948e-01
-1.945896994480371955e-01
-5.481886808182732940e-02
6.928469685634643938e-01
-6.330981828687731738e-01
2.677842760091766472e-01
-8.313798782988415237e-01
-5.454910576929835608e-01
-8.913052448154554774e-01
1.321597014100995005e-01
-7.272964068058258569e-01
-8.783906036429758868e-02
4.050613609623468676e-03
4.748254145227698286e-01
-8.569984091243647573e-01
-3.180689248389667600e-01
3.954125873326483909e-01
-3.762015343547691071e-01
7.603757509946807991e-01
-1.727360708381242560e-02
8.827058389997941568e-01
6.848980673885219916e-01
-5.118488866356951661e-01
1.111832829605118866e-01
9.341650551478184461e-01
-4.737804055066847653e-01
-1.777679913368406528e-01
9.210960710953746133e-01
-7.135605496735165643e-01
-3.995052721543670415e-01
-3.634864556046485569e-03
5.834613734661923123e-01
1.028167845811976816e-01
4.232873184193034488e-01
4.122025684540983059e-01
8.303796899214055394e-01
2.675506460154629118e-01
8.333864030821103164e-01
5.549709902179452703e-01
3.977850035449469468e-01
