-7.332005750136632027e-01
-4.163295662892680937e-01
4.905720900803335338e-01
-5.894331494172293517e-01
-7.381776586151471697e-01
2.308638334496912470e-01
-9.456412273426665349e-01
1.653388838772004155e-01
6.374812742667264054e-01
-3.344267732872226451e-01
-3.820284006882204708e-01
3.834529489692450367e-03
1.541351767421973440e-01
-2.766394933935987233e-01
-6.001889083698143112e-01
-5.700201401470980089e-01
-1.091654898343938918e-01
6.194099055536421705e-01
-6.438062398729638147e-01
1.668616106298279333e-01
-6.760601902618089687e-01
-1.581526922220861109e-01
6.699707847885868484e-01
-6.111847014801409239e-01
7.963677781924687338e-01
2.326132569300493336e-01
-8.592345815551949428e-01
1.787407888129826095e-01
-7.060618673499791109e-01
3.594123933270125248e-01
-8.139232042161146374e-01
5.204164573856280285e-01
4.584550201723407437e-01
2.961371862499809771e-01
6.891372997879976481e-01
8.036820731862603928e-02
-5.727670347550964935e-01
9.907882472208511260e-01
8.122148089977231367e-01
1.021623361614101277e-01
-6.860114172445315184e-01
-4.759689806411968038e-01
2.357126178258570626e-01
-4.870731994249103414e-01
2.843798411772365808e-01
-5.657887406597674751e-01
5.231798202174110513e-01
-7.446352114307778214e-01
4.325621121414802150e-01
-9.209881538051369887e-01
-5.954306113713858650e-01
5.710056708994417640e-01
-2.713130384454249810e-01
-6.155912496293528546e-01
5.652057617312248317e-01
-5.985014973057186660e-01
-6.889282084958224806e-01
-1.154702465335869371e-01
-1.946300613504791666e-01
-7.994098527197115445e-01
-9.770355031687620595e-02
8.883469233012412092e-01
-2.559677546400181414e-01
1.154561715153651358e-01
-2.851243290227707394e-01
-1.071283713250126557e-01
1.751250172357358970e-01
7.164785907541270094e-01
6.911654508490183701e-04
-1.626784770391985838e-02
4.079995816132033770e-01
8.527163289608226115e-01
6.760748036364995217e-01
-5.373172579591546372e-01
-7.989170289608878983e-01
-9.721687282671696850e-02
-4.298867855467323196e-01
7.721141733837917354e-01
-6.967849154476888351e-01
7.946945158727303227e-02
-1.969825521602327489e-01
-7.204152069984577356e-01
6.186798848432235598e-01
6.911500656630271966e-02
8.245297283388476339e-01
-4.452256377319390168e-01
-5.693297619728192316e-02
8.052653058247610796e-01
7.822778595824072534e-01
-8.846937839879290832e-01
6.778787193531824462e-01
-1.428548760339921897e-01
-3.491117710051012679e-01
-4.249957758917135009e-01
9.742414466061708467e-01
-7.218456294259019135e-01
-3.938643877742079580e-01
4.250665142297920251e-01
2.220801897292716820e-01
1.844717912324410902e-01
5.633463571289760718e-01
-8.214259533411051306e-01
8.863469003723103978e-02
2.572514322082397054e-01
-6.210428944675485674e-01
-5.148931697126218898e-01
-4.219029047931864285e-01
-5.875930710016371433e-02
-3.657760007065876118e-01
1.627179980938343595e-01
3.021718213557282318e-01
7.903491377140132723e-01
4.849035507495553787e-01
-4.605811061658735550e-01
4.914756397866194559e-01
3.849844625914390361e-01
-8.351464851597339978e-01
6.297101575306114363e-01
5.929227363429735442e-01
8.739393077792654285e-01
6.378505813904683519e-01
7.500031481106704534e-02
-1.202014782889957167e-01
-6.319475641363571095e-01
4.792289278020395726e-01
-1.165006277596974393e-01
1.932220133835970133e-01
-5.991706637510846312e-01
4.952541450029468439e-02
-8.766508094271049378e-01
-9.507891597503828063e-01
9.067524921354166434e-01
2.382913431549842087e-01
-6.952364282127206085e-02
-4.753026312964888644e-01
-2.948286086020442398e-01
7.590966050775513896e-01
8.652234910289255954e-01
-9.930510389388402803e-01
7.878025291142475017e-02
8.873582176482668338e-01
6.105828913408208880e-01
-5.434253272617410868e-01
-8.565791069445448380e-02
-6.414539255614020163e-01
9.279361337498537310e-01
4.837691571829881854e-01
-4.041047527165792519e-01
6.787488479802877839e-01
8.952143999271036101e-01
-7.846867472774118335e-01
2.124459536180236252e-01
6.576054194195610769e-01
9.790248194687548589e-01
-8.951872691752792432e-01
6.187355436381245521e-01
-7.235107896673728112e-01
1.801871646713311959e-01
-1.926784550993038969e-01
8.406771495597681332e-01
-1.999314734750672895e-01
-1.011773713446752765e-01
1.589526511887429105e-01
4.932738286636608738e-01
1.651544094283704800e-01
-5.261853772654098149e-01
-8.771631357925627759e-01
-5.222108160856406833e-01
8.070274686689294930e-01
9.439403081016208841e-01
-9.884633853338009590e-01
6.710332620336693088e-01
1.467296173803770420e-01
-9.203678470541961643e-01
8.091225295072593804e-01
1.033674505709578639e-01
-8.434837759809820090e-01
-1.151930586861519834e-01
-2.666035530036407475e-01
9.745683540343935691e-01
-6.578568704699333525e-01
5.263901299056796823e-01
-4.140561892608665140e-01
-9.543045213441221364e-01
6.243319217354710293e-01
-7.311423581940347249e-01
5.178235213086073152e-01
-9.181100507007942113e-01
-6.739659495095799979e-01
-5.794169986143592466e-01
-3.311594666268936893e-02
6.136210914422741691e-01
-8.554364908118701205e-01
7.328096010821663064e-01
-9.568526701109858479e-01
8.290230245759346861e-01
-7.272033568624479694e-01
-3.604521314357974626e-01
-6.148148228678360638e-01
2.389332624365328450e-01
7.452820358697099801e-01
-7.720151194082265356e-01
2.006685015377272230e-01
7.075652760495935167e-01
1.658139139185592636e-01
2.770463591262150027e-01
5.284854334058590730e-01
8.126814845412970723e-01
6.213909593483681881e-01
-1.296858850240453775e-01
-1.992550384858127188e-02
-6.759970348641264337e-01
4.509959354817288379e-01
-1.023503789602353553e-01
1.034987694678052295e-02
-5.579876426616815488e-01
-8.498330601678782958e-02
9.417765014238926868e-01
-8.238778549951075725e-02
9.189219270350127422e-01
-5.363772703035655232e-01
3.274583695415776985e-01
-6.467549434161674604e-01
4.900761297619093404e-01
9.981890075837460685e-01
-7.026487253709235992e-01
-1.945896994480371955e-01
-5.495786739411850225e-02
6.903238092085698385e-01
-6.330981828687731738e-01
2.677842760091766472e-01
-8.788845480933129561e-01
-5.454910700908569554e-01
-8.913052448154554774e-01
1.321597014100995005e-01
-7.290737371184815574e-01
-8.796662835813393033e-02
4.050613609623468676e-03
4.748254161122210104e-01
-8.569984091243647573e-01
-3.180718760702314629e-01
3.954125873326483909e-01
-3.762015343547691071e-01
7.603757509946807991e-01
-1.727360708381242560e-02
8.827059172991822411e-01
6.848980673885219916e-01
-5.118488866356951661e-01
1.111832925682540024e-01
9.341650551478184461e-01
-4.738074004899524572e-01
-1.777679913368406528e-01
9.210960710953746133e-01
-7.135439697423658911e-01
-3.995031365214093966e-01
-3.637146444291399199e-03
5.834613734661923123e-01
1.028168246410439413e-01
4.232873184193034488e-01
4.122025684540983059e-01
8.303796899214055394e-01
2.552708492108702321e-01
8.328192058775565343e-01
5.549709902179452703e-01
3.977852552940260300e-01
