-7.332005750136632027e-01
-4.163295662892680937e-01
4.905720900803335338e-01
-5.894386441510897079e-01
-7.381776586151471697e-01
2.309890327820810774e-01
-9.456412273426665349e-01
1.653388838772004155e-01
6.374897446186748029e-01
-3.344267732872226451e-01
-3.820284006882204708e-01
3.844967742235079304e-03
1.562859561199714808e-01
-2.766394864111338947e-01
-6.001889083698143112e-01
-5.679044364075617191e-01
-1.091654898343938918e-01
6.194099055536421705e-01
-6.438062398729638147e-01
1.668616106298279333e-01
-6.760388517823898713e-01
-1.581526922220861109e-01
6.699707847885868484e-01
-6.111827568515723064e-01
7.963677526218094771e-01
2.326132569300493336e-01
-8.592345815551949428e-01
1.787407888129826095e-01
-7.060618673499791109e-01
3.594124083625669930e-01
-8.139232042161146374e-01
5.204164573856280285e-01
4.584550201723407437e-01
2.977862913321652205e-01
6.891372997879976481e-01
1.411527243987986679e-01
-5.727670347550964935e-01
9.907882472208511260e-01
7.343464983342995467e-01
1.021623361614101277e-01
-6.829551863939210543e-01
-4.768175128377314942e-01
2.270370771053699943e-01
-4.930485511819642230e-01
2.846661950069252489e-01
-5.657887444286596734e-01
5.231798202174110513e-01
-7.425049638598850699e-01
4.333921063759790804e-01
-9.209954088271212758e-01
-5.954306113713858650e-01
5.710056708994417640e-01
-2.713651018214799926e-01
-6.155897709158553166e-01
5.652057617312248317e-01
-5.985014973057186660e-01
-6.889282084958224806e-01
-1.154702465335869371e-01
-1.946300613504791666e-01
-7.994098527197115445e-01
-9.770355031687620595e-02
8.883278319471629159e-01
-2.559663161861764902e-01
1.154559067931083122e-01
-2.851243290227707394e-01
-1.071283713250126557e-01
1.751242972034603995e-01
7.164807511441791954e-01
6.911654508490183701e-04
-1.620948457726029135e-02
4.079995816132033770e-01
8.527006857678348650e-01
6.760761994583280865e-01
-5.071050683844080531e-01
-7.989170289608878983e-01
-9.720754892316418871e-02
-4.159794917108929346e-01
7.721141733837917354e-01
-6.967650930485702609e-01
7.883767853941761605e-02
-1.969825521602327489e-01
-7.204152069984577356e-01
6.238471925517609096e-01
6.911498826503501003e-02
8.245297283388476339e-01
-4.452280969002307409e-01
-5.693291472195036867e-02
8.052653058247610796e-01
7.822839504154888157e-01
-8.846937839879290832e-01
5.791384088988488221e-01
-1.426903653179864284e-01
-3.491117710051012679e-01
-4.249957758917135009e-01
9.753618872542305640e-01
-7.218456294259019135e-01
-3.938643877742079580e-01
4.172796292711207222e-01
2.220801897292716820e-01
1.844717912324410902e-01
5.633463571289760718e-01
-8.214259533411051306e-01
8.863469003729974871e-02
2.572580296904276032e-01
-6.210428944675485674e-01
-5.148931697126218898e-01
-4.219029047931864285e-01
-5.911321844746159765e-02
-3.497230663953430629e-01
1.641669030956778019e-01
3.021718213557282318e-01
7.903491377140132723e-01
4.848856582581336783e-01
-4.645775241195931882e-01
4.914756397866194559e-01
3.849829643028398474e-01
-8.368234833993665189e-01
6.265288369727113338e-01
6.828369684852182431e-01
8.739393077792654285e-01
6.287347013836400711e-01
7.500031341249441263e-02
-1.202017192781205529e-01
-6.319475641363571095e-01
4.792289278020395726e-01
-1.921253103454155231e-01
1.932220133835970133e-01
-5.991706637510846312e-01
4.952541450029468439e-02
-8.766524041932559630e-01
-9.508086362964704996e-01
9.067256084443864328e-01
2.382913431549842087e-01
-6.337320802373380690e-02
-4.752772868876892209e-01
-2.948286088880486822e-01
7.590966050775513896e-01
8.652208762046189605e-01
-9.931078262523407307e-01
7.880525504283851512e-02
8.946625853612399926e-01
6.105828913408208880e-01
-5.434253272617410868e-01
-8.565142136524767080e-02
-6.414539258712022018e-01
9.279361337498537310e-01
4.837937001165506512e-01
-4.041047527165792519e-01
6.787488479802877839e-01
8.952143999271036101e-01
-7.846771723313017421e-01
2.124459500610205165e-01
6.576086216739538415e-01
9.790248194687548589e-01
-9.194946144689070122e-01
6.187355457882317555e-01
-7.235107896673728112e-01
1.801871646713311959e-01
-1.926784550993038969e-01
8.406771495597681332e-01
-1.999314734750672895e-01
-1.011773713446752765e-01
1.589526511887429105e-01
4.932738286636608738e-01
1.651544094283704800e-01
-5.261853782186364237e-01
-8.771631357925627759e-01
-5.222108160856406833e-01
8.070274686689294930e-01
9.439403081016208841e-01
-9.884613982071654981e-01
6.710337591841156746e-01
1.467266452370292740e-01
-9.203678470541961643e-01
8.091228604273223990e-01
1.033674505709578639e-01
-8.434837759809820090e-01
-1.151930586861519834e-01
-2.565367442163108969e-01
9.745669735533057931e-01
-6.578568704699333525e-01
5.263901299056796823e-01
-4.140561892608665140e-01
-9.543045213441221364e-01
6.243319217354710293e-01
-7.311423581940347249e-01
5.178881495173197624e-01
-9.181100507007942113e-01
-6.739659495095799979e-01
-5.794169986143592466e-01
-3.285800772378993928e-02
6.136229325880317997e-01
-8.569192685109968677e-01
7.321291767215513113e-01
-9.566443440515320917e-01
8.290692799551329095e-01
-7.268756474013697844e-01
-3.604521314357974626e-01
-6.148148228678360638e-01
2.389332624365328450e-01
7.452855756488238059e-01
-7.720151194082265356e-01
2.006685015377272230e-01
7.032330533028835484e-01
1.658139139185592636e-01
2.770463591262150027e-01
5.284854334058590730e-01
8.126814845412970723e-01
6.213909593483681881e-01
-1.029546811324556499e-01
-1.992550384858127188e-02
-6.759969968414546448e-01
4.509959354817288379e-01
-8.201017816738918886e-02
1.034987694678052295e-02
-5.611596286722074778e-01
-8.498330601678782958e-02
9.417765014238926868e-01
-8.238778549951075725e-02
9.189219110698085835e-01
-5.363772703035655232e-01
3.274551358885281482e-01
-6.467549434161674604e-01
4.358575573388331903e-01
9.981890075837460685e-01
-7.026357340668644147e-01
-1.945896994480371955e-01
-5.539409774762459049e-02
6.903238092085698385e-01
-6.330981828687731738e-01
2.677842760091766472e-01
-8.398866291110979043e-01
-5.454915765797042626e-01
-8.913052448154554774e-01
1.321597014100995005e-01
-7.289004980974428394e-01
-8.746026656384026099e-02
4.050613609623468676e-03
4.748253720536909084e-01
-8.569984091243647573e-01
-3.180719445910932808e-01
3.954125873326483909e-01
-3.762015343547691071e-01
7.603757509946807991e-01
-1.727360708381242560e-02
8.826978365539145388e-01
6.848980673885219916e-01
-5.118488866356951661e-01
1.111832827603876500e-01
9.341650551478184461e-01
-4.738203027673829615e-01
-1.777679913368406528e-01
9.210960710953746133e-01
-7.135491926771153626e-01
-3.995031860681863001e-01
-3.634740137949005970e-03
5.834613734661923123e-01
1.028168300193391810e-01
4.232873184193034488e-01
4.122025684540983059e-01
8.303796899214055394e-01
2.554235522436099082e-01
8.331719643376405138e-01
5.549709902179452703e-01
3.977852474380401127e-01
