-7.332005750136632027e-01
-4.163295662892680937e-01
4.905720900803335338e-01
-5.894396514149894406e-01
-7.381776586151471697e-01
2.308638334496912470e-01
-9.456412273426665349e-01
1.653388838772004155e-01
6.372254801946949376e-01
-3.344267732872226451e-01
-3.820284006882204708e-01
1.138580975223595776e-02
1.541351767421973440e-01
-2.766392924076046533e-01
-6.001889083698143112e-01
-5.702605683277477411e-01
-1.091654898343938918e-01
6.194099055536421705e-01
-6.438062398729638147e-01
1.668616106298279333e-01
-6.759902481563981880e-01
-1.581526922220861109e-01
6.699707847885868484e-01
-6.115491110222065485e-01
7.963677299118328001e-01
2.326132569300493336e-01
-8.592345815551949428e-01
1.787407888129826095e-01
-7.060618673499791109e-01
3.594125446830721549e-01
-7.959422434807066349e-01
5.204164573856280285e-01
4.584550201723407437e-01
2.776930248333313589e-01
6.891372997879976481e-01
1.411527243987986679e-01
-5.727670347550964935e-01
9.907882472208511260e-01
8.122147537159917219e-01
1.021623361614101277e-01
-6.611483699978750739e-01
-4.768064859429012037e-01
2.281386828174720438e-01
-4.870731994249103414e-01
1.420128285360354181e-01
-5.657885705599459136e-01
5.231798202174110513e-01
-7.423478962977219098e-01
4.335945596015455261e-01
-9.209954088271212758e-01
-5.954306113713858650e-01
5.710056708994417640e-01
-2.568861023034544333e-01
-6.155716360370085960e-01
5.652057617312248317e-01
-5.985014973057186660e-01
-6.889282084958224806e-01
-1.154702465335869371e-01
-1.946300613504791666e-01
-7.994098527197115445e-01
-9.770355031687620595e-02
8.883466473842540623e-01
-2.559285839168987109e-01
1.153202265224737844e-01
-2.851243290227707394e-01
-1.071283713250126557e-01
1.751235006162741303e-01
7.166174009323132976e-01
6.911654508490183701e-04
-1.101412090727951210e-01
4.079995816132033770e-01
8.527002753799389767e-01
7.603467677201101171e-01
-4.189329636989727046e-01
-7.989170289608878983e-01
-1.039970381590677173e-01
-4.298867855467323196e-01
7.721141733837917354e-01
-6.967653015438501907e-01
7.946945158727303227e-02
-1.969825521602327489e-01
-7.204152069984577356e-01
6.239274175014628554e-01
6.911499767277555495e-02
8.245297283388476339e-01
-4.452257782236714867e-01
-5.693297319995248990e-02
8.052653058247610796e-01
7.813386010134645288e-01
-8.846937839879290832e-01
6.778787193531824462e-01
-1.624107340495195284e-01
-3.491117710051012679e-01
-4.249957758917135009e-01
9.941499835299404397e-01
-7.218456294259019135e-01
-3.938643877742079580e-01
4.393590458715984082e-01
2.220801897292716820e-01
1.844717912324410902e-01
5.633443599578344951e-01
-8.214259533411051306e-01
8.863469003649653011e-02
2.573108581249822779e-01
-6.210428944675485674e-01
-5.148931697126218898e-01
-4.219029047931864285e-01
-5.909093767512851175e-02
-3.683382495952677860e-01
1.715977220339700571e-01
3.021718213557282318e-01
7.903491377140132723e-01
4.847825426369981039e-01
-4.454726601731666680e-01
4.914756397866194559e-01
3.849834341790159820e-01
-8.364682736184574363e-01
6.297101575306114363e-01
7.908747378672335016e-01
8.748386893047281898e-01
6.421546875666357401e-01
7.500031321989752975e-02
-1.202033185628842427e-01
-6.319470425377390344e-01
4.792289278020395726e-01
6.527961245321817207e-01
1.932220133835970133e-01
-5.991706637510846312e-01
4.952541450029468439e-02
-8.767233067344446518e-01
-9.509535769389535487e-01
9.046079631539635235e-01
2.382913431549842087e-01
-6.400753264142591825e-02
-4.753032868476174122e-01
-2.948286151740023842e-01
7.590966050775513896e-01
8.652905439106413077e-01
-9.930409730027374149e-01
7.878960288801185874e-02
8.126188535157818915e-01
6.105828913408208880e-01
-5.434253272617410868e-01
-8.564404281770236771e-02
-6.414539350583647881e-01
9.279361337498537310e-01
4.837942112594892374e-01
-4.041047527165792519e-01
6.787488479802877839e-01
8.952143999271036101e-01
-7.847518021460196946e-01
2.124460070973188119e-01
6.576054194195610769e-01
9.790248194687548589e-01
-8.771254728370970755e-01
6.187355531163349909e-01
-7.235107896673728112e-01
2.137592668161063802e-01
-1.926784550993038969e-01
8.406771495597681332e-01
-1.999314734750672895e-01
-1.011773713446752765e-01
1.589526511887429105e-01
4.932738286636608738e-01
1.651544094283704800e-01
-5.261853670249287962e-01
-8.771631357925627759e-01
-5.222108160856406833e-01
8.206529502950269395e-01
9.439403081016208841e-01
-9.885765488722306760e-01
6.710332620336693088e-01
1.467275242803377511e-01
-9.203678470541961643e-01
8.091259834693360631e-01
1.033674505709578639e-01
-8.434837759809820090e-01
-1.151930586861519834e-01
-2.651178855147652835e-01
9.791690564115432815e-01
-6.578568704699333525e-01
5.263901299056796823e-01
-4.140561892608665140e-01
-9.543045213441221364e-01
6.243319217354710293e-01
-7.311423581940347249e-01
5.178609658265627136e-01
-9.181100507007942113e-01
-6.739659495095799979e-01
-5.794169986143592466e-01
-2.992522164258915041e-02
6.135966653641746760e-01
-8.569461231780178823e-01
6.961978258378750395e-01
-9.425343322427884862e-01
8.290428162944812884e-01
-7.272033568624479694e-01
-3.604521314357974626e-01
-6.148148228678360638e-01
2.389332624365328450e-01
7.452022117882930452e-01
-7.720151194082265356e-01
2.006685015377272230e-01
7.030971891715348532e-01
1.658139139185592636e-01
2.770463591262150027e-01
5.284854334058590730e-01
8.126814845412970723e-01
6.213909593483681881e-01
-1.296858871884701281e-01
-1.992550384858127188e-02
-6.759974892721904993e-01
4.509959354817288379e-01
-8.438885726771735984e-02
1.034987694678052295e-02
-7.509465366259366892e-01
-8.498330601678782958e-02
9.417765014238926868e-01
-8.239312923616864959e-02
9.189219293001649191e-01
-5.363772703035655232e-01
3.146772479043632997e-01
-6.467549434161674604e-01
4.900761297619093404e-01
9.981890075837460685e-01
-7.026423115147460985e-01
-1.945896994480371955e-01
-5.315941114165388670e-02
6.920290934000868921e-01
-6.330981828687731738e-01
2.677842760091766472e-01
-8.312147475449233047e-01
-5.454996256958715151e-01
-8.913052448154554774e-01
1.321597014100995005e-01
-7.254943146649445174e-01
-8.734743148167119220e-02
4.050613609623468676e-03
4.748255396201465084e-01
-8.569984091243647573e-01
-3.180718760702314629e-01
3.954125873326483909e-01
-3.762015343547691071e-01
7.603757509946807991e-01
-1.727360708381242560e-02
8.826980462981353082e-01
6.848980673885219916e-01
-5.118488866356951661e-01
1.111833040981899529e-01
9.341650551478184461e-01
-4.738210610052611127e-01
-1.777679913368406528e-01
9.210960710953746133e-01
-7.135476971119165679e-01
-3.995031365214093966e-01
-3.637603950067167836e-03
5.834613734661923123e-01
1.028168468250989787e-01
4.232873184193034488e-01
4.122025684540983059e-01
8.303796899214055394e-01
2.728586194077572968e-01
8.243908054020557818e-01
5.549709902179452703e-01
3.977852539092356365e-01
