-7.332005750136632027e-01
-4.163295662892680937e-01
4.905720900803335338e-01
-5.894386316408433135e-01
-7.381776586151471697e-01
2.309844760256114793e-01
-9.456412273426665349e-01
1.653388838772004155e-01
6.373828701356105686e-01
-3.344267732872226451e-01
-3.820284006882204708e-01
3.844967742235079304e-03
1.558172026940154997e-01
-2.766394572375260874e-01
-6.001889083698143112e-01
-5.679044364075617191e-01
-1.091654898343938918e-01
6.194099055536421705e-01
1.247958627592973269e-01
1.668616106298279333e-01
-6.760380517875045348e-01
-1.581526922220861109e-01
6.699707847885868484e-01
-6.111827568515723064e-01
7.963676713422509490e-01
2.326132569300493336e-01
-8.592345815551949428e-01
1.787407888129826095e-01
-7.731599267812229170e-01
3.594125238721631033e-01
-8.139232042161146374e-01
5.872009458518605562e-01
4.584550201723407437e-01
2.950682814217959193e-01
6.891372997879976481e-01
1.411527243987986679e-01
-5.727670347550964935e-01
9.907882472208511260e-01
8.115686921626632522e-01
1.021623361614101277e-01
-6.853724044082278866e-01
-4.768175128377314942e-01
2.280439447448304180e-01
-4.874079119512322866e-01
2.871066328477315799e-01
-5.657887152562722788e-01
6.436018102303006083e-01
-7.424966848479630510e-01
4.333932273806754276e-01
-9.210965535548437666e-01
-5.954306113713858650e-01
5.710056708994417640e-01
-2.713651018214799926e-01
-6.156860196495312909e-01
5.652057617312248317e-01
-5.985014973057186660e-01
-6.889282084958224806e-01
-1.154702465335869371e-01
1.079872195842873639e-02
-7.994098527197115445e-01
-9.770355031687620595e-02
8.883335824815021819e-01
-2.559585463873311206e-01
1.154424284850411320e-01
-2.851243290227707394e-01
-1.071283713250126557e-01
1.751242557627522012e-01
7.164807511441791954e-01
6.911654508490183701e-04
-1.620948457726029135e-02
4.079995816132033770e-01
8.527006857678348650e-01
6.759798587129898229e-01
-5.071050683844080531e-01
-7.989170289608878983e-01
-1.040206728048245904e-01
-4.289827317680309782e-01
7.721141733837917354e-01
-6.966706855748714400e-01
8.339168227089230334e-02
-1.969825521602327489e-01
-7.204152069984577356e-01
6.238197582769007266e-01
6.911499917324995246e-02
8.245297283388476339e-01
-4.452280018532601691e-01
-5.693297957850886742e-02
8.052653058247610796e-01
7.827859143343701698e-01
-8.846937839879290832e-01
5.673421075410579606e-01
-1.428548601254545913e-01
-3.491117710051012679e-01
-4.249957758917135009e-01
9.734535780643245317e-01
-7.218456294259019135e-01
-3.938643877742079580e-01
2.968947205479711693e-01
2.220801897292716820e-01
1.844717912324410902e-01
5.633443145655544493e-01
-8.214259533411051306e-01
8.721372187705930812e-02
2.572603441356123288e-01
-6.210428944675485674e-01
-5.148931697126218898e-01
-4.219029047931864285e-01
-5.911519213544867007e-02
-3.497047256817105709e-01
1.641669030956778019e-01
3.021718213557282318e-01
7.903491377140132723e-01
4.834598393544849992e-01
-4.489284380696352827e-01
4.915538843199198094e-01
3.849829238526902286e-01
-8.365340145565552943e-01
6.290072542147359114e-01
8.223014633328911138e-01
8.739393077792654285e-01
6.472109570724295935e-01
7.500031341249441263e-02
-1.202056912314394821e-01
-6.319475641363571095e-01
4.792289278020395726e-01
-1.921253103454155231e-01
1.932220133835970133e-01
-5.991706637510846312e-01
4.952541450029468439e-02
-8.766524041932559630e-01
-9.508379546740125532e-01
9.067290332147318610e-01
2.382913431549842087e-01
-6.338168131987001463e-02
-4.752771021938592133e-01
-2.948286155784985429e-01
7.590966050775513896e-01
8.652208762046189605e-01
-9.931078262523407307e-01
7.880525504283851512e-02
7.506508969069064507e-01
6.105828913408208880e-01
-5.434253272617410868e-01
-8.565142136524767080e-02
-6.414539225675383038e-01
9.279361337498537310e-01
4.427493179871167528e-01
-4.041047527165792519e-01
6.787488479802877839e-01
8.952143999271036101e-01
-7.846771723313017421e-01
2.124460035248177392e-01
6.576053099021937909e-01
9.790248194687548589e-01
-7.821485046412285369e-01
6.187359356223487428e-01
-7.235107896673728112e-01
1.801871646713311959e-01
-1.926784550993038969e-01
8.406771495597681332e-01
-1.999314734750672895e-01
-1.011772855302207064e-01
1.589526511887429105e-01
4.932738286636608738e-01
1.651544094283704800e-01
-5.261853781691692156e-01
-8.771631357925627759e-01
-5.222108160856406833e-01
8.070274686689294930e-01
9.439403081016208841e-01
-9.884592473796764978e-01
6.710337591841156746e-01
1.467266452370292740e-01
-9.203678470541961643e-01
8.091227902480662149e-01
1.033674505709578639e-01
-8.434837759809820090e-01
-1.151930586861519834e-01
-2.649532767651798792e-01
9.741780665374247805e-01
-6.578568704699333525e-01
5.263901299056796823e-01
-4.140561892608665140e-01
-9.543045213441221364e-01
6.243319217354710293e-01
-7.311423581940347249e-01
5.178881495173197624e-01
-9.181100507007942113e-01
-6.739659495095799979e-01
-5.794169986143592466e-01
-3.285800772378993928e-02
6.135985590878288987e-01
-8.569438684199452982e-01
7.321291767215513113e-01
-9.566443440515320917e-01
8.290750216261533190e-01
-7.271436582726668041e-01
-3.604521314357974626e-01
-6.148148228678360638e-01
2.389332624365328450e-01
7.452848754166145895e-01
-7.720151194082265356e-01
2.006685015377272230e-01
7.032330533028835484e-01
1.658139139185592636e-01
2.770471268410479859e-01
5.284854334058590730e-01
8.126814845412970723e-01
6.213909593483681881e-01
-1.313024330193820755e-01
-1.992550384858127188e-02
-6.759970317650061400e-01
4.509959354817288379e-01
-9.648434773354465366e-02
1.034987694678052295e-02
-5.611596286722074778e-01
-8.498330601678782958e-02
9.417765014238926868e-01
-8.240871971496327442e-02
9.189219103024768298e-01
-5.363772703035655232e-01
3.274548309070385299e-01
-6.467549434161674604e-01
4.364641810461022398e-01
9.981890075837460685e-01
-7.026357340668644147e-01
-2.512430509382115318e-01
-5.544794349933290095e-02
6.903238092085698385e-01
-6.330981828687731738e-01
2.677842760091766472e-01
-8.390649475991528439e-01
-5.454911364881875890e-01
-8.913052448154554774e-01
1.321597014100995005e-01
-7.293893674601055199e-01
-8.744350720659040122e-02
4.050613609623468676e-03
4.763713478556331204e-01
-8.569984091243647573e-01
-3.180719445910932808e-01
3.954125873326483909e-01
-3.762015343547691071e-01
7.603757509946807991e-01
-1.727360708381242560e-02
8.826980498057890312e-01
6.848980673885219916e-01
-5.118488866356951661e-01
1.111833222989643682e-01
9.341650551478184461e-01
-4.738203027673829615e-01
-1.777679913368406528e-01
9.210960710953746133e-01
-7.135491806290785721e-01
-3.995031901086577020e-01
-3.634649994384046238e-03
5.834613734661923123e-01
1.028168291371045068e-01
4.232873184193034488e-01
4.122025684540983059e-01
8.303796899214055394e-01
2.554235522436099082e-01
8.240772825871695018e-01
5.549709902179452703e-01
3.977854316880212737e-01
