9.077244098476449086e-01
1.692297861350307020e-01
5.390474932236695160e-01
4.709656993410598069e-01
-9.524104685573164808e-01
-9.044638812535321648e-01
-3.007859479654673152e-01
-7.539232005866258746e-01
6.118055456820559179e-02
-9.885264121603558607e-01
-2.669686770522370356e-01
-5.315454116319475730e-01
-6.283346743497590925e-01
-1.140225439630275783e-01
-4.966122455884143250e-01
-5.484337681137663179e-01
5.413967212430716991e-01
-7.946662634123842217e-01
8.603320723796226144e-01
9.518029967073948772e-01
-3.635201104184337950e-02
4.779902399370428157e-02
-8.517238911491109565e-01
-2.864948625410690397e-01
-7.264958615021519517e-01
1.601734433640817912e-01
1.272321570114889333e-01
-6.614895019922517605e-03
-3.440820113401510394e-01
2.885830345993862789e-01
3.786245410060571359e-01
-9.855738280365951010e-01
-2.496183248724748172e-01
-7.938435873218803174e-01
-9.035023704996523186e-01
6.061266110995291445e-01
-6.879615062123958236e-01
-7.793007771531867967e-02
7.610313014188687664e-01
4.623055237163005149e-01
5.926077028369336475e-01
7.530025838790743720e-01
9.893055966364858733e-01
-9.347091349278593420e-01
9.023411628458670730e-01
1.336490769702081138e-02
-1.883965045960704909e-01
4.723025465199310879e-01
7.884193357199666963e-01
-3.705125539297093873e-02
6.211425018878209414e-01
2.914458681393337081e-01
2.081976810892536278e-01
-9.998883863336434086e-01
7.774028165045463457e-01
-2.775784294913794525e-01
1.907313133931136662e-01
-8.363468420424227112e-01
7.244495895837284039e-01
-4.525312799130523089e-01
4.846164296201977972e-01
3.525186058551394996e-01
-1.900993689573382550e-01
8.894203074080819782e-01
8.770798435028839268e-01
1.826743563361286071e-01
-3.537246480806852666e-01
2.121388025220303231e-01
6.456734289352978884e-01
7.061712135159630144e-01
-2.556555847594614850e-01
-5.710762156947208901e-01
5.338661840702718653e-01
-9.662653469970052811e-01
-1.127000779244009543e-01
8.678915937051256968e-02
-8.846134004320287403e-01
5.223271282803982896e-01
6.034603359146712975e-01
-2.146018317295892430e-01
4.897620074065676121e-01
-2.659948138156889019e-01
3.860451039052246180e-01
-1.370724538553409477e-01
7.052021144483817672e-01
-2.345485276289687171e-01
-4.168417934292567573e-01
-8.099422945728973477e-01
-2.803741965932693425e-02
3.422624725629288545e-01
-8.246819173927659730e-01
7.073993495251891250e-01
-2.795310321952033661e-01
-8.030156992912094172e-01
-4.442560486305389134e-01
-2.923320354533123222e-01
-8.863251380357204390e-01
5.313974286123945845e-02
8.426227609089576021e-02
-8.104836722711039609e-01
5.390258639405010044e-03
-4.403449751406141033e-01
-4.878588408222546136e-01
-2.184328319089101633e-01
-9.232984666745387425e-01
4.872193538598594831e-01
7.028386051503843213e-02
-4.802603911625122901e-01
9.940769997401264213e-01
-9.259697325849443050e-01
6.145752589742625727e-01
3.192604099849891686e-01
-4.148019165934218044e-01
-3.853918888871543658e-02
-8.453742978709835043e-01
8.460362652778379289e-01
9.430709333883917633e-01
-6.793156018174837385e-01
-4.621856612692787358e-02
-5.460058222227581748e-01
-4.748820051741395876e-01
-9.092279025411253990e-01
5.036689253736310601e-01
9.306097278684521967e-01
7.856216805860924968e-01
-4.182755946100491506e-02
1.916732267294372072e-01
3.191234080930871464e-02
-8.179715267817466717e-01
-5.293150634168930502e-02
-2.210247268818397171e-01
5.872916286150089427e-01
-6.786576725966675383e-01
-3.029918762825323242e-03
5.315992921288452688e-01
-5.897432204888040097e-01
6.394898704460523220e-01
6.507875643051770354e-01
3.429329238783709322e-01
5.948375418200697595e-01
1.324470347966235639e-01
1.104383553280388064e-01
-2.484040741521988949e-01
6.302816373845065989e-01
3.296169035652352086e-02
-4.234840204021630417e-01
-2.689330775234632931e-02
4.958482507613046764e-01
8.493968183709099673e-01
-4.248961645073783266e-01
-1.220245001378865712e-01
6.734471832917212630e-01
-2.650289665357994373e-01
-8.462142210986998148e-01
6.491684706400906446e-01
-8.734939010739890541e-01
4.953683850026524560e-01
-2.451974093674955668e-01
-3.214176592919268938e-01
-7.547335010641067488e-01
-3.048693033924949614e-01
6.315138911466458005e-01
9.311838617349046388e-01
-5.479450996523982376e-01
5.544397862168779501e-01
-3.565734076945361597e-01
3.319188128381016512e-01
1.578115494681797681e-01
-7.953411543190802568e-02
1.560496339149815004e-01
8.945163602792847168e-01
-2.039716234474233669e-01
-7.929650452536041172e-02
-7.703118521005671848e-01
6.477668103984794978e-01
4.873925057738215383e-01
3.583476124588782508e-01
-1.335373984528906988e-01
-7.312277227250865153e-01
5.521260822603510920e-01
-1.227313273147283557e-01
6.852563461724945348e-01
2.730318692150626170e-01
6.868823188146444547e-01
5.343329245742522993e-01
3.741261315492356854e-01
-6.008747002599330589e-01
2.585625571875502793e-01
4.466310453052402263e-01
-8.939100944048932185e-01
9.483896857015878812e-01
-9.885114747214334141e-01
7.426500611729305312e-01
-4.999591104417344667e-01
9.190239302614320316e-01
-7.423753647366095887e-01
3.083737599680320685e-01
-3.099684254293524344e-01
-9.623469764461285436e-01
2.389930014573251604e-01
6.193232660656708966e-01
-2.503374701311034123e-01
-2.919497451099364316e-01
-9.633503668569942668e-02
-6.467782806323634226e-01
3.917805219375325443e-01
-8.193613375033297341e-01
3.375564690085048891e-01
-7.394146430721519891e-01
-6.205913207546720489e-01
-2.241196072836053599e-01
5.571191460611513158e-01
3.477247273132502148e-01
6.405592923082732426e-01
1.258680926403177303e-02
-6.692412549969042335e-01
8.098996226544559196e-01
6.616199726992095798e-01
1.200872545856044304e-01
4.499019865630562443e-01
4.177103044422862954e-01
-8.453906786875533541e-01
-2.043802930287206276e-01
7.338417437009310262e-01
4.798800880321936191e-01
-3.268659591336553483e-02
-5.114770291253087908e-01
5.275944451323733020e-02
-7.912588011897643270e-01
5.415296475440702917e-01
6.131714300881774271e-01
5.377951591492984296e-01
-3.326019662473080896e-01
-4.994021888118425068e-01
3.159778548512519603e-01
-5.187291514561604977e-01
2.071448320589137637e-01
-3.017057936854645739e-01
3.861155148691153283e-01
-9.583908773151907923e-01
-9.134494927005878395e-01
3.709365862147679938e-01
2.520377670242062162e-01
8.232341436001497925e-01
-6.526826793354174594e-01
5.141679137671864019e-01
2.766998017289588052e-01
2.928562006987900368e-01
-7.148080817284632182e-01
5.041184223271668596e-01
9.825348279127665840e-01
-7.288052511591502913e-01
6.985600942383483059e-01
4.458994718632554033e-01
-3.966928784952146181e-01
-9.945449154933685421e-01
-7.141096048758583947e-01
4.562809591903249640e-02
-2.829293340241290089e-01
-5.535395621585987858e-01
5.211657614734610533e-02
1.236720360535696894e-01
-2.495052717557533217e-01
7.995964973705531609e-01
2.455460958433204333e-01
