5.253704492231618950e-01
-3.332536054075156962e-01
-5.074271919294499611e-01
-5.411476511012047741e-01
1.129466564661051331e-01
-5.474288523912045346e-01
7.018170033042590017e-01
9.125572775356900479e-01
5.193336123528704551e-01
-7.364358731298192851e-02
-1.488366340414013278e+00
-5.952767571262598256e-01
4.912175177258608638e-01
-6.032227910104366320e-01
7.383704139241298314e-02
5.996038706550408381e-01
1.163841821553033284e-01
2.479410834469404357e-01
-8.030577817060757795e-02
3.184257284159350831e-01
5.036771952642844496e-01
2.963607003592891864e-01
-9.937660877519882696e-01
2.518469094267461461e-01
8.032841662294432084e-01
1.602816480186690651e-01
4.692874920744953826e-01
8.696964188744495949e-01
7.286243408775274766e-01
1.406099956293076492e-01
6.366421071932524267e-01
2.435402642302941789e-01
-6.018390028725630891e-01
-2.268943435310875056e-01
7.020645610193108066e-01
-9.115771114665771613e-02
2.050322062243905563e-01
-3.665878469257122241e-01
-3.063825259589247896e-01
6.072508034955605982e-01
8.302423851244289388e-01
2.401585823654719398e-01
-5.990994798608839655e-01
4.050747817648858717e-01
-3.103164100125157532e-01
7.375359463602055854e-01
-6.232769217275255791e-01
-5.334240238255907318e-01
7.064865773777850855e-01
-8.598628850161864623e-01
-6.275100969352103153e-01
8.180402714076226989e-01
-1.941646154036695826e-01
7.574464085846355221e-01
2.627450750014990177e-01
-9.788373031386639056e-01
5.887555622406419609e-01
3.541427414137723328e-01
-1.183838932105931718e-01
7.172173809711899217e-01
-7.298892722455443405e-01
-1.251002947453085934e-01
-4.279713010797892014e-01
-6.993858913405930355e-01
-8.985895057122441631e-01
1.852710185676651466e-01
-4.626323249724806352e-01
-4.328388644197245227e-01
-2.534955091402575356e-01
9.062341572722139027e-01
-8.780937808410331780e-01
4.501124059332455296e-01
-5.240613395885240777e-02
-6.976864942149685334e-01
-7.524821277842279610e-01
8.535952356741065561e-01
6.166568656531528081e-01
1.622339838761168718e-01
8.471302794929056468e-01
-8.603190643947040694e-01
-4.842446788886618503e-01
9.075159624275721537e-01
6.230492173995827443e-01
-4.530336075754706204e-01
-2.919677374795028868e-01
5.176358795041435812e-01
-5.133330337695167778e-01
-3.519458885866710851e-01
-1.129690870664634694e-02
6.252343485796159062e-01
2.230965703065050931e-01
-1.558011988487100208e-01
7.210928570704295826e-01
9.513885187374004904e-01
-7.096008193357783433e-01
-9.722678874564023577e-01
4.805047660709547142e-01
-4.817219023512431253e-01
-4.422729149651551950e-01
2.854547481400906417e-01
8.369494317870822542e-01
-9.120633432625533388e-01
-9.910009742058318860e-01
-1.058075117742784954e-02
-9.502627662313836154e-01
-1.540046548000142401e-01
-3.124612727181568239e-01
9.321938421441402500e-01
3.838315216620877823e-01
3.057603240124380228e-01
-9.510105454058905838e-01
-3.243047730868013900e-01
-1.496886902392382535e-01
-4.987268708456726873e-01
5.339407916066325477e-01
-9.594071995080035720e-01
-7.679275151232516361e-01
-1.005566630056646815e-01
-9.050155205114172041e-01
2.597120346570005456e-01
-9.389374833588239877e-01
2.360855627124005540e-01
-7.517514788901218381e-01
4.137845385368450479e-01
7.160407992223003504e-01
1.454710988846741326e-01
5.414124747216177980e-01
-7.336322500220604503e-01
7.419892196494974890e-01
1.207803328893422012e-01
-2.775170049467503564e-01
-1.258549951146472612e-01
-2.738707214069133755e-01
-5.762314305479334653e-01
-6.716133875989838131e-01
-4.918110642277944144e-01
-4.483516399197262636e-01
1.473071581752432024e-01
6.507307731562386177e-01
8.645654071292763199e-01
2.453013127595318199e-01
8.031205406016685977e-01
5.007636994430022526e-01
1.085563762797316922e-01
-9.844004453749588546e-01
9.010681701402822874e-02
-8.358218736313915986e-01
-1.230616644867983389e-01
2.078551492075775275e-01
-7.698517013735703962e-01
-8.804477337449851948e-01
-7.915122632292970195e-01
1.784784571599587366e+00
-4.373869201184442668e-01
-4.776292480072650282e-01
-4.102248307836675600e-01
-4.163880153877459467e-01
-1.186331855246764988e-01
4.519201433299468995e-01
4.260662406433017857e-01
-2.071117806381197468e-01
6.506070911401637957e-01
7.617124583759085077e-01
6.605673567458782980e-01
-1.794332661096219139e+00
-4.147481046653982428e-01
-1.249245913838187949e+00
-8.356701895417082415e-01
-8.798946816537931426e-01
2.390920911380822744e-01
-4.703436622618131224e-01
5.754130017591980728e-01
-1.997410624540501001e-01
-5.079937818413928774e-01
3.170079427219509860e-01
-8.807997622342469413e-01
5.577930201745837646e-01
-5.760266152196344969e-01
6.717349326416237609e-01
6.318217212612964317e-02
-9.471257756402118311e-01
-1.798554133582654924e-01
-7.940853456830043733e-02
-1.091572687975692624e-01
2.847718228037570132e-01
6.377817867804413954e-01
-5.179595181624430111e-02
-1.761327121330704681e-01
3.353512191101137851e-01
-2.540400444702917149e-02
5.171914086237335839e-01
-1.872824271665582962e-01
-7.928825837633453055e-01
-6.401285198575625834e-01
-5.921984942234332916e-01
-7.898433124993970988e-01
-5.003085846336859932e-01
-5.336453267180691906e-01
-9.224642555979645220e-01
-5.495188758279128116e-01
3.738653538919216590e-01
-2.282260217933707036e-01
-9.631070882600334393e-02
-8.110183949861387021e-01
4.168651009981433342e-01
9.579899911688467551e-01
-4.492189695498742807e-01
-1.679894944444981775e-03
-5.661575345709124463e-01
3.359863477175091262e-01
-9.534482319121735383e-01
-1.277494505913973066e+00
-9.233535131045658151e-01
2.895212072664359315e-01
2.405089482338962359e-01
1.319225214706146065e+00
-7.380647168753082799e-01
2.897812224319000762e-01
6.970633186591224106e-01
-2.733664434134044363e-01
-9.524460597314776678e-01
6.446805660906407276e-02
-5.884764422015260621e-01
-5.809875135142583691e-01
-2.850572718730979282e-01
-7.860086655892495333e-01
-7.324606855799384864e-01
2.469098450805951028e-01
-1.560509119469171369e+00
-4.717930150565763370e-02
7.361736478523757121e-01
-7.099927317055316767e-01
8.644405117808131589e-01
6.034234755291607577e-01
-8.636542525303734230e-01
2.417373918342037964e+00
-6.557590069893906026e-01
-6.210638965245105503e-01
1.029269829316163953e-01
-3.503933030434536189e-01
-8.414322526534845359e-01
-3.115604631891577547e-02
4.849886425167186932e-01
-1.177547925508195537e-01
-8.511588686592443942e-01
-3.270614954930333163e-01
-5.689020834004834271e-01
7.244017063821588387e-01
2.240318889474783859e-01
7.025970523449991401e-01
-7.879585316830350905e-01
1.282904414652556779e+00
6.253456720821040093e-01
7.778090838179135824e-01
-2.814331022131628668e-01
3.065914596815237925e-01
-4.250826588722196320e-01
6.267272773551337828e-01
2.550128279852396096e-01
1.626508923351266400e-01
2.079508204694413553e-01
1.327817927822660948e-01
2.739311587377255552e-01
1.108300168333737901e-01
2.625007206373231039e-01
