-2.983783960242090139e-01
-7.951989479749030920e-01
-9.062350746528498036e-01
-8.363735920343438046e-01
-8.864251921150689828e-01
-2.607594615896760004e-01
-1.618477490546244013e-01
1.433462977430048912e-01
-4.531488857683951821e-02
9.041146323419941844e-01
5.047912244672800863e-01
-1.588253640710166614e-01
9.874104403865495705e-01
-9.441200514228116347e-01
9.458614960332103472e-01
4.265461459239801023e-01
-4.293828655245346404e-02
-7.720312395135038308e-01
-4.781261571520463161e-01
-8.801319390982860202e-01
3.877280471162569686e-01
9.161751942769051915e-01
2.182808261175186448e-01
-6.690512536303585556e-01
1.640010799385271945e-02
9.049825626056176020e-01
-7.130341721708888247e-01
-1.469657050019348432e-01
-1.415848050507400036e-01
-7.111445989380777988e-01
-5.933883267546624651e-02
-5.785758371209490658e-01
-5.029884099655448360e-01
-4.300058691205237427e-01
8.181844872546071290e-01
-4.874727901573365774e-01
9.268123055992945059e-01
-7.286609020916046120e-02
1.264562878163846271e-01
4.922006417651343391e-01
5.862003480521826848e-01
-7.562751952494939367e-02
4.608568736175262526e-01
-1.647649089836367153e-02
-2.443984710677544747e-01
5.978625944597748543e-01
2.331595086422306728e-01
7.112621194135109182e-01
-3.147030317635000074e-01
6.848167825219868554e-01
-4.156223371499634389e-02
-3.900136616259590738e-01
9.538244767964936255e-01
9.902696766395486794e-01
-3.104216889184427952e-01
6.206503363227300341e-02
8.345612223475971092e-01
5.563205712659735624e-02
-1.737026711662401635e-01
1.371320942750888783e-01
-1.488917197918013802e-01
5.176087608090489400e-01
9.304325858299078433e-02
-3.796430317450116831e-01
-8.524271686564817152e-01
-8.402988432767299898e-02
4.978828687718788171e-01
-5.044974686717460521e-01
-2.555520135865885223e-01
-4.699953172881343733e-02
5.886907009177793082e-01
-7.890856820581162445e-01
-1.226876678833499490e-01
-2.318267190712139936e-01
-4.317862543612056569e-01
4.224563123610010074e-01
1.266530825060914189e-01
-1.281127393720371543e-02
-7.595786620874711570e-01
-5.226613854580364205e-02
2.045813403975151878e-01
8.030329772130022636e-01
3.242258471800956166e-01
3.710406285843561580e-01
-3.966966398748505984e-01
-2.629502591122510058e-01
-1.534675851720801454e-02
9.619018839426927148e-01
1.700691742467868028e-01
-7.355670105162115391e-01
-6.835155487578747913e-01
-7.301322138860608657e-01
-2.926607371185552253e-01
-4.527518593473747188e-01
4.166910904423051232e-01
9.836537087638068666e-01
3.219298895432352037e-01
1.402123570034872202e-01
6.035250418447872800e-01
4.968119511407800282e-01
-7.804022706071633841e-02
7.015123097232585092e-01
-4.280548063256217617e-01
-6.413446375005082967e-01
6.308135406623514019e-01
1.195355680104124296e-01
-3.830051549215103268e-01
4.242913643665939816e-01
3.852314830458203332e-01
1.970272334860607710e-01
-9.173969892347644262e-01
3.141468219083589641e-01
-6.497524592206569416e-01
5.119797830833339169e-02
-3.223289274772094259e-01
-4.267997782844603627e-01
7.396421534537185316e-01
-2.607799216466397674e-01
7.204431655076386498e-01
2.087446582320133803e-01
8.294693552484666554e-01
-3.235969048535622949e-01
6.700308649779771475e-01
4.581556260991954677e-01
-3.249494900995237856e-01
-6.474386801723397422e-01
5.127511767140129351e-01
-4.703358124018588438e-01
-8.994354867940195231e-01
-8.714284497806108476e-01
-1.943458357663609970e-01
1.763042590795826925e-01
-5.059079787856108901e-01
1.505740281400680391e-01
-1.526281482758402586e-01
-1.600979391547818764e-02
9.359895320534941110e-01
-5.435148630479802456e-02
1.777935930297878109e-01
-8.465580142090725069e-01
7.719353662325012522e-03
-6.707409323973900772e-01
-6.724503516499802380e-01
3.915104314344108882e-01
8.302245423125553803e-01
3.607981782721489949e-01
9.425725012370820277e-01
6.575899786394701074e-02
3.030910461217883878e-01
4.381130186723878328e-01
-1.505178501553705583e-01
-9.388911495438341248e-01
-8.706617547518049616e-01
5.165710631805544573e-01
5.142401160615779343e-01
-9.412727823582831554e-01
7.268592334143177958e-01
-6.648955119936148517e-01
6.982225324308120040e-01
-2.852257223290632915e-02
-2.991882695570455830e-01
-8.131074261141788551e-01
7.379393055732446083e-01
9.406768622683976400e-01
6.772025521841662510e-01
-6.912773911690850426e-01
-9.032635772576160793e-01
-7.788425538409000648e-01
-6.495684220853958912e-01
-4.145401086692956927e-01
-8.424275109598822198e-01
-3.910740602605329297e-01
-3.079483104151887751e-01
6.713479097313883592e-01
-7.696728075937169233e-01
-5.844680528636179151e-01
4.403878063152539823e-01
-4.126455518590699256e-03
-2.665316333830178852e-01
-6.489004688705068968e-01
4.353537422124955647e-01
-2.730121008256043424e-01
-6.449502381448883881e-01
2.254710790311083013e-01
6.987995607668242570e-01
-9.040139333158432322e-01
-3.116941837206514965e-01
-1.738412001065414714e-02
-6.131798180086771577e-01
6.523899594717534889e-01
3.333094774404155025e-01
5.290679376821603164e-01
-1.076338776571619249e-01
-5.892644147081074202e-01
6.737062400189821609e-01
7.724404592813511883e-01
5.182270415497876037e-01
5.053871656862130024e-01
-4.480042977174480967e-01
-2.387243982829960753e-01
-8.125762407829606460e-02
3.282002908462031687e-01
-8.879489729190881420e-02
-6.759757142142186481e-01
3.547246253194182852e-01
8.235674147234512965e-01
3.726624903058173288e-01
-5.401534574091590990e-01
-5.055835367593637386e-01
-6.349910563988045986e-01
6.205928343090625354e-01
-2.934207828154076214e-01
-9.896421743868477616e-01
3.276850077927890847e-01
5.620447889997024493e-01
1.312557867897670150e-01
2.426687162819334276e-01
-9.730888099321237661e-01
-1.975450601936363793e-01
-6.929250806235038862e-01
9.426546447386832117e-01
1.600162012866539474e-01
2.758885818848224591e-01
6.756135767955320226e-01
-2.486319460502803835e-01
5.435901186059213241e-01
2.330510283725417686e-02
8.695148883460968037e-02
-8.804702952448604236e-01
4.750864496533222514e-01
-6.583921853598406759e-01
4.197595787296803937e-01
-7.499484752272718158e-01
5.809134858585613959e-01
8.746864874853823579e-01
-9.718572165109728989e-01
9.971690671367994252e-01
6.106265245930215801e-01
1.478454535406428239e-01
1.534064893445454825e-01
2.614435312135734435e-01
7.207346760626103244e-01
2.840194921351866242e-01
9.566880258929755243e-02
-7.690502816544477760e-01
-4.215761947434457646e-01
1.904518232795529009e-01
3.840057594643315753e-01
-5.053306956446235176e-03
-1.752476715740474145e-01
-5.702561885102439554e-01
-9.221683991885496479e-01
4.557832251513225241e-01
6.234873813969448175e-01
-9.211922215749190901e-01
-1.545789655780931415e-01
-7.914696366184288401e-01
-6.258236182408376536e-01
-5.315881321992186326e-01
-6.818548566966207147e-01
-5.190552045853538132e-01
-3.637200325723122241e-02
-3.892729666947771783e-01
-5.454179695886207657e-01
-9.820712361181045402e-01
