4.760271730600920126e-01
8.914595219128726988e-01
-1.631279502487756217e+00
-2.040301721498438692e-02
-9.486738119873165953e-01
-3.786803709142421148e-01
-2.971921493088962585e-01
3.423106349496163325e-01
7.991717404197196117e-01
-4.350679808577928021e-01
-8.585769661231601457e-02
2.342127967956657564e-01
-9.803978315625383466e-02
-3.772618703991867939e-01
-3.075950056143144096e-01
-3.749096143734949038e-01
2.299763817985420733e-01
2.954279618837380994e-01
-6.056539875686908214e-01
-4.971592642953521768e-01
-9.200446366850838498e-01
7.599688075714183810e-02
-1.294077020788704235e-01
6.539103489630351262e-01
-7.174520403687849601e-01
-6.192300985521164147e-01
7.703299722005461092e-01
3.053274969140220563e-01
6.909668298355757798e-01
-1.739414104982539566e-01
6.996645888594832385e-01
-3.942090922153695942e-02
-1.220749155892517646e-01
-1.763804493825020803e-01
-6.673067831517283111e-01
1.874431225557409153e-01
-6.535801021021265811e-01
-7.061330999448831580e-01
3.610259453443558364e-01
9.311727145754455925e-02
4.468784708358957136e-01
8.764778768287813104e-01
-3.361571315558806727e-01
-1.908349190411536833e+00
5.397945415374265643e-01
-7.050469446200502421e-01
-6.521674758740090283e-01
1.186873280085201099e-01
1.645030221525811687e-01
1.339064014362723043e-01
7.209327935358531558e-01
-9.358396962637864913e-01
-4.375678704813632525e-01
-9.821480872870469447e-02
5.024340017234543154e-01
-1.149888920118022906e-01
-1.144409302830737829e-01
-7.672129146374381259e-01
2.433895650561481716e-01
9.291103066436292579e-01
-3.317633269508544203e-01
8.867540612106394882e-01
2.648309483252360153e-01
8.437751058430096318e-01
-3.251529362389666833e-01
-3.247319235162260398e-02
7.637527664247041326e-01
7.352053306468782079e-01
7.737054000715863911e-01
2.326360454308873393e-01
1.347959031690855847e+00
4.852492560449340742e-01
-3.596749581230276327e-01
-5.999816454324016224e-01
-3.027428526322344382e-01
3.502565712953487065e-01
-9.802237072372417259e-01
-1.264535064290257527e-01
-3.994521246106483847e-01
3.666184654369044615e-01
5.187696631527323188e-01
-9.521957056194119140e-01
-1.287432124597422956e-01
2.888036537797057157e+00
4.489946407361717906e-01
5.151502260089586560e-01
-7.450709453463537635e-01
-5.843105703497577519e-01
7.672112303877340889e-01
4.919796803885410075e-01
8.263015781852738328e-01
-5.685514311408956800e-03
1.003081669138922161e+00
-1.122072673356369066e-01
-8.486642380399278540e-01
1.806174518669214635e-01
-7.786718958032881055e-01
-1.015543593200020966e+00
-6.089473246705450205e-01
-4.414825541264821851e-02
-4.127819599142101836e-02
-8.237917330988646647e-01
-7.159529211707098550e-01
-1.041876573142628271e-01
-8.732053405703887883e-01
-5.723021364207601103e-01
-4.671787328434395814e-01
5.723643760372285616e-01
-3.017539694792039651e-01
7.699074397174916484e-01
2.290243933537949417e+00
9.721929843365260115e-01
4.279950819050890587e-01
-4.954412675089718832e-01
2.608433829617093358e-01
6.965353775681601967e-01
1.254944742055756901e-01
1.011705866079954941e-01
6.297678897848744128e-01
-9.802573979091082634e-01
-7.417230933070169119e-01
2.248268280252161411e-01
-3.342403184772235747e-01
2.709659508670358985e-01
6.910082795353365004e-01
-1.242428123780181526e+00
8.351952866522271979e-01
-9.653400386327293248e-01
1.212378969563604025e+00
9.052899743970672652e-01
6.406464210597930808e-01
5.432146101509651714e-01
-4.868709416576075810e-01
7.239053913230264481e-01
-1.890297033147909644e-01
4.036186899878726475e-01
7.865518060222921326e-01
4.945165068360075633e-01
5.119260690368125921e-01
2.128082226802836541e-01
-8.328515794246842407e-01
-6.696283723586682335e-01
4.645896134985711967e-01
-1.553580745657176188e+00
6.554069452525365103e-01
-8.785958175051737928e-01
-1.498354795193403977e-01
-9.722552185526449620e-01
-4.335354161404437745e-01
5.400041276777574062e-01
5.931209097763487925e-01
1.981900632521327310e-02
2.299313439627754807e-01
-9.234281360874103672e-01
3.173516427446196886e-01
9.475106639521062579e-01
4.836350839392942191e-01
-7.728214083486601993e-01
-4.617018682341882396e-01
-1.942960487492575439e-01
-2.599849719862396547e-01
1.986939592985657033e-01
1.407352497356013643e-01
-2.708516415816206724e-01
-1.411998012758686194e-02
1.652610423735949574e-01
2.934873770785797475e-01
9.010754783016230451e-01
-1.443500562803192722e+00
-4.505662098240248437e-01
6.561342281607884797e-01
4.427505498752903890e-01
-9.639892904830151821e-01
-9.329763457680653183e-01
-5.242455997043697913e-01
3.858708226656482054e-01
6.955118832713085286e-01
9.186005508532406605e-01
2.190215341662521631e+00
1.890883889006376162e-01
-7.214642202902474821e-01
4.498325556599318542e-01
-5.111566665519924335e-01
1.288055370611649320e-01
-4.401242861185361566e-01
-9.060871289047816024e-01
-4.117992351180581601e-01
-9.568400815308288898e-01
-8.403829664930273502e-01
-2.999746312427240547e-01
8.136582430466960947e-01
-5.501455593539386069e-01
-8.322085927337325995e-01
-5.392251088231923006e-01
-4.361374980122474376e-01
2.561374428400320369e-04
-3.842693791606648368e-01
-7.048044557334225413e-01
-7.049124693779345030e-01
-7.277174542567035331e-01
6.521468224171540484e-01
4.420660342471987025e-01
-2.789783036510204983e-01
-5.496694352831494879e-01
2.881383556072580898e-01
-7.356913792656065709e-01
4.862294559299127350e-01
-6.675318288722897897e-02
-7.668923335098563054e-01
1.778460848567635644e-01
-8.023076733314884468e-01
-1.006456804124833404e-01
6.447454897016371422e-01
-4.574743374108509730e-01
-6.796385912557445508e-02
2.794997524432552005e-01
-7.550326156651168130e-01
-9.114704250296830068e-01
4.265211304263778480e-01
3.165371467569633168e-02
8.916771580724507373e-01
-8.916540672660480116e-01
-2.803825720623993600e-01
8.999209523335411909e-01
6.497311305165776041e-02
-8.264537226579700135e-01
3.818422094800555389e-01
-2.696196203084197940e-01
4.180184718320927306e-01
3.110787038208333577e-01
3.823037326538991643e-01
-2.583916449821810346e-01
9.503284643139784382e-01
-7.013926105753482965e-01
1.184767975006395524e-01
6.411210296403374587e-01
2.303796788647058946e-01
9.233350289352721951e-01
-1.674260690351108694e-01
-1.782048071782766918e-01
-8.959909175979887674e-01
-4.297835591998588889e-02
4.804382647528624428e-01
9.411402308746730228e-02
-4.152782227392330383e-01
-8.123305016890320918e-01
-5.738563859152008284e-01
8.866780302839920580e-01
2.208509526253776833e-02
-4.778824539206033561e-01
3.800479967963987793e-01
1.109313812730092774e+00
-9.518575744635344726e-01
-3.981912514055763186e-01
-6.761760611922404962e-01
-1.474576608743662920e-01
1.302061192673532375e+00
-8.826791463334129340e-01
2.583130740607860965e+00
-1.221395393723921252e+00
-6.368270829063258365e-01
-1.420221933931585578e+00
6.674040328203765249e-01
6.063970588482072710e-01
-3.313458393927819490e-01
