4.796015738125101180e-01
-3.243297055387930339e-01
3.613675199838237706e-01
2.572120532572648166e-01
2.236050690610820180e-01
-1.332825612337733556e-01
2.170219790024803252e-01
-8.556019533405101463e-02
4.985959929779684163e-01
2.269443446384253882e-01
-6.577441640645733667e-01
1.297788838496847230e-01
7.269835351458597827e-02
-9.731958163541996054e-01
-9.344605064115429904e-02
2.411246664114297111e-02
3.328952349401115285e-03
-1.676765389799887984e-01
-1.687059048927614935e-01
-7.428493110655565168e-02
-9.551483563243203800e-01
-5.032177504382313593e-01
-2.025834962629087244e-01
-5.315612479097369114e-01
-5.640553424963565821e-01
3.412607316994535900e-01
6.014588530017839219e-02
-2.523936866456566452e-01
-8.744707944097533936e-01
5.523479670315067924e-01
2.245154574427861149e-01
4.749594301885491365e-01
1.819649597886716652e-01
7.751530779536819349e-01
3.405707345099677763e-01
4.724434768608394286e-01
1.168570939089768057e-01
8.302486443982977082e-01
6.844900770528861145e-01
-7.416727166416348105e-02
7.468706180748190260e-01
-4.463369536247903113e-01
7.677756056171125554e-01
3.344686469523312500e-01
8.156478279759269423e-01
-5.829541057205092081e-01
-2.055335604590740051e-01
4.403983239631208413e-01
3.370555447649685732e-01
5.927603043521121329e-01
-6.007603638880938401e-01
3.893608262038885659e-01
9.692360625416462927e-01
2.520450719162521391e-01
3.582485977451035364e-01
-8.867918981318705374e-01
3.059299418445211582e-01
4.575734594452032233e-01
6.020422775022105100e-02
-6.738766574964381029e-01
-7.597726007453664554e-01
8.603421341499715158e-01
2.984255689855557225e-01
3.627419953699941857e-01
7.686040481521216883e-02
-3.108852674853304077e-01
-5.524082724747234607e-01
-5.309903629965395666e-02
5.054106351605880398e-01
3.781654413511010837e-01
-6.052751486233187705e-01
-8.892406337645202274e-01
7.205561492043832672e-02
2.635902474939599838e-01
4.431998001656374253e-01
6.458169337322328118e-02
-4.798263850319375301e-01
6.166016962333853435e-02
6.339960511634386009e-01
-8.746024610117428821e-01
-5.993833469610836406e-01
9.569399495808788014e-01
-8.014259295447034859e-02
7.963358822133481674e-01
-7.388119348166108935e-01
-5.546028572026018288e-02
1.766187449785885377e-01
2.242119122341097448e-01
-1.179624265298131469e-01
5.305017600943136014e-01
-8.103881282249976170e-01
9.947158756249738776e-01
-4.733019155689648372e-01
-3.065881729929929023e-01
-9.872836536726201651e-01
-8.816183187683153122e-01
-4.830856309695013007e-01
2.121027272368980476e-01
1.010169770420301649e-01
4.233906649631000718e-01
3.938971465757612478e-02
6.119443765048802053e-01
7.825928151697374435e-01
-9.816375274682065388e-02
9.820890446639178872e-01
-2.750287928041950103e-02
1.293341941993160216e-01
1.201473566683461947e-01
-4.765998677804337280e-01
-8.447546288742808773e-01
1.404384919542591703e-01
1.655280928781130978e-01
-1.655026416718552440e-03
-2.243118265332142425e-01
1.713727189213605229e-01
-6.992630924604650300e-01
-9.367055312106993270e-01
8.551388128613943707e-01
-8.609474128786234193e-01
-9.305022887754181848e-01
-6.210788345207385319e-01
3.088124831163829853e-02
2.356890205959545348e-01
4.757308154609609652e-01
-3.052909583239220570e-01
-2.422295735054897925e-01
-5.377495574925454935e-01
5.571274316051932907e-01
9.243657759841747978e-01
-8.796583106253701434e-01
5.549265396724329946e-01
9.776153186195253308e-01
-9.784927895774098161e-01
-2.294839252845215505e-01
-7.174950385552560927e-01
-5.255917683126398732e-01
-2.706698437523278322e-01
-9.312279335294759708e-01
2.912599183440587325e-01
1.069701535766525158e-01
2.677900077484680619e-01
4.931803364979081561e-01
-9.917609072400783710e-01
2.627103719262082748e-01
-8.510857711587378471e-01
-1.012018837503718682e-01
8.688448148729068787e-01
2.898911933169554533e-01
-2.458497898314209174e-01
-9.014922898857500311e-01
7.263860376157267318e-01
3.690389689496282877e-01
-3.775539882659917357e-01
1.444128475895294361e-01
-3.152662018355558704e-01
-1.679703082678747350e-01
-6.594994536385796469e-01
-9.034937584594811000e-01
8.946739374373875453e-01
-9.229805355296059055e-01
-1.633371265298493302e-01
4.307420786487825559e-02
-6.256539654895540981e-01
5.196297691307412148e-01
1.515377829658552944e-01
-1.925934327471372498e-01
5.555723057513817231e-02
-3.349549353805727492e-01
5.205726048753338553e-01
-2.868692690378609189e-01
-6.290269330261883951e-01
9.015279066935806274e-01
4.223597611910343552e-01
-8.736694139109477675e-01
6.693782766708495924e-01
-9.173463805952313255e-01
-9.385643931220801761e-01
-7.154859107527855588e-01
5.988794698338770761e-01
-8.876208187122758275e-03
-4.594630715292962186e-01
1.506857959630703014e-02
5.592477826245547678e-01
3.548663373758458306e-01
8.787218894207020625e-01
9.307728549384532979e-01
-9.924277879608827124e-01
-8.682129651506420576e-01
1.969118830435858669e-01
-7.637760447103150163e-01
4.746413390128341181e-01
6.727181960036310304e-01
-4.321916062760569055e-01
1.776536261851102694e-01
6.022703783581837556e-01
2.239071991444152587e-02
7.366177130064206491e-01
-2.061840882549730303e-01
5.958969941716851793e-03
-5.424585689274783462e-01
4.701934925568715951e-01
-3.733742017955754555e-01
8.985115732750992290e-01
-1.777330229387255045e-01
9.027982377556686977e-02
-5.441621621427801259e-01
1.846025641171350484e+00
2.550782555395616491e-01
-1.829728341942180592e+00
-9.907736791871930571e-01
-6.441038204193457739e-01
-6.253550843193544928e-01
-8.454038340150478170e-01
5.638938220694298398e-01
-5.178210804409455470e-02
-9.544409363510455435e-01
6.452654709427418922e-01
-3.694934369434001997e-01
9.446845522418605423e-01
9.107902367384521636e-01
-3.311459806027676755e-01
5.456691631817516264e-01
-1.856007855815624552e-01
9.601078275695744679e-01
8.043094551824050420e-01
1.144127614416883265e-01
4.785870492556287825e-01
-2.213645250591658176e-01
2.392373153382019169e-01
9.254192443265798484e-01
-4.430659301550088358e-01
6.010823644318148418e-01
1.681918372496924441e-01
-6.803789205854604560e-02
1.976932753258959785e-01
1.959401735704684455e-01
9.515091521433571842e-02
-2.100889071267757480e-01
1.456597449434464675e-01
-5.654893222446946144e-01
-1.553645635672988856e-01
-9.471293417967254769e-01
9.547243662319626623e-02
-1.371980628950546510e-01
-4.981890760404878993e-01
-8.519378764577476559e-01
1.735103841038250216e-01
-9.314830329026260181e-01
-8.265994179519209339e-01
4.590975781608701567e-01
-4.437494603517844194e-01
-9.698783557489760732e-01
-9.415560835914620341e-01
-2.828083690624478841e-01
-4.162801269020666162e-02
4.078158017184807527e-01
-2.893307822383128780e-01
8.532950177909479628e-01
-8.007344085787344579e-01
-1.084268664000540561e-01
-6.528690644096870610e-01
7.610340809377325044e-02
-7.804226548806367791e-01
5.305971038947758789e-01
-3.538369610398728327e-02
