1.228621650794685660e-01
5.588858777678811229e-01
6.380443863282805328e-01
7.047906308578044676e-01
-3.770008655425938215e-02
6.172300908286787458e-01
1.272921361920613670e-01
-6.724926574604273011e-01
1.727191857434549060e-01
-3.528357203942009690e-01
9.184632786985342801e-01
6.261453570394237556e-01
7.855254196539411815e-01
-6.473939665617656214e-01
4.747420863078981590e-01
-7.991795892768971399e-02
-8.893377461343001666e-01
-9.639012812286040788e-01
-6.235306767283366192e-02
3.453626019286459847e-01
-2.470651376414545464e-01
-4.749219193649962811e-01
5.367074643857083771e-01
-3.735288462160706313e-01
2.562562099545553362e-01
8.608825935067565549e-01
-3.168738182270927073e-01
-9.219886110832617998e-01
-3.576339942840500719e-02
-8.193130418202021481e-01
-9.737030824643992943e-01
9.551235746617590117e-01
-5.249982162922217643e-01
-4.563354688114233948e-01
-1.214162220432102313e-01
9.865852593558972483e-01
-5.334484939930568270e-01
3.585898873420987343e-01
5.950993352982025808e-01
-5.870904340804905530e-01
7.122775133685794735e-01
1.633048600591258115e-02
-7.604448340098923786e-02
2.435254967493187817e-01
-2.747112827117073053e-01
-1.854462549032473984e-01
-8.233268180959603111e-01
-6.512920929925674063e-01
7.081413569592982515e-01
6.848781923428879370e-01
6.014958283221452096e-01
-3.893231398894601014e-01
-4.452260842932931340e-03
-1.072849662039114804e-01
-8.063623034108435839e-01
-7.768908447910747306e-01
1.086675817749458428e-01
9.782738567934166074e-01
9.127757785736467788e-02
-6.478310373046130000e-01
1.039164260203735424e-01
2.808223718794078394e-02
-5.491063949294903157e-01
-6.263866772938877503e-01
4.364072731579169417e-01
9.767077625591453760e-01
-7.232116308258949022e-01
1.666227373468187611e-01
1.807954595320380164e-01
-4.588615602267827054e-01
8.512834993958300345e-01
-8.663191185781833337e-01
-2.773397588903823152e-01
-1.985342075203362366e-01
-4.328232207585134272e-01
7.488274704223083500e-01
5.295092042923754683e-02
1.072961848999739232e+00
7.051950133395064046e-01
-3.249888601027015600e-01
3.682678981923579453e-01
-9.221920085383696897e-01
9.755339868161247985e-01
-3.138094498430317181e-01
-6.301887533875125680e-01
1.720748022021689749e-01
-6.831009556226663726e-02
5.671580821443222842e-01
4.304088139204620411e-02
-4.982878056985462489e-01
4.525176978283684814e-01
6.703884611439687724e-01
-6.141190912652880751e-01
-8.441723069939204294e-01
-6.531113690421719298e-02
7.416562400307316061e-01
-7.349760753633798327e-01
-6.440450315192716157e-01
-7.208883168430575417e-01
-5.106447985246225230e-01
2.756331921511021577e-01
-2.290313469017046799e-01
-2.523081109926239574e-01
9.697513116004705669e-01
-1.374135364977813190e-01
9.046944903362263979e-01
-9.538166325099100007e-01
-1.689953217074080527e-02
-1.730597801642177469e-01
-2.119976520939184539e+00
4.145868927884801547e-01
-6.389635290374204857e-01
2.169924088096184533e-01
2.036473007115371381e-01
-1.792559289339423767e-01
-1.477483686574061483e-01
5.200588470822511411e-01
8.424253046597680594e-01
-2.296414142712397410e-01
1.329813034065063793e-01
-1.183538761210412238e+00
4.807962871688873374e-01
1.097669858159362466e-01
1.185497683831675531e-01
-6.013093342274666853e-01
-5.614095038689801420e-01
2.105134951412828137e-01
5.679646988898823246e-01
4.289341123854701898e-01
9.863024457626445862e-01
-3.793186815370204190e-01
1.777821494935745150e+00
5.163840110670185890e-01
-7.305161660528163292e-01
-6.147675528145903900e-01
6.034521113267470316e-01
-7.868634569483889951e-01
-4.571165797530281072e-01
5.291046300146298176e-01
-8.929452510592026382e-01
1.201411797891909217e+00
5.877387174977510842e-01
-3.870373928969292887e-01
-1.291505358352346144e+00
-9.820907585445748378e-01
-7.425308039650500014e-01
3.725398439576195209e-01
-2.436994037427711035e-01
6.490544838513152559e-01
1.960581528312705935e-01
8.016988182901840787e-01
8.037658540747385505e-01
-4.129004935330227166e-01
9.223748550255543854e-01
-1.716268488496950351e-01
-3.127066057542871036e-01
9.996280892250530847e-01
2.113415083959895302e-01
4.731099948547363709e-01
3.044053807768416497e-01
7.470996441991188952e-01
7.822793691132945426e-02
-7.261755260702560388e-01
3.728982961262474749e-01
-1.836682064920014179e+00
-8.994282119276124643e-01
3.714530583598563140e-02
-8.502096613605989450e-01
5.928596704861059941e-01
5.673726369824880766e-01
8.303046615478537618e-01
3.003793881838778823e-01
4.880841712222203643e-01
-2.622629002656795549e-01
-2.073982145159003476e-01
4.245498405545995446e-01
-5.962038410690095880e-01
2.009054342540574911e-01
-1.169561541572639030e-02
-2.946908026726939411e+00
1.723128260434561021e-01
-3.465164321397784519e-02
3.779096411384705867e-01
8.763841725536820615e-01
-3.014193202977253350e-01
4.438054073731492188e-01
-9.673219906358192510e-01
9.442905060186175259e-01
2.366907241704430120e-01
-3.707903534880350183e-01
8.883694752831723385e-01
-8.180740039981779788e-01
-1.406841069897999397e-01
-2.906466687083961720e-01
-1.992893467656151607e-01
5.232569759113594454e-01
-9.862901943564932328e-01
3.025591519864330170e-01
8.526765696434031039e-01
3.451947546148150803e-01
2.434773788794175609e-01
9.635828696532522386e-01
-8.892993887229465599e-01
-3.739953488660721082e-01
-5.867369851285697546e-01
-9.974700600012598173e-01
9.037427169298646312e-01
8.548401768426261427e-02
2.886172303743737011e-01
1.211585068289511291e-02
-8.198879187311907124e-01
2.248457260843794714e-01
-9.450723167567720573e-01
4.848413161240661129e-01
2.039208078384791012e-01
-2.201820108402032794e-01
5.204862855503411545e-02
7.648910755708966391e-01
6.820178224668380640e-01
-8.043967336067294749e-01
-8.856601989284440535e-01
2.852933242031774341e-02
8.477837402351922069e-01
-1.757250850386433694e-01
7.532938218906348737e-01
-4.508879632372444490e-01
9.167565914483786216e-01
3.030740346336557867e-01
-9.142120178365962246e-01
-7.002928789745379579e-01
-4.672625658681437422e-01
-5.770078035278820572e-01
-6.153847972370758423e-01
-5.429497795174558217e-01
-5.907620745616901647e-01
-5.689701596344396428e-01
-5.374358618966221801e-01
4.933492866970903279e-01
4.475012154439597101e-01
-6.007254215563004873e-01
5.708062261046245034e-01
-2.743840239613490883e-01
5.876654772296034945e-01
7.720900341818159873e-03
-2.165272328267446866e-01
-2.340882020174794853e-01
-1.133136691483427327e-02
-3.509855377174495583e-01
9.030589864592017957e-01
6.451568950139940917e-02
-7.913964123055450273e-02
-9.115094540086183805e-01
-4.316249907607061509e-01
-9.257149380668017180e-02
7.193766824692238160e-01
-8.369256448531132708e-01
1.085544709923302875e-02
-5.754459927441235578e-02
5.820441819289021712e-01
-1.941578561003567405e-01
1.221502271636303316e-01
5.175906639297367384e-02
4.487943393014159899e-01
7.190079613810680392e-01
-4.747188446883261470e-01
