4.776163852762072004e-02
4.208505886167173138e-01
-7.797960991930792396e-01
9.807239326088263986e-01
1.327727023074691814e-01
7.567580494579713157e-01
-5.330759987744626560e-01
1.268841264578308703e-01
8.924774041705823002e-01
4.603895929361525585e-01
-9.549454247426989451e-01
8.389384138272681923e-01
9.715653275306768144e-01
3.908900601635945105e-01
-1.996100042453381462e-01
-9.866494681344706308e-02
-4.351762420079359206e-01
-4.604397382440634789e-01
-7.469167216149215083e-01
-1.055768578169844485e-01
2.773391362578729868e-01
2.285640563717550311e-01
1.187447255965852211e-01
5.025728463622689546e-01
9.507828829781119762e-01
7.487619574778188181e-01
3.616506787370747933e-01
6.861656915278429025e-01
-7.809328654639766665e-01
3.401122998620389470e-01
4.766653468158941198e-01
-4.012846388808042342e-01
5.007178690961315848e-01
8.115292312832478316e-03
-3.717400282021794400e-01
5.107168548642857520e-01
3.627661391496337373e-01
-1.087373071493320520e-01
-7.822988428448174325e-02
-8.476458210778154978e-01
1.677206026429138852e-01
-9.094220854299845946e-01
-5.075246625602358730e-01
4.966099862000317167e-01
-2.250561042233365505e-01
2.316838446519338124e-01
2.110584117262148673e-01
9.295215272535615192e-01
-2.237783640141621788e-02
9.404252041311740307e-01
-7.769741295772305545e-01
8.645124050911647817e-01
-9.118836038218798290e-01
-4.357851270721557757e-01
4.905526207520087834e-01
3.658919585062241353e-01
-2.170076833637035740e-02
-2.264918456260982538e-01
4.943540432539894613e-01
4.985430293120403089e-01
-4.035355242027738321e-02
3.929111730327117247e-01
7.814485491699185715e-01
5.488315965545165209e-01
-7.313751140236706139e-01
-6.407723025939411343e-01
5.250162819580246332e-01
1.882762111610223332e-01
8.514814902459666435e-01
-9.115555184802168753e-01
9.616686911714233954e-01
1.819170228844650961e-01
6.930202843996917661e-01
-4.057502684253189162e-01
-3.787405867088904365e-01
4.760462831430156694e-01
-6.076490091827579931e-02
8.288905454834272213e-02
2.900450013045798858e-01
-7.127849119906706221e-01
1.585095599891286344e-01
-9.447251774624427778e-01
-7.936587455252137602e-01
-6.334796403860993852e-01
5.377310869044096275e-01
6.683192378637141662e-01
-5.881458347135954945e-01
1.795188105682363755e-01
-2.158379782498731636e-02
8.643458854281040882e-01
6.120587843196825251e-01
-6.182791607752471386e-01
6.778144489948882967e-01
-7.858947144755608072e-01
5.437757428551608374e-01
8.696762844835304040e-01
-5.769886325180959563e-01
2.663141002121922618e-01
-8.875675832706588775e-01
6.189141790530749976e-01
6.294286639612796108e-01
9.274370103431355261e-01
6.569200130552743655e-01
-7.956818902006523864e-01
-5.938966797660525376e-01
-8.990852925713295196e-01
-8.014859414968853457e-01
-1.896169422958688955e-01
-6.771395145156307027e-01
4.069297197978816172e-02
2.200011019689125380e-01
-8.300805963244997088e-01
-7.779724237026617306e-01
7.399196976308075602e-01
-2.708075789752240059e-01
-3.611942169690829374e-01
1.940476810295457266e-01
5.974036406827623047e-01
5.457193301089817705e-01
5.737941027005966088e-01
9.854947301385266201e-01
-6.979191288680755001e-01
6.527257356277142986e-01
-7.109650312147373086e-01
-3.439155053085840574e-01
-3.594983141291305806e-01
1.227533465456864814e-01
9.259426446301612934e-01
5.438946295081186211e-01
9.525136044170057215e-01
-8.638830236278436381e-01
-2.468004285272591414e-01
-3.660530199709961519e-01
-4.466957378346476659e-01
4.745043296170534664e-01
-3.431545212323567906e-01
-4.046960600937081765e-01
9.989931946288828080e-01
9.032949430893610909e-02
-1.957775001983295127e-01
-1.032672718157487957e-01
9.519230593318295242e-02
-8.380884138566835340e-01
-1.618659319298676458e-01
6.496405055497822545e-02
-7.594569236376904620e-01
-5.058707994226996352e-01
-1.143251451212641268e-01
7.650518280688043404e-01
1.866560481519894399e-01
-8.628401560239356005e-01
-1.651200459183419511e-01
2.918537340169526928e-01
4.629222315241876551e-01
-5.611512343222595511e-01
4.025365763274175723e-01
2.831704145221052293e-01
-4.060303660527142533e-02
5.344880219635230745e-01
4.634032242224011000e-01
-4.419859907587488923e-01
-6.630673944102516426e-01
6.775969271098176705e-01
2.096630065963072109e-01
-5.710593453550651954e-01
-8.851024787614485412e-01
9.804872324606404010e-01
-1.166960730864929907e-01
5.102999119511169024e-01
-4.817813397853365487e-02
7.673958368455089385e-01
7.564619579524640702e-01
-9.972469752816586208e-01
-8.204052051301373716e-01
-1.335120453483891190e-01
9.041788437361319986e-02
6.992057931410693428e-01
-8.177319692010123209e-01
-7.294670330292301053e-01
-3.876073531496910807e-01
-3.658578511531782596e-01
9.866163843545106005e-01
-4.530105510745174868e-01
5.059003989608306107e-01
4.837055960904039775e-01
-4.909856813829489575e-01
-2.207943120879458654e-01
-9.880344881063802820e-01
5.024065895800597925e-01
-2.585070130919178144e-01
6.723166388645820390e-01
5.719357803243483307e-01
-5.666153768293507031e-01
7.413594460408294839e-01
9.251263614115166067e-01
-6.430032694591549802e-01
6.036541324854227675e-02
-4.352761360688406356e-03
-1.096430997483917036e-01
7.942287155205456362e-01
4.098371256933945883e-01
-5.236089036303932520e-01
9.640465547840995075e-01
-9.309844680588419408e-02
6.224308432886507259e-01
-9.608317501463345955e-01
7.628813978372295246e-02
-9.646879145834277303e-01
-6.749247683736918635e-01
5.717286371134400191e-02
-1.856960069931987700e-01
-8.740456285496287503e-01
-8.998868131756312394e-01
-2.518538264650775904e-01
-5.446755319681304552e-01
-4.018251018912168959e-01
4.314135517458694835e-01
9.436953305308131146e-01
-2.375746114832439915e-01
4.257236505006487537e-01
-9.545280039082597590e-01
3.668912316525227979e-01
4.669035874797222707e-01
5.051745581448578992e-01
-5.609485716419497781e-01
-7.808963108898294703e-01
-6.957451518024979631e-01
6.530581096757657189e-01
-9.450298943661450402e-02
-7.078078829152667506e-01
-9.290958066238328428e-01
-6.141466747242940727e-02
6.482006260273549536e-01
-4.092983354105323990e-01
4.043375422892065973e-01
1.463193396997848339e-01
8.401068106931641744e-01
7.363101100079907368e-01
7.451559527972144714e-01
-6.894160971480591815e-01
-3.807178378013504894e-01
-3.496510705585902379e-01
-8.931468559478232816e-01
8.110076292261918507e-01
-2.393764505390905128e-01
8.876253113486540780e-01
-3.007060422023364321e-01
-2.133010306262990152e-01
-1.030586558232484684e-01
1.638530468501273596e-01
-6.269788815595263021e-01
3.875974533105914777e-01
3.502461737468465230e-01
7.844188036531252184e-01
6.237155263456619636e-01
4.970770973950113802e-01
-6.891505611463530911e-01
-7.542610944613548085e-02
-4.852520803680970829e-01
6.697590923535234886e-01
5.874883864487689955e-02
-7.072834464258110909e-01
-1.471463408645110604e-01
-2.841180961591907028e-01
-2.893126159531591579e-01
