-4.383640142808509221e-01
2.726504948193917421e-01
8.014073562487129543e-01
7.963908459404815954e-01
-3.250906341533039701e-01
-8.800855604120934039e-01
-8.482406294730691076e-01
-9.832426256280535348e-02
-3.338765174183420115e-01
-4.164529185138199363e-01
6.031099753731830049e-01
9.772116543297602043e-01
3.043120615732475276e-01
-3.549604227166545112e-01
-5.726969814752846943e-02
8.022916230830754447e-01
3.137005569568722674e-01
8.958574420749161327e-01
-7.190937360481508556e-02
7.126183068173317370e-01
2.840455260499659129e-01
-4.151257682082933886e-01
8.098152650267627095e-01
-4.109345713808747469e-01
-9.534347511183058899e-01
-1.168164399302029643e-01
4.101239413168149550e-01
-5.601319960085282545e-01
-1.932548781054321818e-01
2.325333914434324356e-02
-2.162526090368313003e-01
-7.068306518721203524e-01
1.141822460173169684e-01
-8.396151003425935677e-01
4.543363555854074143e-01
9.456535885024339727e-01
-7.825495174775987106e-01
-2.304900123003184031e-01
-1.752976945809692211e-01
-2.017670609922439517e-01
-1.184973238893860525e-01
-1.287032119583466638e-01
-9.534175299668199433e-01
2.382584235523110827e-02
-1.561416738192720199e-01
-5.584937635911322307e-01
4.832946309691887876e-01
-6.885007238916212025e-01
-4.102786881619016057e-01
-4.084795907516411972e-01
9.309315539680755869e-01
-7.485423021137054267e-01
-1.294887328444338515e-02
1.443602008371631662e-01
8.329889329032975631e-01
-5.126375770443825086e-01
8.163759080180796879e-01
-5.537239915566896098e-01
4.640490051626002810e-01
-4.651849086242365594e-02
-3.802291707050242664e-01
-4.461120507150793113e-01
4.886509277761554859e-01
-7.377175660849697447e-01
2.780350352069966835e-01
-3.659130708562197132e-01
-6.695615823177663017e-01
-9.601666250483167353e-01
-3.608146135334922011e-01
-1.866523414904919242e-01
8.813119918609779724e-02
-7.798339739964754713e-02
8.773329122417126147e-01
1.145506341764459535e-01
-6.430614442396422881e-01
9.674169165669703752e-01
8.067966652066773658e-01
-8.438016046028466999e-01
-8.379399380656415985e-02
7.390953444385850446e-01
-8.425230580542208969e-01
-6.718928718668346622e-01
6.034086868820993654e-01
-6.006218276700892034e-03
-1.375052838802612865e-01
2.908033541388626020e-01
-2.588963642818888911e-01
4.754378962133631870e-01
-3.190025288330029518e-01
6.641509208069666936e-01
-4.637393492363683922e-01
-8.856752053175298567e-01
1.919189432939358841e-01
-4.699866955227514076e-01
-1.055674721094392865e-01
1.977801896554369776e-01
6.970053193089806864e-01
-8.736403946635726836e-01
3.314637026781228624e-01
2.848384458016015586e-01
1.658429810330062093e-01
-1.584296066196182462e-01
6.492964884302798723e-01
6.660206244597888237e-01
-8.131117235326044135e-01
-1.408971634302671472e-01
-7.502442144503518318e-01
9.158446287437880251e-01
-5.994619885585017460e-01
6.455700148554890383e-01
-3.894920684819491719e-02
6.270215743574194533e-01
-7.561653231226759253e-01
6.496119868488672289e-01
-8.725908874048071695e-02
2.469969169661805353e-01
-1.399292477989444450e-02
4.938938510942834093e-01
-5.013003962652318179e-01
4.410208534551232074e-01
8.063203489327157580e-01
-6.365265912033963858e-01
-3.833226755373930761e-01
7.736192732866431498e-02
8.744707489520044952e-01
-7.917919525982031193e-01
-9.299979930052189037e-01
9.148948521347999296e-01
2.608498789451574318e-01
5.343117308386304831e-01
4.094239489659172726e-01
-2.130701819113167694e-01
5.788345710832256685e-01
9.183030767119833015e-01
3.826230680503128756e-01
-8.577166246840510766e-01
-3.869411311320460900e-01
6.255929430353204257e-01
-5.741908668893522805e-01
-9.907375619886142903e-01
5.959434953927715828e-01
6.788059977652463051e-01
2.580236455302002962e-01
3.882425096607877713e-01
9.390715169807564155e-01
-8.097123021738967807e-01
1.563616995863224002e-01
-7.564616916318833706e-01
-6.550145892582199814e-01
2.858040980192686487e-01
3.854029207812486035e-01
-9.359097036638039935e-01
-8.557194563913987917e-01
7.524094792249187424e-01
7.849402723656049297e-01
2.450279111692994505e-01
-7.915795066150708159e-01
-3.049996083206822917e-01
5.264982943743730104e-01
-5.510056779462402243e-01
-5.996001538849227153e-02
2.382081410804133270e-01
-1.493946891181727743e-01
-7.198619528253313860e-02
9.272170083044093403e-01
-3.901443769353019064e-02
-8.888654135915532439e-01
2.592306330987388385e-01
-9.565764615075469379e-01
4.075463492503277330e-01
-4.321209875838565306e-01
-9.710128927097487761e-01
-2.832644172527531978e-02
-3.070765001797608473e-01
9.877694323276777766e-01
-6.611374524968431921e-01
4.958605370290614101e-01
-4.902997438800817953e-01
-9.753894915142780064e-02
-3.128576783327186028e-02
-7.916103900077442468e-02
-1.208654999228966354e-01
8.712210142221255005e-02
-3.748967446957247596e-01
3.986467465842773450e-01
7.708784598727589366e-01
-8.309081094675254686e-01
7.719923691189918280e-01
-3.937365991903627460e-01
5.149065181884227016e-01
9.598802913078103849e-01
1.597464523414040549e-01
-6.555326964346348539e-01
8.270870663355733843e-01
-8.930693922997237078e-01
-7.031959205818345549e-01
6.947880003988171627e-01
5.005255681699296577e-01
-8.299023290202367509e-01
8.747217246043390571e-01
-3.564495662952751331e-01
-4.682189030878323166e-01
-9.824564765631103036e-01
-7.320685491785647869e-01
6.253779420545277912e-01
-2.809637231972184068e-01
-2.317850921845310275e-02
-7.249160536047249970e-02
-9.421220024242984437e-01
-8.010060050800664744e-01
-4.882772021580885635e-01
8.656058842617220250e-02
1.522060074823003983e-01
9.096048295160883423e-01
9.785303132327982656e-01
-9.469213968507288470e-01
9.174180337592297008e-01
-1.523779680392869373e-01
-4.241660877137682917e-01
7.761339173169432559e-01
5.724672775057104701e-01
-2.750696600524156210e-01
2.871001783182587364e-01
-9.073415494714294205e-01
-9.673428239200585477e-01
9.237814015868990314e-01
3.782079613113955574e-01
-3.137956596651947372e-02
3.525031602145745069e-01
6.810291568425668185e-01
7.220014391340714432e-01
8.006720569627860939e-01
-2.594293741486084492e-01
7.381837221289488937e-01
-4.126742549476980493e-02
-9.462167644018089074e-01
-5.337806415707697649e-01
-4.960077063932852859e-01
8.965896973724174490e-01
-2.864707798502379443e-01
-1.107535146820093352e-01
-7.964372894886422305e-01
-2.051896199521681119e-01
-5.474998833080890748e-03
4.318272108674123810e-01
9.165776765179745045e-01
7.381506892340043979e-01
-4.296528975231046488e-01
3.939169808374591852e-01
-9.772322002417799247e-02
-5.207179548410034720e-01
2.337112453259102551e-01
-9.458479752829276332e-01
4.397491317718229542e-01
-7.605384166368067689e-01
-2.952698339737411803e-01
-9.147500344885801660e-01
-5.575830677449213901e-01
8.478153903865370822e-02
-6.923007459461623103e-01
1.985027142700457325e-02
-3.712218881858855291e-01
-3.105955024672442111e-01
6.943596609197650871e-01
3.581868097748930335e-01
