7.978547163382736507e-01
-1.329600839931341927e-01
-6.215518628825962288e-01
7.791441358655428751e-01
-8.594170536075562694e-02
2.482937401948885903e-01
9.573216439164144997e-01
5.957858214791622586e-01
4.852113060308427261e-01
-4.832670571734094533e-01
-4.126100887341548340e-01
-9.650019161587177763e-01
-4.739272152388165349e-01
-5.384324765807775304e-01
1.829132021815134568e+00
-8.494033648441294826e-01
3.674721626515146666e-01
5.276592981291401419e-01
-1.611834981369439923e-01
-6.138182678166750339e-01
-1.926972558418660331e-01
-4.120645216279979373e+00
-5.476854810164244469e-03
1.417895927002570389e-01
-2.491167288712972105e-01
-7.940076847056101172e-01
-4.137003603645930117e-01
-5.341704549726806750e-01
3.102571376702047967e-01
-4.677174816362845711e-01
-9.745211162248159642e-01
-1.155427528030119610e-01
-9.657766354273111808e-02
-3.929714922017988332e-01
-3.257172238416194965e-02
8.432203266087701099e-01
2.667229072661492228e-01
-2.490945466572913602e-03
5.222546451241909526e-01
1.169206482384990142e-01
1.844954862386676275e-01
9.256741091532816323e-01
6.905436727881228975e-01
4.136973029842636596e-01
9.596422684635923517e-01
9.663770980531920518e-01
-2.782774118479891534e-02
7.292691380524995992e-02
-1.614981118086731282e-01
8.469435272331440334e-01
-7.283700114361619793e-01
-5.215536509479106186e-01
-9.110404836573666731e-01
-1.334461884518691743e-01
8.432776889178525970e-01
-2.144964503050466043e-01
-3.840849868368858555e-01
5.553159199449508865e-01
-1.409646479079051939e-01
2.321630362038920037e-01
-3.908725297319979308e-01
-1.531034820786087991e-01
-7.631712760258622108e-01
-7.384297341611012477e-02
6.638187480278803232e-01
-6.987536446488773478e-01
-2.582613724605159256e+00
8.500155603754278033e-02
-1.527520832828994646e+00
-8.385159370346415564e-01
6.800505309341311477e-01
5.145364357959787416e-01
3.601223903457506648e-01
9.034423121622285890e-01
-8.191605180671805986e-01
-8.786226991711765244e-01
2.966135025931345703e-01
-7.523409741027800024e-01
3.111684590527594718e-01
5.851658911264669971e-01
5.736409349490199094e-01
1.236380047573586438e-01
1.231121892268630669e-01
1.586153824712239757e-01
2.724758991122040452e-01
-6.958060164002690673e-01
-5.365479520487321796e-01
8.333315205566691475e-01
2.974719128142782054e-01
2.163346513264108317e-01
-6.322675420283234704e-01
4.595719876457164954e-01
1.583575911435699535e-01
4.441985114355644360e-01
9.376877613744591944e-01
1.004555960108615142e+00
5.317913733435202239e-01
-9.548875888833554537e-01
-2.406565466519250407e-01
-4.365995738050809649e-01
3.365428906975713730e-01
8.150454357232184144e-02
2.745644575171852786e-01
-4.219870277840607198e-01
7.281174837467483396e-01
-9.840959231951367236e-01
-8.519177028812685570e-01
-4.707855867667960492e-01
8.381520590983406738e-01
-7.226590973451612054e-01
-1.461878535017812064e-01
-4.335614284081936720e-01
-8.853858974366755064e-01
7.143049126373284263e-01
-4.350152192087370917e-01
-4.164653840296106413e-01
1.415013605039345812e-01
-8.298760062961576534e-01
9.641072352415860358e-01
-8.759877162923819238e-01
-8.576372474562330428e-01
-2.108577278144410649e-01
8.809418829492920988e-01
3.015806278116129890e-01
8.613111486028310892e-01
2.786204647173458060e-01
7.483704057021498546e-01
-5.191760371294897869e-01
6.643591851972847628e-01
-9.727997152476344223e-01
7.639103612006163946e-01
-7.575378119825422196e-01
-8.690100014336137324e-01
-5.425390500726032794e-01
-1.484045925361164420e+00
-6.108309723959475246e-01
-1.669776137918796310e+00
7.021450447110104687e-01
-8.885234355032090026e-01
4.507636083548358652e-01
1.672939308988772300e-01
-3.872763997636994304e-01
6.068778280537119318e-01
-2.618099120439991712e-01
6.835982123222461571e-01
2.067504248452468052e-01
-1.769436886285131738e-01
-6.010390553903579569e-01
4.319085060576814961e-01
3.884337685647329952e-01
-9.575797595908024373e-01
1.200314141853948247e+00
-3.170550793454347538e-01
-8.332454471802417384e-01
-4.039249117119696475e-01
9.277024878772188732e-01
-6.751782062983628929e-01
1.759127877162026010e+00
-7.467950658551423260e-01
6.354603207536200227e-01
-3.963426838912516015e-01
6.629027928366404421e-01
-3.873817112623659242e-01
-2.810167123279219137e-01
1.273985319449593145e-01
-7.204308887239390113e-01
5.953530086088714146e-01
4.086394329820488558e-01
6.700288731914190166e-01
-5.840112778294659357e-01
-6.899317989952613583e-01
1.498384930481337918e-01
-3.999470372408309160e-02
2.178190622805771248e-01
1.174815639390616617e+00
5.302072944542071120e-01
-6.992941392951672608e-01
-4.862323169663098632e-01
-3.335937632073449066e-01
-5.240369516604383993e-01
6.652079754706274883e-03
-5.943199080944117085e-01
7.467166174226309572e-01
3.216956439684370839e-01
-5.571012173868064021e-01
5.634545234481882492e-01
1.938317030677025876e-01
5.944690603405122786e-01
-9.488130381737878150e-01
9.585887835905029242e-01
1.649850639895866777e-03
1.274098051447110080e+00
9.106427282674522949e-02
8.051823312408099564e-01
3.601425941568576761e-01
-7.433381961630631807e-01
8.450737230110001441e-01
2.681034060487335058e-01
1.069205400284963803e+00
3.425607168380291334e-01
-1.916075841350237674e-01
6.400625788467213528e-01
9.266895262835574965e-01
4.928596067094975774e-01
-7.140900989348359928e-01
8.198061154741140832e-01
-7.488356900069015332e-02
4.545048035718255441e-01
1.414695325106421153e+00
-1.290788907093693094e+00
1.542895043825314172e-01
-9.380636031813986975e-01
7.567324100050185631e-01
9.090740581220504435e-01
-5.048456668417438120e-01
-3.130966358301723318e-01
-5.422236105850276600e-01
-8.340260310291269796e-01
5.692104269422670892e-01
6.723648856438313448e-01
-2.338937137625984874e-02
-7.052766238446572800e-01
4.850910295444599285e-03
1.583528230542501136e+00
9.583506412360598414e-01
-7.919795019720379248e-01
-6.186341672174271444e-01
8.185058425819402572e-03
3.841499688738325702e-02
-7.624157644014666335e-01
-4.918732859639884936e-01
5.921247405826806087e-01
1.679671084363496270e-01
1.998054972885088265e-01
-7.443892426432827669e-01
-6.548108459231620770e-01
3.747997165790422081e-01
1.334429353896515735e-02
4.247654662329702902e-01
-1.836848108937173318e+00
-4.227639644268201824e-01
4.163488731457429259e-01
1.049474946445354995e+00
1.772361236963337916e-03
-8.636215654301702127e-01
1.038435193113543376e+00
8.893364194359218988e-01
7.674847620424276595e-01
8.736510506323416081e-01
-2.239870969686528213e-01
-1.151778872098565554e-01
2.080614562384870414e-01
5.094661085843059656e-01
-4.207736509453565699e-01
1.707733873997849816e-01
5.879870397114752567e-01
-8.022909983396047107e-01
-5.421987781965948994e-01
3.920438291177965606e-01
6.150477524937432161e-01
8.301222575334481490e-01
-6.330999275052384689e-01
-3.556538801923747606e-01
4.778789838510317800e-01
6.635152665380892323e-01
