1.772897705728013751e-01
9.144159703093608371e-01
1.640290502626891023e-01
-4.165176055140391576e-01
-3.601975253164040325e-01
6.230178911037520528e-01
8.970758534884251123e-01
3.040524282816146062e-01
-6.770724130206171587e-01
-4.890206987624412527e-01
-6.283136619473832507e-01
-3.896963354609692676e-01
-7.678871578208872339e-01
5.067394994192353508e-01
-4.773363349936809996e-01
6.391117484479238442e-01
-2.035270304820258058e-01
-4.742250480896241793e-01
6.287830750720337925e-01
-9.104980538118290223e-01
-8.325407294502151778e-02
7.297348175033304685e-01
3.074410169041705831e-01
-5.497117063176395479e-01
3.802822313210225680e-01
2.280095475497836421e-01
8.538698502407628954e-01
9.015170637588232339e-02
-9.686426740383851097e-01
-1.367067802605450577e-01
-2.764512226233484249e-02
5.429379331567132372e-01
-9.823278630745013729e-01
-3.488760870154514748e-01
-1.513039416346351196e-01
-6.841912737457447324e-01
-2.581479154276882237e-01
-2.467970908067096403e-02
-3.809474221286899276e-01
4.142024929999912342e-01
-9.960119156954523323e-01
4.383244129306431702e-01
4.508874157854954046e-01
4.747564596606901333e-02
-9.153992221659630335e-01
4.675361951064194166e-02
3.854370746566231354e-01
-2.870813695626532880e-01
-7.094868926239161766e-01
-5.151573968927636304e-01
-5.756918368716412715e-01
-4.654311573426992421e-01
-9.952612869149939367e-01
3.886782605718739347e-01
-7.436011859960152126e-01
-9.653339831804368387e-01
-5.670838937054847317e-01
-9.348982375077885543e-01
2.304501683271338308e-01
4.417675488343166812e-01
4.174199874627044782e-01
9.903687232657234496e-01
6.784219594265055164e-01
-5.882398447964469756e-01
6.621275672703106352e-01
-2.550982921622813038e-01
-1.538492953459424939e-03
-7.170017657003062705e-01
-3.805581400639663769e-01
-1.725347436544466539e-02
-4.094638099372069906e-01
9.940974938697864083e-01
4.110197778599862239e-01
4.032973337534724312e-01
-5.690958042031541986e-01
2.163714650515109472e-01
1.724928119966437912e-01
5.701072943401019888e-01
5.103565278524619941e-01
-7.249719155009599625e-01
9.664471760028714442e-01
4.540444030783366003e-01
-5.217920953491790304e-01
5.471392962377734648e-01
3.686016001434417877e-01
-3.639792674815327533e-01
7.893561433329299160e-01
1.962167508285472817e-01
-6.341862958589505883e-01
3.500847848823829267e-01
4.797257221021371532e-01
-7.300802741792857820e-01
9.695805402862736067e-01
2.358680282495309033e-01
-1.666028003827373372e-01
-1.375002992154163994e-01
6.862240509123274101e-02
4.148847022863644263e-01
9.462539213975189600e-01
9.477208237335741359e-01
8.058309251140280960e-01
1.269174623111624101e-01
-7.374845002818999351e-01
-4.276675505713312120e-03
-6.255277405122350309e-01
-2.274458879560221636e-01
-5.131168861984631846e-01
-8.796127537616529324e-01
-2.788886624217512544e-01
-9.013354796652586209e-01
6.074407697660282324e-01
-8.321702517492193252e-01
-5.991700330864719870e-01
-4.927472426608310307e-01
1.131177578240070147e-01
6.040630932867601111e-01
-8.294892027262996681e-01
4.367564891682713668e-01
8.636062390398913102e-01
-4.837396992177487309e-01
-8.096793916459070761e-01
-1.778168523540357704e-02
-5.251234299158378249e-01
-3.188111801931430289e-01
-2.527812329654131052e-01
-1.265958354715559508e-01
-2.175055987504501687e-01
2.330237706040574341e-01
3.473838915178495412e-02
5.077837475410109658e-01
-7.198776327990688007e-01
5.314731890051076491e-01
-4.979986290025293361e-01
-3.124791714409527188e-01
-8.496616329059616390e-01
8.270530047076236624e-01
6.764977356190637892e-02
-8.329737746353438332e-01
9.607832467869104054e-01
-9.876514879994882090e-01
1.733638251949549680e-01
-3.841407796758029569e-01
6.490609662905877375e-01
1.011994402608367150e-01
-2.423972046551694515e-01
3.148956298304934620e-01
-9.104024132786980861e-01
-4.989174279042742910e-01
-1.495793471075821390e-01
-4.353849751638694254e-01
6.943951504929761764e-01
2.963119233461364299e-01
1.812189645967965390e-01
3.606807940724188200e-02
6.147879036771397576e-01
9.681094329583801450e-01
5.656652538317734624e-01
-9.944495705533424879e-01
8.119082307503100449e-01
-6.106721782907076346e-01
-1.075641775189395410e-02
3.804369092173329747e-01
6.412447685378523943e-01
-8.353173507506985729e-01
5.327120939267124822e-01
-1.600879101421124329e-01
2.851521761393225329e-01
6.768146442174773902e-01
8.406962887186144595e-01
-5.263651544100917956e-01
7.669434038916858043e-01
-1.634009565692129407e-01
7.197001477051443441e-01
-6.512514858640034987e-01
6.016747104344830621e-01
-7.510478832830400631e-01
3.676333833363945036e-01
-6.137019004459411953e-01
9.036510053692137223e-01
7.537125086505129801e-01
5.387404307058865083e-01
5.245074269951623958e-01
9.509842729753226198e-01
-8.759379652903569458e-01
1.921403479852203944e-01
3.633479028629957863e-01
4.075341379285764010e-01
-7.986239091428830594e-01
2.709344399887219090e-01
-4.319923265510168253e-01
-7.389390241865245734e-01
7.352153094818161261e-01
-5.148317617553783698e-01
-1.295109767684476942e-02
-2.770797825572812734e-02
5.203657586073566765e-01
4.335200825959353299e-01
-9.094693885000946221e-01
-5.113715031071910389e-01
4.104616750173668560e-01
5.045912554875466860e-01
-2.431386756128073312e-01
-1.749100574006361430e-01
8.209904423674996288e-02
2.347025141411691607e-01
9.472265992171104987e-01
-9.590787430692613302e-01
-5.713224544826644991e-01
9.484126911796364467e-01
4.571551719650930323e-01
-8.252959928086329722e-01
-3.011588596755343517e-01
1.011571507233450795e-01
4.121391902785411787e-01
7.870593640577683292e-01
-4.928289137130341668e-01
6.954188007086610224e-01
-3.782007797374706826e-01
-9.229116037613873669e-01
-7.463112701394509774e-01
1.851957766394574101e-01
1.570649735122506829e-01
3.194652581475554420e-01
8.385324964456812857e-01
-7.870191579177097108e-01
-2.502929476913759999e-01
-6.151618035032000442e-01
3.488979000056204871e-01
1.349275819111985797e-01
-4.427688053272516022e-02
9.242350973656066060e-02
7.965277800748404857e-01
7.573624079518477270e-01
1.800595974070848815e-01
4.472450787660822158e-01
-5.981597506942994968e-01
-6.635899390983632795e-01
-6.104359784921991050e-01
5.876013279431546721e-03
-1.861118567225383824e-01
-3.415811997809936607e-02
-3.493835766192703307e-01
7.145247053423395833e-01
1.273166144381485676e-01
9.382343190541448941e-01
-5.029152154465610369e-01
-3.489522039222630045e-01
-2.561165828950415779e-01
9.693564632344799925e-01
-1.878540374513917310e-01
-8.677729979044213060e-01
-8.136634269392217789e-01
-7.701032949278845408e-01
-2.522646335831308928e-01
7.160733729609907172e-01
6.282627966969529520e-01
3.281098160026028054e-01
2.255215508303634042e-01
-8.314048849715811595e-01
8.069612147226050691e-01
-3.989125239461928096e-01
4.387769388131568249e-02
-8.188117719321947874e-01
-1.591611227869587086e-01
-7.980579318796385824e-01
