9.607657749317999318e-01
8.727858703224879999e-01
-7.520652441851234382e-01
-1.467019795242188396e+00
6.874133208302981579e-01
-4.000826920945796950e-01
1.223207382488045170e+00
-8.626445006956473538e-01
-9.628437679079389078e-01
-9.227243266488305284e-02
7.210056459314500010e-01
1.159008247151076532e-01
-1.055491266194659161e-01
-8.311759605900523873e-01
3.525912594684790236e-01
-1.244878882002966813e+00
-3.993808198389871000e-01
6.025181998853754717e-01
-5.883188110531465398e-01
-2.866938811941087129e-01
1.130794236983321266e-01
1.212961332707912065e+00
2.922361670458595739e+00
-3.888816265389807292e-01
-4.331503545753055406e-01
-5.780590494056836448e-01
4.512762876160301140e-01
6.766401265760875194e-01
-4.607924318971658995e-01
-3.144294546451442685e-01
-8.636927616246699024e-01
1.283621996650026187e-01
1.598428534450564431e-01
-1.583514095201567828e+00
3.426855477844372722e-01
1.159174168705588981e+00
-8.801721691146238147e-01
5.705493380374846435e-01
-6.052709837786562908e-01
9.398755267482115094e-01
1.088198488700779398e+00
5.096035346684462120e-01
7.999523742561776007e-01
8.578059736919869671e-01
-3.486447773515084503e-01
9.370851637854342719e-01
-4.936616523863404105e-01
-1.237124106984350602e+00
2.732128503515804940e-01
6.146043827394559456e-02
2.032999266436363861e-02
-4.150241381062553803e-01
-9.072370007395615943e-01
1.836080828092763850e+00
2.088817166281682347e-01
6.207464345280285789e-01
-5.242594474859156861e-01
7.764815165746423720e-01
-6.040947535825547110e-01
-1.195168821330599429e-01
9.874859425139212998e-01
-6.592364249602011839e-02
-6.160082914697155854e-01
-9.882035472656136577e-01
-9.872995423034531814e-01
2.171840872902774944e-02
-3.590938526014864074e-01
-1.667815569534772502e+00
-5.158092745288800351e-01
-1.959153893418179138e+00
2.550868825725020050e-01
2.128794659242071674e+00
-1.526808113279309431e+00
-2.243316872682906915e+00
-2.077137571573208774e-01
3.157482994597962112e-01
2.726128150763091007e+00
-4.778973992962676220e-02
-6.679044243447094242e-01
6.848559830856527642e-01
1.235799349966203026e-01
5.341248681989506641e-01
7.829854725962270834e-02
1.924706775721987784e+00
-1.219066134467738038e+00
-4.505443177194152216e-01
6.424973657106991531e-01
-2.660274262080133845e+00
-5.014956405696185948e-01
1.241968606443633716e+00
2.531055396016987924e+00
-7.234080251171334242e-01
1.235295561944445009e-01
-1.295223798636411461e+00
6.056530778554574113e-01
1.177844352370009950e+00
-3.702637514784898887e-01
9.927809806215841526e-01
1.344352234033747262e+00
6.281751940978330673e-01
3.944253024578832090e-01
-8.952173444465374441e-01
1.458887206290090610e+00
-2.687725095104082307e+00
5.585156956454164767e-01
3.264874278048292000e-01
5.860032843208731190e-01
-9.700654344338577317e-01
2.939570109421993038e+00
-8.014602939161882267e-01
-3.621187244407984007e-01
-3.940868992863115317e+00
2.021853121669335840e-01
2.440710851602065468e+00
-3.430749954675278435e-01
-4.149743758382904435e-01
1.317583416471794777e+00
9.754954828727058214e-02
9.053350125175987362e-01
1.696812965496055314e+00
-9.486976923678447360e-01
-1.239572053517091321e+00
-1.202116934650303115e+00
-4.686974605613654088e-01
2.492747304770537298e-01
2.118531032176986795e+00
7.037301117713257170e-01
-3.493106765066620323e-01
7.085943120618316549e-01
3.751047544954124735e-01
1.676204830525294565e+00
7.492000360348750609e-01
1.455801073527915879e-01
-6.723993038947306822e-02
1.990050849182516846e+00
3.052326137916165916e-01
-1.912217114010069885e+00
3.466552737462365030e-01
-1.833962254571148698e-01
2.190316397509281643e+00
8.562755670015660403e-01
-6.515653594177815977e-01
-8.669933788631561944e-01
8.678653687622064350e-01
-1.308383449707025692e-01
-1.447439292343291273e+00
-5.387483000726445148e-01
-9.258809389746263108e-01
-1.900267378594530321e+00
8.840036434263573994e-01
1.341278232208869658e+00
1.528427087074413437e+00
-9.958959657141266408e-01
-1.831973984152214463e+00
-6.370005410278083424e-01
-9.517081279095265245e-01
4.678883137614530674e-01
-5.755819447992052140e-01
-8.062044850751557412e-01
5.543145105494233782e-01
6.061519466795571853e-01
2.426597032591954473e-01
7.126267399679485637e-01
7.491127120540108653e-01
-6.997139212931060559e-01
2.898421727680955406e+00
-7.360505767821613476e-01
2.113242446481899961e+00
-1.352528184349120588e+00
6.772094725304529383e-01
4.676626280205920527e-01
-2.142576501244560228e-01
8.463431487690038502e-01
-1.803626603661874439e+00
6.245451147413658699e-01
-8.926473696491414866e-01
-1.459824400587867999e-01
-2.353237241205174080e+00
-1.658427574040032826e-01
-1.124209788572044566e+00
-1.169894378440259786e+00
-2.809241864122999366e-01
-9.266704842198925096e-01
2.497508026104866552e-01
-2.002355204463891702e+00
4.998510659130290801e-01
-1.479745584157042826e-01
1.176497750523298969e+00
-8.876542597060259610e-01
2.578838290716360948e-01
1.132872892524579012e-01
-1.866809332886662176e+00
-9.367068758494794256e-01
5.276826151922013874e-01
-1.248856008047940502e+00
1.115928895088458717e+00
6.468809551146121883e-01
-1.128496848564002342e+00
1.589171572722124948e+00
-1.545012584726897176e+00
1.338481595369088950e+00
-8.560791105364440323e-02
-6.125010605404243025e-01
2.269205544953517784e+00
4.790394321449695791e-01
-1.415658230314360111e+00
2.833945991100375039e-01
-1.423587381871121327e+00
1.261136693093844574e+00
-1.010374675452420101e+00
-9.342364501793469778e-01
-7.763411699021799395e-01
-6.616227693931564513e-01
5.107487103143442120e-01
1.286853980542724818e-01
-2.063544397615552306e+00
-1.676794795402379856e-01
2.277416087788378896e+00
1.083169958033026070e+00
-8.028730820821883274e-01
-1.399922356430692405e+00
-2.939138415445057273e+00
-1.028534260098966646e-01
9.383233941588396965e-01
-1.290460973847998183e+00
-2.176351493440964457e-01
3.850167765132961328e-02
3.203266165144696975e-01
-1.501125587121256433e-01
7.283779190587980068e-01
7.516409721637724584e-01
8.126116634418709683e-01
5.584900227841813614e-01
2.082972586660614689e-01
3.307919684359592605e-01
1.420491010893474959e+00
-8.252702577767492276e-01
-1.353627437995734706e-01
1.635697576472626036e+00
-7.193406254402310296e-01
-1.556223810188517742e+00
-8.344948376228957798e-01
-8.747817381054290298e-01
-2.064017457580820114e-01
5.332296053004321745e-01
-9.085963673964405629e-01
7.393989459125764885e-01
8.100317078898404688e-01
-7.758154281255347229e-01
4.985093396604354243e-01
-1.943462277551925022e+00
3.808413882131620465e-01
7.800264031690444799e-01
-3.457683544380794061e-01
2.143270314524816644e-01
1.385779163432474981e+00
-4.871363075698509348e-01
-2.999323889653138231e-02
8.824081134264973869e-01
2.057769176063943384e+00
-6.151844130913497466e-01
-2.898280274789084565e-01
-7.043584367461999118e-01
4.450683128664101318e-01
-3.915057440424296598e-01
