1.630774890178310788e+00
1.220491267839585170e+00
-3.959281914806922487e-01
1.572273955080175090e-01
-5.726785139158319105e-01
6.981097385941184008e-01
5.598334896165855223e-01
1.046376926358691950e-01
6.836678183568374312e-01
2.190170840400891272e-01
-6.949663593907176029e-01
-3.768047561100622556e-01
1.462957776607463956e+00
1.622821843262178154e+00
4.267364107725832856e-01
3.794368662268032821e-01
2.815085559093402079e-01
7.868070856773170529e-01
3.175130342707177533e-02
-7.729892621202083536e-01
1.612053746007362509e-01
-2.136287711738573680e-01
-2.504578314072964940e-01
-5.800089082139741059e-01
6.673452037783333957e-02
-8.553940424727124459e-01
1.917183609338778849e+00
6.270046176170456231e-01
1.212616357093687647e-01
-7.688516604702584356e-01
-7.870441146207620697e-01
2.275307626920939352e-01
-9.830818206482185850e-01
6.752327871236796231e-01
-2.280658215374745001e+00
-4.989078123907577655e-01
4.077617270662654558e-01
-3.108058894983378728e-02
3.586417325659355670e-01
1.591581634022463554e+00
2.557856076828919356e+00
-7.827623736730398019e-01
-1.327343506077942603e-01
-9.502791526036433734e-01
-9.496042003104094853e-01
-8.058656533977451852e-01
-5.970146570641445827e-01
-1.467661875198329469e-01
-9.368793605554996962e-01
-1.815686877055956661e+00
-6.754492107349396868e-01
-4.120882391347742146e-01
6.322939348004990023e-01
4.232152828499340380e-01
-7.409938791107597567e-01
8.297053061251078443e-01
1.576918780010370114e-01
-1.015076575974547257e-01
1.850903546197382177e-01
2.374025415227916103e-01
-4.373116818807960549e-01
1.180606264609160849e-01
-7.659926023355965174e-01
8.100079779572764149e-01
2.756061044697668549e-01
-8.104360562381192068e-01
6.841445862529120792e-01
5.105135360778896292e-01
1.097447644357072649e+00
7.142364095098248100e-01
4.173516603315206019e-01
-6.143489274995290739e-01
-6.108297236677071584e-01
-4.495087249689680986e-01
4.356035915673888148e-01
3.851072943394144854e-01
-6.717620640316914749e-01
-1.871616412136760665e-01
1.991510599665702319e-02
9.686478127170288221e-01
-1.861296284779482835e-01
3.363524103223403117e-01
-2.744081992176699014e-01
-2.785031669525062092e-02
1.873545927472399120e+00
-7.599847846260603390e-01
1.209705206817228706e-01
-9.394127823780527020e-01
-1.756750908756621321e-02
-1.060678185208810298e+00
-6.521408651601989792e-01
2.904511266938605285e-01
3.207285236527313010e-01
8.444958566225468921e-01
-5.263581148678386779e-01
-7.488076615189913632e-01
3.576548634868144116e-01
8.839810313022660182e-01
-5.007363331466389011e-01
3.368907516272858782e-01
7.278226668694536272e-01
-6.709282521435463442e-01
2.504210992602143304e-01
6.054074886762221830e-01
1.682114072116616121e-01
6.872229987703681875e-01
-6.307037965322546125e-01
-8.272842062785827899e-01
8.557294263278996116e-01
-4.399624687177894344e-01
2.937506790924950817e-01
1.987686083620365807e-01
6.421342602561095347e-01
7.904490828029921978e-01
1.918777392311610042e+00
-1.016283438145898499e+00
-1.450583912445146950e-01
-7.106874623751091580e-01
-4.825146207224932926e-01
6.158350852096095007e-01
9.047483044087913928e-01
5.622877276419420145e-01
1.024115008101370794e+00
-9.492882118340597586e-01
-7.469368866476220337e-01
6.476233344535067271e-01
1.400897893958199081e+00
1.794937716379697790e+00
-4.186806769736181044e-01
2.824431016154984597e-01
1.408422100458626591e+00
-5.132527948481069302e-03
-6.183325653883560147e-01
-2.087950635671580457e-01
-8.170519043213699817e-01
-6.407688781867695305e-01
1.118571333220079289e+00
-1.058490843903607814e-01
-9.986913387884936988e-01
-1.468988276346019362e-01
4.097120783334870509e-01
4.092086521541162814e-01
-7.859642536956652492e-01
-1.178884934531725381e-01
-9.406607071741184267e-01
6.711375591665285079e-01
4.073854369431684219e-02
-4.001524023896145810e-01
-3.113881251076684453e-01
-5.001632021528386041e-01
-3.517434458702137778e-01
-2.106017742875287979e+00
-8.395095459921988468e-01
1.026165158517513554e-01
8.318630172905745468e-01
-4.003888701577100750e-01
7.154811750320764219e-01
8.693694686295064811e-01
2.769547067380173644e-02
4.458342666053380920e-01
-5.045262176064974069e-01
-9.295781262659279509e-01
-3.961935180847583338e-01
-7.254803041230462046e-01
5.802199994425805141e-01
-8.910173535607848194e-01
-6.808040236117895994e-02
7.736700731458467928e-01
3.939615321882645738e-01
-8.178400697035832501e-01
8.986530525453684248e-01
-6.723271694491363970e-01
2.984667888261787194e-01
-3.192447791544152924e-01
9.237445202725846904e-03
-5.290004403784145381e-01
-4.097186969015647051e-01
1.693143495882329930e-01
1.104745118910672730e-01
9.953987300347235667e-01
-4.932104271058475042e-01
-8.225122633568728858e-01
1.026130314650083308e+00
3.513775495626496603e-01
-8.556392719788252776e-01
-3.383593983067221256e-01
-3.440640617790036160e-03
2.534994438957811624e-01
7.522858638290601530e-01
-1.211977349355681799e+00
-1.906938797620262527e+00
4.733222483495511668e-01
-5.972881823072300200e-01
-9.919580339706493000e-01
2.127427937075013986e+00
7.328766329662417256e-01
-1.372548995128079596e+00
-5.523576258433748887e-01
9.149273964302151452e-01
5.027292740318904940e-01
-6.913440605545078110e-01
-6.697392650142186543e-01
-9.133472112297464918e-01
9.680318714981346329e-01
-5.519072272891594189e-01
-1.476681931855529761e+00
-2.086272959065071930e+00
-2.060189528111244783e-02
-6.537345427194836134e-01
-8.076531975726100043e-01
-1.421757884757125279e+00
-2.898035497876643163e-01
-1.873528469721614798e-01
2.328037199927148748e-01
-1.441547961510363240e-01
-2.048516258212114138e+00
9.792760480021756031e-02
-5.937356863591505274e-01
2.123758266952940232e+00
-1.888068499327071326e-01
-1.939167435027130959e-01
-8.404340267817076437e-01
7.054401993182151109e-01
-1.637428002845167097e-01
-2.330551577575724342e-01
7.872965941455609684e-01
-5.186064691058596132e-01
6.972099009965213590e-01
-2.437094961656887548e+00
2.446426409532098667e-01
-5.051045951611743412e-01
-7.907164119069038932e-01
-1.084699795823425850e-01
5.849943805680162257e-01
-4.701420240400000505e-01
-1.632660164643218614e+00
6.024731149597606361e-02
-3.544378299021042622e-01
-4.229607235514927233e-01
-2.580154026673904255e-01
7.736849383841537531e-02
2.713560990696506359e-01
5.367720003347032920e-01
9.837424679182094067e-02
5.657043877229512852e-01
4.391143586567241019e-01
6.019163672457574776e-01
1.406332686571697632e+00
7.605487692127501642e-01
-6.893316399235835945e-01
6.332579801275659559e-01
-1.167488851759600710e+00
-3.540032814322060517e-01
7.746470928679765056e-01
6.127880313018381209e-01
-3.103475720679210959e+00
-4.313493102996579509e-01
-3.163315672773592269e-02
5.047105977596393345e-01
1.174163941039282788e+00
-3.040532262627333449e-01
1.837260211702982815e+00
-9.630039122278377661e-01
-3.973048536531455510e-01
-2.144228507066856526e-01
