6.761752092998556396e-01
4.543038480561321091e-01
2.710926576163434909e-01
8.765200875778389467e-01
4.170234959029979205e-01
-8.970000919351768243e-01
-7.054693942198089207e-01
-1.609581810795370771e-01
-3.240928168932564191e-01
9.873253479610024641e-01
-9.962156645970476898e-01
-9.739413857988421519e-01
-8.697612684027937746e-01
2.310211269132667056e-03
2.652566958341751047e-02
-1.106845937857865447e-01
6.092850827166607086e-01
2.983486766748906227e-01
-6.482956551906893239e-02
4.283834875558554245e-01
-2.006790428857152531e-01
6.377541659936640794e-01
-8.961627027800154188e-01
7.253358808999030849e-01
6.012050287914094682e-01
7.494917472174655870e-02
-7.803482724515253821e-01
-3.278100643868433473e-01
-7.624534152135964415e-01
-4.441756234592122432e-01
5.738004392785445162e-01
5.973674173453022984e-01
-3.811213901681000937e-01
6.572150409473347388e-01
-6.208037731380897650e-01
-6.292924013312146680e-01
1.483190048607723188e-01
-2.244202794199091633e-01
-4.148501189158881886e-03
9.144928063678872121e-01
1.473330748042309679e-01
4.866113320556495481e-01
-7.500288763531635094e-01
-5.888936456041855561e-01
9.143077999701754166e-01
-7.546806316638412504e-01
5.023003711368592139e-01
-7.151099888828214013e-01
-1.344939994708980180e-01
-1.340344283918548651e-01
6.732565032276804917e-01
8.105290091241765804e-01
-4.278573201595379238e-01
-5.262030930540166906e-01
9.012976319774042011e-01
-3.607643345101527732e-01
7.007752571874790171e-01
-8.182090040771596851e-01
9.244026179861235537e-01
-3.356127209586639015e-01
5.650993264771628777e-01
-1.686633783850368662e-01
8.706493863863684624e-05
1.539555780885062397e-01
8.970978341278450507e-01
7.674593051240499175e-01
-4.252690824430322980e-01
-8.015610984800121130e-01
9.231580853395755515e-01
6.037083644100638136e-01
4.948437246294918879e-01
-7.954041641593674328e-01
-6.567640756721850881e-01
-4.012815244753082933e-01
3.863643236563423233e-01
5.281590663288375787e-01
-1.106698354678365970e-01
2.359062340623467868e-01
-5.143617219470075774e-01
8.083943714724548535e-01
6.927973325574947605e-01
4.483272707386918299e-01
1.856362546475587294e-03
-5.980402844948911056e-01
5.513467836760057583e-01
-9.936340169261659305e-01
-6.721672452487490457e-01
4.663234086554695068e-01
-5.758186208978306464e-01
4.807611642638762728e-01
3.701412761373565896e-01
5.139256199748216680e-01
-4.659154375450529351e-01
-5.834962149185756175e-01
-8.152610866647325150e-01
-4.253700286354966664e-01
-2.992478947029115766e-01
1.226013256766991244e-01
-4.677744886486845388e-02
5.445678065019605718e-01
-8.044475075841859280e-01
7.296982933822500073e-01
1.067057487875425759e+00
-7.447577000481255816e-01
5.431901565398054021e-01
3.328619384423525673e-03
4.086911705032554298e-01
4.265827522791061366e-01
7.561085870565525946e-01
6.337012196695365196e-01
-1.155821397272942752e+00
4.091107200124781684e-01
-8.659899169956339904e-01
7.153969275416569573e-01
-3.805922989597405603e-01
6.425075975126162131e-01
-4.236314892141601618e-03
-5.305490824776715186e-03
-1.727960329466686484e-02
-6.120371445624916973e-01
-5.481858740692999721e-01
-5.358273081281448302e-01
4.644724848516379456e-01
6.580812886665681205e-01
-1.396496597270953099e-01
3.915184717995752184e-01
2.215864831280038860e-01
4.036333975738266577e-01
2.220379789533399872e-01
-7.581248197858798665e-01
6.230403396913497538e-02
7.866860724180368969e-01
-8.154248177529610508e-01
4.436391689845735620e-01
6.829445946425991565e-01
5.255173953876151050e-01
-3.428177812629580323e-01
-3.472587896873466917e-01
-6.518750007775360178e-01
-8.716327410594655323e-01
6.219786067663448659e-01
-1.201809690520335483e+00
-4.113494659075007664e-01
-8.558980580991869536e-01
-6.499607078682707595e-01
-9.821254653003184121e-01
-6.123037446398749140e-02
7.937178077411974897e-01
7.540344570770620702e-01
7.031191842183113216e-01
2.147266540459780160e-02
-1.168379498187910315e-01
9.232445044823840430e-01
2.986503055563332065e-01
-1.265528671835127295e+00
-6.612559429952036272e-01
9.535119192543284328e-02
5.367641911997480531e-01
8.173705976153162744e-01
-5.392461705357340929e-01
8.250994887825586765e-01
-6.191833579667764820e-01
-3.364165589665120137e-01
8.040615817962972756e-01
2.687452025746221995e-01
-2.335431154969829226e-01
-8.119675006053916899e-01
6.568470144277922529e-01
-8.282976334637504046e-01
2.469840125774336315e-01
3.785239441300340957e-01
-6.633706456722554545e-01
-5.529582626598148476e-01
4.702345598102279922e-01
-3.563712695811247499e-01
3.596891664810546452e-01
-6.627941497650462477e-01
5.133573132660009808e-01
-3.256928948562378690e-01
5.204252303483973829e-01
-4.948971144143983203e-01
-7.989288674658794331e-01
-8.795557029258700421e-01
-9.845131804096531880e-01
6.095196668522697703e-01
-3.257422477329596777e-01
1.256370762228957716e-01
-7.425316709875695587e-02
2.502856011944250003e-01
-1.958192492501311666e-01
-3.481342413425581039e-01
1.895104950557189305e-01
-2.574964942347932606e-01
-4.746258349078478211e-01
6.179401742691139621e-01
7.534445635318161028e-01
-4.185384803579481616e-01
9.218943883742873879e-01
7.341636812109948451e-01
-6.751357161013056274e-01
5.691790348719609760e-01
-2.164873036810119888e-01
-5.356873129289108082e-01
2.904235197489868359e-01
-3.322577388765730610e-01
6.974970789925816206e-04
2.174427041890794055e-01
1.791232886293816495e-01
-6.507664753703759075e-01
-3.062440468658971238e-01
5.973241903406489861e-02
-8.450360289942431269e-01
6.841977626524937683e-01
-8.869514395458999445e-02
8.954218855731219673e-01
-6.251001730793692701e-01
5.898130787692086319e-01
-6.023088802682099452e-01
9.188051733298008283e-01
3.731524188396428965e-01
2.273069174690778294e-01
-1.066107190365588320e-01
1.418933189844664433e-01
-6.136637158515099166e-01
-6.892895563913676860e-01
-6.994767923894524841e-01
7.546731467866552023e-03
-1.075061275520390325e-01
-4.110683411074573801e-01
-1.874336639843028340e-01
-4.328473205308958072e-02
-5.779763219282592068e-01
1.676169788009249650e-01
5.614029980136423514e-01
-9.846245821711494539e-01
-5.968225869212282486e-01
3.958313125134325094e-01
1.963941320232358567e-01
9.806917103123007351e-01
-6.033215852137874258e-01
-9.576493789614899388e-01
4.553578886478586440e-01
-1.693991325534249803e-02
7.288497889353720005e-01
5.708848090840816791e-01
-9.061523762582834873e-01
-8.469013362385611199e-01
7.573919374410902350e-01
-5.608548889364961543e-01
2.350956040042961881e-02
-3.812254573115048117e-02
-5.658602723100383258e-01
1.080634369341919587e-01
6.076112708279344243e-01
4.823177262860340875e-01
4.281554929772639628e-01
5.394761004127623938e-01
3.409749215606217021e-02
1.092627034350555082e-01
-1.071875229622620829e-01
-3.665124217559854181e-01
-1.365780323680159114e-01
-2.132275138652577340e-01
5.658238881282022792e-01
-8.805416249898723180e-03
