-2.842307841344171582e-01
3.310805610805367394e-01
-5.714005211203487811e-02
-9.170054895205854706e-01
2.954716262130554494e-01
-5.293364427473332690e-01
-3.882025946806184624e-01
6.928170004943230431e-01
8.746414703629183940e-01
-4.826323669723804333e-01
2.524669029378587837e-01
-8.021683230576019952e-01
-4.716997164141736310e-01
-1.740919090837045324e-02
-5.716771890929734923e-01
-4.769049311634612209e-01
1.550437080744879736e-01
-7.538730804540931807e-01
4.613850116874635976e-01
8.471791977099858428e-01
-4.331631184111308652e-01
4.724359607286052753e-01
-6.554451374323748691e-01
-5.400237077917013906e-02
-4.852430090284438613e-01
6.711411402854148278e-01
-3.096016190191561712e-01
4.197398639989815550e-01
-3.440653037487706456e-02
-6.235723039242277999e-01
-3.179085625674242799e-01
1.077621577813636655e-02
-7.362276555704982961e-02
-5.902884534273922235e-01
4.100710394402977688e-01
4.132436295071362231e-01
-1.603959910270533751e-01
-4.462784085017854618e-01
6.946861814577645067e-01
-3.153112553423944586e-01
-8.257003492071313122e-01
-8.782549489652424768e-02
6.708031990906271336e-01
5.824159724928812398e-01
7.368211520724829988e-01
-7.476548394601683079e-01
2.132395590020446097e-01
3.130806870462636837e-01
3.514958428101819798e-01
-8.685385004863406255e-01
-5.019124030248707236e-01
7.451850664618557829e-01
7.981784112723127045e-01
-4.495247735181455706e-01
7.882564894389678667e-01
-9.938882076573849478e-01
-2.663988179913476806e-01
-7.885164134959810056e-01
-8.160569326348010577e-01
-8.828625759347867863e-01
-6.818719644775133037e-01
1.615011794833982606e-01
-7.092168212378091585e-01
-8.707012023263049905e-01
-4.175970670967750209e-01
5.519296132502486962e-01
-2.486322994687131249e-01
9.379846351718117425e-01
5.844422354372136308e-01
4.821848469374190316e-01
-2.967453769894659033e-01
3.348892062713515472e-02
-6.784473538876885090e-01
-7.330830554699787616e-01
-2.050152057215015589e-02
1.945161708872578110e-01
-3.439123926912830420e-01
-5.742891298578338688e-01
-9.830785190803745799e-01
-9.412403470972541264e-02
-7.040607121403907875e-01
-1.011468430514053107e-01
-4.721874894797575273e-01
-4.816991597948911963e-01
-1.371530589712155468e-02
-8.438017230141130476e-01
-7.358937406229955069e-01
6.060120836390652244e-01
6.215312408821160872e-02
8.779199098495036324e-01
6.828236145804167379e-01
-7.423758716731989615e-01
1.842170443089941045e-02
-2.357294110912400154e-01
-5.363870146157903029e-01
-9.641634474932370136e-01
-2.015920476159656083e-01
6.557393027288860310e-01
1.222055139325290973e-01
-9.779500673750973760e-02
-6.458736717172384179e-01
-3.669469052531930675e-01
6.604503354248960623e-01
-4.240317597605682831e-01
3.817662689504122131e-01
9.569933702501753903e-01
6.221153611918113224e-01
9.636730133887470018e-01
-4.463662620930768377e-01
9.705946528138469365e-01
-8.694211410409384833e-01
-4.468167773643720864e-01
6.392260627072339219e-01
2.266663901858729790e-01
8.888471694773825149e-01
-9.525937277836711292e-01
-6.407412385306607838e-01
-5.266469098242545499e-01
-6.128098882975090422e-01
1.985827673776001667e-01
4.596995422435707912e-01
-2.180468069128755904e-01
5.598645537963291563e-01
-8.716989484973307611e-01
-3.361776077341569469e-01
1.070596626723274714e-01
-6.612109968435224694e-01
1.951741407085918478e-01
-8.083383992209693947e-01
-2.851524507699130240e-01
7.747588199126536068e-01
-8.415686714077257324e-01
-5.511546005290766104e-01
3.379907210960784170e-01
-6.280067281136993973e-01
-2.200064691455227983e-01
-5.356352130625758878e-01
-2.142640598212164349e-02
-5.409758982379702097e-01
8.006948755559830655e-01
-2.091289992886020688e-01
8.617833453449117442e-01
-6.235113339633215901e-01
-9.031688414343588267e-01
-8.149674255808516676e-01
-7.545997998968838605e-01
-3.841772087918937650e-02
2.504991943661245557e-01
-8.763199484938293260e-01
-5.793168912362980372e-01
3.352141426671955138e-01
8.272355936808339916e-01
-5.023164083722471140e-01
-6.143853408120991677e-01
7.095931746728789680e-01
7.290899122650396080e-02
7.987901148253362393e-01
2.192651930520779224e-01
9.820167536579247347e-01
-3.596399889126182803e-01
1.348689102262845552e-01
-1.477093806721507807e-01
-8.456333448629362870e-01
-3.363355651276920266e-01
2.590047676047344538e-01
5.626593177174312732e-01
-4.862305994590745417e-01
4.299873655157804286e-01
-9.486064633059179130e-01
-2.715700040814645888e-01
3.263642009076725969e-01
-5.678347424446585912e-01
-2.612239886631513297e-01
-1.748040041438185810e-01
-7.520577598961639687e-01
-8.886506822631692337e-01
5.820165751346899619e-01
8.492670925300409568e-01
8.056338931663984404e-01
1.513299710704418821e-01
6.872073869001193991e-02
-3.053302788944547430e-01
-6.279093401770081684e-01
-3.175442350489430243e-01
-3.730649064227249401e-01
-3.450764142622697594e-01
-7.799262394491712769e-02
8.453614722710527385e-01
4.666600265324563068e-01
-5.064705984430328822e-01
4.134178687754870296e-01
2.008184265056529583e-01
-9.184954215609717476e-01
2.179952097563839786e-01
9.464473636723214067e-01
2.718397893964588086e-01
6.754069700169325063e-01
-8.607072168770177889e-01
-5.042371660247313425e-01
-3.787382921299788929e-01
2.862187162635752014e-01
-6.892438220005820959e-01
-3.026538177268873753e-01
-9.319173129238449427e-01
-2.780495159391263016e-01
5.230206124278842239e-01
-6.493132339551621612e-01
4.753068054544828946e-01
-4.579481208085722788e-01
2.921488603519075689e-01
-6.183468122129542888e-01
-8.968106930203922911e-01
-2.456453476662878721e-01
7.105992935119276321e-01
-6.976185475388445578e-01
-6.828850327935589437e-01
-3.351079407525545673e-01
-2.381497958893308287e-01
9.152443225873794219e-01
-1.212756092925564300e-01
1.338890497094356036e-01
4.296176134173641525e-01
-7.624275365232244805e-01
9.105014905211561427e-02
1.379638984864919315e-01
7.720937524926616558e-01
2.243297204998606631e-02
6.658615748660885458e-01
-9.947778873275379130e-01
8.639394349353326508e-01
-1.764993891010029348e-01
-1.309217667384241501e-01
1.879398154261917586e-01
-3.549150854739528960e-01
-2.932807286515235479e-01
-2.748216410863644210e-01
-5.379884384447941592e-01
-1.354487587986614727e-01
-8.749407088409952848e-01
-9.161883766590153133e-01
5.629334709399655967e-01
-4.100006690810780174e-01
-5.680591700463917260e-01
1.184272023764929571e-01
7.536321541152837256e-01
9.762240514625375454e-02
-9.975762217162720269e-02
-3.996552258285250847e-01
8.848277412870275693e-01
4.384186784921482172e-01
1.149062559768032621e-01
-8.963745170672843265e-02
5.616717414280802956e-01
2.018589748730512667e-01
8.882399097619297912e-02
6.312024298121861055e-01
-6.171395985558678632e-01
-4.411163487489619950e-01
3.676839099310169612e-01
7.494299821688699126e-02
-3.139990199629520973e-01
9.386057078100233930e-01
6.962087903204297046e-01
-7.522370733281336097e-01
-4.899786922436475400e-01
