-6.360334239580189841e-01
3.646920384670961912e-01
1.095612739453732942e-01
9.671980060641875987e-01
-6.600638883915896926e-01
5.802814260342386010e-01
3.731697702442104969e-02
3.793680408705444318e-01
2.181382748428382090e-01
-5.455610304744933359e-01
-8.378005363539229311e-01
-2.628254883463054803e-01
3.684894813847394701e-02
2.604368525064317819e-01
2.867026005133161970e-01
-1.524442224924626998e-02
-8.073662896438733583e-01
-9.199686381950915592e-01
6.967283920459648172e-01
7.348075856651101745e-01
1.066458448261302649e-01
-8.101001959559563925e-01
1.422796472310872140e-02
2.599639393721948633e-01
3.120077753679273425e-01
-7.399446644450193844e-01
-3.763684267831881591e-01
8.518908397232463070e-01
1.441109130056086318e-01
-7.298800170316832592e-02
5.891870235962803903e-01
1.729785391557976393e-01
1.152653090646813538e-01
6.534092519008023459e-01
-4.497746195472900332e-01
-3.071273307882158576e-01
5.520175340961852584e-02
6.334803950731213718e-01
-6.725900224949503681e-01
-9.859386975218700222e-01
-7.647363639492499310e-01
1.509996844127845517e-01
1.641739590116382264e-01
-2.041105123567177326e-01
-4.512437997571436821e-01
-5.454470110752087653e-01
-9.546652729358324763e-01
2.069536050443463449e-01
6.546659015667606329e-01
8.292452975322672781e-01
-8.014771032479750534e-01
7.339378024668750111e-01
-5.220831747327963068e-01
1.733713329231534317e-01
-2.424250106453356146e-01
-5.935287066427472613e-01
-5.465633043057724905e-01
2.498162619813010465e+00
-5.152381913338455188e-01
-2.276901535682001043e-01
-9.156971436939453923e-02
6.586188251240621128e-01
-2.225320685165268486e-01
-2.166648913817679212e-01
3.247745793909122547e-01
-3.256513716566717953e-01
-6.309426361401260230e-01
1.190512816103339588e-02
-7.545894821669758556e-01
4.506704229258884364e-01
9.809856486861039393e-01
4.391190482695543906e-01
1.316143049232605389e-01
-5.491031862798503305e-01
-9.471450474597840063e-01
4.621706344331559801e-01
7.460305753684952634e-01
-5.975133998232085020e-01
-1.560496541448808117e-02
2.838403942004565916e-01
-5.670680521361497473e-01
4.564133405526122900e-01
-9.799973007851394691e-01
-2.476116783024913115e-01
2.780388755067639828e-01
-3.803515652459714680e-01
1.658613040441734299e-01
-8.942491308834752406e-01
-9.315994326809931003e-01
5.052509777553995107e-01
9.017826075993604640e-01
3.883210553598914760e-01
8.586767063272449096e-01
-7.810831018099784195e-01
6.816367859021970066e-01
-6.649575938794365371e-01
2.275720517599719717e-01
1.930466572819582449e-01
-2.903686060871990549e-03
7.582553251450472320e-01
5.159839735698241725e-01
3.122974165112948342e-01
-2.662539731049460290e-01
3.030767350278407157e-02
-3.059992148221502006e-02
-6.527769524526267908e-01
8.805426208572886271e-01
4.325321591580384428e-01
5.977533565438832852e-01
-7.431618923349285755e-01
3.151515071940158563e-02
4.501615291100260485e-01
-1.510458338969185021e-01
-9.379645352783776424e-01
6.136960018040173992e-01
-3.721118434158359189e-01
8.574193201437567691e-01
-4.096600654392184016e-01
-6.426402286799228758e-01
-4.479943327037727574e-01
-6.644111067719886687e-01
-2.982748770085872358e-01
3.542128933560035886e-01
-3.682630272932880811e-01
6.018506718795810784e-01
4.350009606423852482e-01
1.489025239386054800e-01
-6.377358823173491231e-01
-2.692918582637924274e-01
-2.673972723881872238e-01
3.462778138925846072e-01
-9.224620406601624634e-01
-4.836667590472689682e-01
-2.360732792506907707e-01
6.489221057800895753e-01
-4.746652895433032260e-01
-2.537403612715347645e-01
-5.630949674811858152e-01
9.174804016828925768e-01
-7.274357387556318333e-01
-9.345952501935566037e-01
5.698480166503760991e-02
-3.479433783595677898e-01
-3.096799974431057034e-01
2.666290753970095295e-01
4.513148680136611635e-01
-8.503700765237593995e-01
-7.592511357802509409e-01
-6.834404696740878915e-01
8.270968435359160598e-01
-4.918009586909892761e-01
7.304805094363042706e-01
-8.901354578529068196e-01
3.993503937194486930e-01
1.234993291190984444e-01
-4.623655109458424395e-01
8.417913079458938519e-01
-1.458725453091544999e-01
4.987753863301152002e-01
-8.156838719618471067e-01
-9.002901968905916430e-01
4.052983211974530153e-01
5.841611761595095764e-01
5.848070979529116364e-01
-4.762929596937071075e-02
7.192423635659104253e-01
3.432389459358093919e-01
7.607588319169926727e-01
-5.634750629253266752e-01
1.084537793524895655e-01
7.140028711968282593e-03
3.466983981455162844e-01
7.167097634656458549e-01
-9.290739224589201761e-01
-8.652144644388315431e-01
4.633239958524983937e-01
7.744710200943980549e-01
1.626301166499968254e-01
2.176114243841067442e-01
-8.263519932700091886e-02
1.554321468633654835e-01
1.812789021860514715e-01
-7.663354452372166392e-01
8.872064855776953252e-01
9.993315105862992098e-01
-3.529008551745493882e-02
-4.913111448652220936e-01
-9.330248878219671305e-01
8.839785617203299584e-01
8.898964864793499352e-01
-8.547873668790926249e-01
8.721581416859636171e-02
8.361123456125370002e-01
9.203567289956202657e-01
4.843727235450374646e-01
-8.522992362004293554e-01
7.166724939403406047e-01
4.186738133959195807e-01
-1.791170170398279637e-01
-6.635608620864876794e-01
5.753499162176702875e-01
8.926590820550686090e-01
-4.834587775799414899e-01
4.225181480421076330e-01
4.453870614019588281e-01
4.595993389090347048e-01
1.183781644752435191e-02
1.036222211525810177e-01
6.714674972730778624e-01
5.612409411562091499e-02
-3.220155171875829225e-01
3.082783818597161218e-01
-6.314387973032407064e-01
-1.381786728865681546e-01
3.577862692363962260e-01
3.489316908664705785e-01
6.289095606517276504e-01
-2.852145800366812090e-02
1.484865991945134578e-01
-9.906120472965702639e-01
-7.690897140703181201e-01
-9.026486346254545268e-01
8.849137105805762182e-01
8.892312312265662211e-01
-5.448365099863572425e-01
9.204583806420862935e-02
-3.264196063154503058e-01
5.014643333552630811e-01
5.454151089674335040e-01
-4.767973242374339282e-01
-8.517355919518962981e-01
-8.625587335144779821e-01
-6.323681491718247116e-02
6.312675377817689171e-01
-4.757660847647653402e-01
-2.040470314295437237e-01
-3.670696891287899000e-01
-1.463756545995755776e-01
-4.482149837765379008e-01
9.168939227008270354e-01
-8.464963803179186286e-01
-8.593899063964394180e-02
-6.128270954563808104e-02
-7.685571287751116198e-01
3.602006831722930347e-01
2.708957838461010237e-01
9.606312525468814201e-01
6.996955198351215710e-01
8.658593335016495640e-01
9.339635206235823439e-01
2.833545500693221975e-01
5.094739962645227216e-01
3.514478895742803033e-01
8.821405454162694060e-01
-8.674293652525184584e-01
1.345968082772119878e-02
-7.066133059779868830e-01
-6.833349070515433166e-01
9.210671216464474398e-01
-4.938575763643668903e-01
4.271353332433849292e-01
1.344589784554011125e-01
5.636219726018028009e-01
4.441566705346811084e-02
-3.540210891272499438e-02
