5.210254709957782282e-01
-4.437098360418396670e-01
7.685011399796453091e-01
-9.001421464170844544e-01
4.802250730587735994e-01
-7.630812915451818945e-01
-8.874328383385199359e-03
5.912946226169468744e-01
-7.827818231626701984e-01
-4.177526849139918674e-01
6.094818130498469433e-01
8.072439673041071906e-01
-2.373562466833825102e-01
4.191292372388710774e-01
-8.666623783040652285e-01
-8.859090765830774927e-01
4.775848244074429871e-01
5.694690335739780451e-01
7.540655188882547932e-01
-5.798080286582201204e-01
-5.202440791810925003e-01
-1.455467464625279650e-01
-5.726821542596307602e-01
-1.791863645705127350e-01
1.777402519090012678e+00
-3.064996847331682428e-01
2.868979315267712327e-01
-6.530596609664240937e-02
3.318605597351553804e-01
-5.981564527120810659e-01
-2.802491136077593925e-01
5.675846300135423128e-01
7.444679807409821937e-01
5.703024101502340848e-01
1.355830079135518229e-01
1.741203105671880191e-01
-8.076002140923663752e-01
2.257435095652977619e-01
-2.874252616252495063e-01
-2.467901280385935703e-01
-6.028698977453528229e-02
2.779574801411408558e-01
-4.350957649368600855e-01
-1.799881174615273860e+00
-5.514686231964913699e-01
8.309403891195115133e-01
-1.920608268042979461e+00
5.448308886866728429e-01
-1.283282239013746828e+00
-1.953125943661162545e-01
-1.711101396800721153e+00
1.199825209885625465e-01
-1.626007526478980836e-01
-9.000907773153163927e-01
-1.573673414878244969e-01
5.981340200865785661e-01
5.496483035484132085e-01
-9.223349411414565324e-01
-9.478038816859013505e-01
5.894371452562068292e-01
-2.615815455400768430e-01
4.069757489964269670e-01
1.150199653712007386e-01
-3.171877527090867233e-01
2.360128881703260628e-01
-8.285405731395154572e-01
-2.595147724306605674e-01
-6.738685852901888929e-01
-3.567613203996333748e-01
-7.538891914649135106e-01
4.553013764130087182e-02
5.249015647027741593e-01
-5.323850668295608823e-01
-4.757001229749455717e-01
1.130776446159521553e-01
2.239781844439876490e-01
5.898673235143572224e-01
-8.049503306789882462e-01
3.265797037560329574e-01
-6.273543334506417324e-01
9.951117548930485945e-01
-1.488550501445342622e-01
-2.322121634310243543e-01
-4.152922240903569318e-01
-6.948736271077631255e-01
2.024560334475493661e-01
4.287921340093423517e-01
-5.387370984015182884e-02
-5.467660137301639800e-01
9.869787577348005936e-01
-1.686594031255386206e-01
2.105081843137175390e-01
-7.042027487564108679e-01
5.379387254152079301e-01
2.856133187163913956e-01
9.542454929305137501e-01
-6.778478995893266745e-01
-7.396055728571135912e-01
-1.422458012945826411e-02
-8.455111227924376749e-01
-2.090761048148592760e-01
-4.094849505285846902e-02
-5.473964112470222076e-01
-6.924201440766410975e-01
-4.620689037546972244e-01
4.892830670017858097e-01
-2.682019019754942057e-01
-5.008191334212304113e-01
9.179282332649751908e-02
3.781855017124511331e-01
6.584441159356131390e-01
-8.200378067468694354e-01
5.629325317547007046e-02
2.092466623083777399e-02
5.693160132978549726e-01
9.973298702538682114e-01
3.160134810471917355e-01
-9.774516672077626644e-02
9.763508791113510998e-01
-1.898592820751328070e-01
-3.618478776992350987e-02
5.414274248196073724e-01
4.393915885984192027e-01
-8.672400464891287797e-01
7.922665046213974716e-01
-6.417972830635771953e-01
2.051406481854809449e-01
4.009841739085233669e-01
-5.473766854162587236e-02
5.234194000361693799e-01
1.687439040504501442e-01
9.732767112797373610e-01
6.733088263934394746e-01
-2.362567109909425866e-01
2.957195660635816292e-01
-3.118404442294699930e-01
-4.423064222593680039e-01
-2.842986642884133275e-01
7.324330479110587877e-01
-9.800508085478008002e-01
6.431638217954314118e-01
2.438283434795140980e-01
-9.384819932528098985e-01
4.123653976556904688e-01
4.312120839226303293e-01
9.603065103584180751e-01
-1.583683571535148271e-01
-9.513051687139326695e-01
6.698407833268724687e-01
5.936116842922465331e-01
-7.713137579993532000e-01
1.899367080966303245e-01
-3.952820091892164100e-01
4.015136292619985170e-01
-9.550379401273871860e-01
-3.367995441523179423e-01
-1.362310368536383542e-01
-4.626292554997564199e-01
-8.321484763743989266e-01
7.372221458791103910e-01
7.319114939480328985e-01
9.904519135229667981e-01
-3.803525536532315066e-01
-2.821000810441940398e-01
-4.179181844462696027e-01
-2.602330343808956226e-01
6.370227601440818788e-01
-6.252946998128874334e-01
-6.794301409950991300e-01
6.351034786652833830e-01
3.446515345027778565e-01
-1.517196496059283195e-01
-3.169862400446932238e-01
-2.922879933404680664e-01
8.225654023843942397e-02
-5.567133005696680570e-01
3.824771174645005267e-01
-2.062495811368698639e-01
5.048248127282903841e-01
-9.707828348235447713e-01
-4.955106173948362613e-01
1.177128247315195608e-03
-2.772555464418078319e-01
-4.755176741452826761e-01
1.513301643722428924e-01
-9.112500979410715907e-01
-4.606054638400589596e-01
5.711352997096881268e-01
1.578689901385099681e-01
2.728598964781689951e-01
-7.206037134786689169e-01
6.862739810370688254e-02
-4.456867231118288863e-01
-3.026961088613095985e-01
8.874503959074446779e-01
-7.235043471450259833e-01
-4.009249280126716553e-01
3.273661910979142053e-01
1.317258291936251879e-01
-9.132647256209889264e-01
-4.375852927614676258e-01
4.843079027118735169e-02
2.680015478164725629e-01
1.918268165189178642e-01
-9.196372520722797539e-01
-3.644900291037789231e-02
-3.107125948804068116e-01
-1.176076475015503942e-01
4.716008115777259313e-01
-5.855285627662347725e-01
-2.029514571501205289e-01
9.690359410521447447e-01
-1.374345506104512893e-01
8.849599832897987461e-01
4.306141543414683248e-01
-6.034078061378373992e-01
-4.534551824182575519e-01
5.262017697390986015e-02
-4.704988763551107844e-01
3.399625554686152018e-01
-8.232832017443911798e-01
-9.666639316218579303e-01
8.395724199465564030e-01
7.592094553134860480e-01
-7.652990495216589473e-01
8.710610084635845851e-01
5.567631765402278887e-01
-9.322653743415465488e-01
8.387440858652417397e-02
-9.438875094451693037e-01
-3.715485629925112665e-01
4.034777096127033502e-01
-1.478209927554521297e-01
2.733546033356604177e-01
6.846866162867271122e-02
8.555479947084727588e-01
-4.761018763692783651e-01
8.629472426824880138e-02
8.362006601217195634e-01
3.860331834208061697e-01
-5.138981733020779874e-01
-4.363088710984013296e-01
7.711346924777147116e-01
9.623553591336757584e-01
1.598174521222746058e-01
-3.066596159289947110e-03
2.531549302798330459e-01
-4.144220732249215278e-01
-1.167604479736923384e-01
-9.055450254948642641e-01
-7.759430325499718784e-01
-3.608217244190070616e-01
-5.851089706945173941e-01
2.693020457333572537e-01
-6.999852071149799126e-01
-1.094564800176531794e-01
-7.654073560672134402e-01
6.560804745740604904e-01
6.347251576586026012e-01
-4.008770136509371973e-01
8.422839511145019387e-01
-8.250721157039300202e-01
5.216817533426933995e-01
3.076685285829199312e-01
9.249708189053589269e-01
