-6.161387421305450918e-01
-4.963126927674588185e-01
-9.392007472559840142e-01
-6.240330633266233384e-02
1.611681409179317015e+00
-1.480630400781727696e+00
-9.200985176673954768e-01
-1.298365640239054208e-01
-1.796616044631561993e+00
-7.836304775275535484e-01
4.062845440828939392e-01
-5.251622716070825092e-03
-7.762208813175914823e-01
1.921844290616900652e+00
-9.127687328633042885e-01
4.466177545615630518e-01
-9.331935132926598708e-01
-6.643748659601955708e-01
5.799739249309312505e-01
7.109203176710299221e-01
-7.352378948519378010e-01
-9.405898709712670058e-01
1.866812211697199686e-02
-4.252203357644133153e-01
-1.467845693201079715e-01
-7.661477241750624945e-01
-6.896937101226536804e-01
7.750240250559981003e-01
-1.389087661563468412e-01
-3.248603982584761241e-01
-9.898480669848839231e-01
1.586479576237764810e-02
-2.171411865031112054e-01
-4.369385172457129762e-01
-1.793693866005541260e-02
7.134518436876571279e-01
6.009534266992804241e-01
6.620896382024901161e-01
-2.310236103165390631e-01
-5.032457954105846731e-01
3.221813918550566758e-01
2.265241743011272568e-01
1.987788260037912647e-01
-4.715071900587972653e-01
-4.495558305336815330e-01
-7.049767358550873553e-02
1.937646587820522237e+00
-4.170036501127682982e-02
6.887980504197561693e-01
-5.635187616559826917e-01
6.844174245795577871e-01
-3.841738602948757686e-01
7.436721240032435620e-01
6.609913034150349809e-01
7.535916819248109633e-01
-5.172998328128155521e-01
3.149318849224824746e-01
4.278571851091496070e-01
4.494192484078562977e-01
1.890290400371839707e+00
6.641543901440187803e-01
-7.906057222567337561e-01
1.377005459275564503e+00
1.688332611244761639e-01
-2.110081635700304936e-01
-1.156722736793949213e-01
-8.505994055004029164e-02
8.145026680965430366e-01
6.716424419900395293e-01
-8.451895991513391770e-01
-6.632169639519356341e-01
2.092671300778702559e+00
8.947683093631852991e-02
-7.525276785780731226e-01
-7.526943397560490467e-01
-6.005302559348968394e-02
-7.884772520030842724e-01
-7.638491936815885452e-01
-9.150559152604806901e-01
-1.014466148534209911e-01
-9.735564607737614562e-01
-5.302607094322504544e-01
1.651480418051869403e-01
8.074936083328756453e-01
-2.135802057472922844e+00
3.394427136456656946e-02
-7.178875815539598193e-02
1.642077151015561842e-01
3.765737351703669078e-01
-3.333414677094914680e-01
2.567042067293692220e-01
-6.133513652460895749e-01
-3.128026393785403592e-01
9.352613842670567390e-01
4.906078367509509874e-01
-3.690048259563776245e-01
2.705537875683021731e-01
5.032035242247785423e-01
4.868552908538925639e-01
6.115196348362248457e-01
-1.269399150767047679e-02
-4.666563819532520974e-02
6.258793930040942310e-01
-9.943180766352532896e-01
5.738833681033290723e-01
7.503649578720701374e-01
-6.396228424038308269e-02
2.087545182539380928e-01
2.437341074547427766e-02
6.559146582168524642e-01
-8.092983451548458884e-01
-1.118391603178193527e+00
3.358619581989965575e-01
7.138056341499841029e-01
8.502068376839857500e-01
1.142641042226653081e-01
-4.058353315842024855e-01
2.663468980320184976e-01
2.746328769091173072e-01
2.539329600458248848e-01
-3.194838792237906233e-01
1.314262097687957098e-01
2.423017057154204679e+00
3.033951078328014361e-01
-1.110889246251527407e-01
-2.843526678945618169e-01
7.799847218943685156e-01
3.627265428258654723e-01
-1.846544338391944429e-01
3.297817300190697409e-02
-6.778530672270539625e-01
-1.024820172035979748e+00
-5.601440804388020389e-01
5.147504469223824763e-01
-7.645177879401745535e-01
-8.496840209968696822e-01
-1.006223374096068213e+00
9.949710220089447166e-01
-3.613264926627670626e-01
-9.611155303992739984e-01
5.579442498734796807e-01
-6.140085985023224779e-02
8.997426976525653153e-01
-6.140445880156149006e-01
4.257901458165865710e-02
-1.140208957583861427e-01
-4.440983888688811998e-01
-3.356376762700485905e-01
1.774369237304997293e+00
-9.754731156600009445e-01
-7.802061813021416992e-01
7.744607306270512304e-01
4.123024890529031206e-01
-9.381872314040407002e-01
-2.808153659036816130e-01
-8.948366303039752001e-01
4.230785889982335846e-02
-7.138052836397528189e-01
4.028516489328095584e-01
-6.773263859922599162e-01
2.010833153310342958e-02
6.164826771390239379e-01
4.431922932316143537e-01
6.906797454903026434e-01
-2.698901517504403991e-01
-5.806437799088615126e-01
4.013052395996123956e-01
-2.580414103356758471e-01
-9.940082966791997654e-01
2.358197988631871578e-01
2.474448633987615942e-01
-1.678132874395885654e-01
8.523553509465076061e-02
6.448075977767964151e-01
-2.133681666295117463e-01
3.377371853135922031e-01
-2.709718874939961442e-01
2.738574281959855750e-01
-7.850247796065314976e-01
-5.651044635026647445e-01
4.339895468602057438e-01
-7.760374335171156268e-01
-3.425498069405399360e-01
-3.866480423088807239e-01
-8.239203618496933057e-01
-5.485168199779177911e-04
-1.395242514173237636e+00
6.846047005246607142e-01
2.288718708217282738e-01
5.635017850887535928e-02
-7.759317463353834210e-01
8.654403318011059110e-01
-2.174570173410653062e+00
-1.782295323274946941e-01
-3.280687128532593366e-01
-1.700305853799573663e+00
9.909527774349449203e-01
-1.705810037539969848e-01
3.533656552291777331e-01
-5.520325052889099027e-01
5.009626759299412591e-01
-1.497765018327692488e-01
-6.951768282530355059e-01
6.234213765370877347e-02
6.531928663535402357e-02
-9.694691120154335096e-01
-1.805020872831160084e-01
9.858520542064761472e-01
-6.363117718160005154e-04
1.827130627412589803e-01
-7.879784035810286635e-01
6.773811015625037513e-01
-1.568754637540301644e-01
-4.246907231608134659e-01
7.922519748179548404e-01
-4.732196662307801560e-01
1.314156870133886823e-01
-6.423824031032427939e-01
-8.556656035373026992e-01
8.371607211182550135e-01
-8.432614380426060041e-01
2.616109800577792743e-01
7.677995020975849627e-01
-2.966181774159948326e-02
8.780941200872818264e-01
4.834511269459458305e-01
-5.281700999225917847e-01
9.532118477364948106e-01
9.062267875618701396e-01
7.705286738816383707e-01
-2.640740420338008043e-01
-7.765610601935544199e-01
7.413891173036186721e-01
-3.672772479071821916e-01
-9.203776419137095210e-01
-5.703109526296956666e-02
2.095349387185464485e-01
-1.117121174012965179e+00
-2.936764330552874558e-01
-7.133874637642280137e-01
-8.742681691831233337e-03
8.271704316204901986e-01
-1.497501569466086480e-01
9.576634975322479981e-01
-9.324913599831008426e-02
5.405981435364355381e-01
-8.762921913346550795e-01
1.409743003341437095e-01
-6.631100434060903659e-01
9.899454681343118345e-01
9.541753612194980860e-01
-8.402911430601087694e-01
-2.818542686580778334e-01
7.846090254046305112e-01
-1.723166753827558129e+00
-1.890383601269689073e+00
4.910222128146499720e-01
1.142308955894538958e+00
-8.573812548127457411e-01
7.196015261313681854e-01
1.393951865952935076e+00
2.501398855214540529e-01
-3.023704400746163312e-01
-7.720048396835805793e-01
3.483818041564901158e-01
