2.290609347546312957e-01
-8.100472510069067766e-03
-2.148650019692221580e+00
7.543829514735183039e-01
-4.067762428004153552e-01
1.467909457378113736e-02
-5.110074879658954572e-01
-4.061160855665186808e-01
-6.060501826734157049e-01
-7.015560813139098961e-02
-8.908071641847798983e-01
1.160073760055093661e-01
-7.604557988328424223e-01
1.758860347503838684e+00
7.688934424074451712e-01
7.455324840514210294e-02
5.729186295297732379e-01
4.658883321722560034e-01
-5.168261729427163775e-01
7.098528676678625970e-01
-9.926253848442774252e-01
-3.573641345957403459e-01
6.673213330309435420e-02
2.135504046793872401e-01
4.553138201706610211e-01
7.104595133621749437e-01
6.954849126261464232e-01
4.810267278402795554e-01
-7.851729287205322372e-01
-9.258406256520537170e-01
5.439234343696509599e-01
8.489160668166872981e-02
4.227751997529938244e-02
2.215362651804946292e-01
8.878374843223306723e-01
1.548232391674473352e-01
-4.750991877492749538e-01
-1.158185456590101747e-01
-5.786409742108153953e-01
-5.046739786110920889e-01
3.506158081912298385e-01
8.141138371326603340e-02
-1.357236754952990676e-01
-8.368001552720538694e-02
-7.804725568749166786e-01
-2.054397879770908375e-01
2.655714080212188133e-01
5.607779195352486923e-01
1.556263870740664412e+00
-2.479716559660649633e-02
9.620950779408854459e-01
9.603755378876679405e-01
-8.035237476019563285e-01
-7.229440518661085502e-01
-9.858273145067759646e-01
2.820593723929141206e-01
2.256064504876127419e-01
-9.869073465143463064e-01
2.297459651358156663e+00
-3.654561012630845873e-01
-5.820634468977261555e-01
-6.338154597264846757e-01
4.242161340515382406e-02
-9.316862446788853891e-01
-3.063696834483111697e-01
-9.854673088246355128e-01
-6.934797647908048646e-01
-5.007677680243758367e-01
5.970454848073289966e-01
1.322525420722528988e-01
-7.876412129740044676e-01
-2.940987874241657085e+00
-7.149524104406170810e-01
-7.161100083543289196e-01
6.272397792576811515e-01
-5.026838950529850525e-01
4.253459399315260292e-01
-6.710536634037504999e-01
-9.391267636493363380e-01
3.938529791439027150e-02
-1.022915330719515126e+00
-4.267797271098263678e-01
5.758610846018974438e-01
2.779080776689452081e-02
-7.373428251310467640e-01
1.869885586866565363e+00
4.730138305519255848e-01
-3.130301535843362792e-01
-7.705583778106062098e-01
-6.058785534433273057e-01
7.698974264955669167e-01
8.102485820794718130e-01
3.932659664748805461e-01
8.221046193870009677e-01
1.733576403515156183e+00
2.905889376802057722e-01
9.041607387995307388e-01
-9.035015154478482913e-01
-1.288479781452783302e+00
7.106736345484880868e-01
-8.741632085765640436e-01
-3.979378074103394614e-01
-2.773722836718506279e-02
9.931774714454162378e-01
-9.294177315592204724e-01
8.945170102080639563e-01
9.803282852186701035e-02
-2.845609910150148636e-03
4.331654158577940006e-01
-2.184243593490751700e-01
-9.605220002866963203e-01
-9.655180219536672048e-01
-8.057056543533220871e-01
-8.362436614475434737e-01
2.327887630597508917e+00
2.123467347767067359e+00
-1.250687793032464468e-01
2.630253246866400829e-01
-4.788354451014380508e-01
-5.155087660394541693e-01
-6.173418120932112618e-01
-1.269641877654330564e-01
-3.831375296946022413e-01
5.662972853976355747e-01
8.740341337508832353e-01
4.097960710404848772e-01
-3.175680746459901838e-01
-5.061718921915752123e-01
8.038327711145278887e-01
6.916820449397433901e-01
-3.082662258044409631e-01
-9.336878559888299733e-01
-3.054354258359613383e-01
7.045574599518207304e-01
5.043505635275478127e-01
4.938694795519005254e-03
-5.965714939504380698e-01
-4.487105028671505291e-01
9.525271703929545364e-01
-6.297632095918632711e-01
-8.013999671917967360e-01
7.277405358200650376e-01
4.555289965713396061e-01
-8.076050871745863446e-01
2.484405138876188968e-02
7.450674699728300210e-01
1.449790481664394726e-01
1.047449550221773995e+00
-6.278508539205522876e-01
8.624400559820535328e-01
4.838624333541499123e-01
5.172856813491437666e-01
5.229666698232421362e-02
-1.984718820195154887e-01
-7.855406267546038990e-02
-9.929650883656946370e-01
-1.446290792216546439e+00
3.116983559773620627e-01
7.299050031803128169e-01
3.711033660139173573e-01
-1.432679936948874300e+00
5.380590378608746116e-01
1.633315992031854069e-01
3.883243226237902412e-01
1.954202150465274013e+00
-6.241878091143810980e-01
1.720636603905015272e-01
1.455728591114717307e+00
2.594275755354074064e-01
-1.195382499489760164e+00
5.015478020298251849e-01
-9.418626283240520980e-01
4.480502153009158217e-02
-2.969144512764617438e+00
1.944532670292695720e-01
-2.289556146919227153e-01
4.530031264736493757e-01
5.199295827744276899e-02
-8.134243312871716203e-01
-7.850413229463339970e-01
5.840690738005673843e-01
9.660235440260407369e-01
7.332794501777466500e-01
1.640171689724934101e-01
7.208331259199602936e-01
7.655051513196511337e-01
-5.056392101205853251e-01
-1.560639159079848515e-01
7.157165072201996381e-01
5.071878681539925271e-01
4.088972913957138466e-01
-3.958467665053924112e-01
-7.950216900381055218e-01
-3.898366677823819071e-01
-4.079118017418619235e-01
5.874292802052134554e-01
-9.951850720307258147e-01
-7.435677686254791308e-01
6.262630289824733243e-01
-1.801493977528394463e-01
7.601296197073961203e-01
-7.669206876542729034e-01
-9.885172750776385353e-01
4.572235024408688453e-02
-6.760361624371764577e-01
-8.399850032043223447e-01
3.529094051464405357e-01
-8.998661745979237292e-01
9.156388252403688810e-01
-2.232638837888039962e+00
9.911556790057596267e-02
-8.449578079716135726e-01
8.521322075773445359e-01
9.162695727318916905e-01
-5.466516060622872430e-01
2.221997550607411887e-01
-1.969866917586319044e+00
-1.015219538867075944e-01
-6.502462686759014066e-01
1.119963600646091573e+00
-9.114345686524922829e-01
-1.164428362466318534e+00
2.285130216451063401e-01
5.525983251526283002e-01
-8.246333968571095685e-02
5.147865084398670632e-01
-2.081615908175526997e-01
9.210246884741850604e-01
5.468781901039099225e-02
2.790835367909205722e-02
9.280318834299299269e-01
3.112224719042311349e-01
-2.340162025108556421e-01
-3.009991276460626253e-01
-3.949852079755897805e-01
-8.432095133330750336e-01
-1.485405870593285549e+00
-8.501855234024624508e-02
-8.624503085072503517e-01
-1.378398775280589517e+00
1.917192085811123548e-01
6.034924850006855301e-01
9.145017758963103205e-01
2.756295018601597757e-01
-2.230095936512275223e-01
-5.168714008577890429e-01
9.415557771468097137e-02
-6.449290808682421883e-01
-6.595727180556065772e-01
1.389865792193276661e-01
-1.767934999059037837e+00
4.899661904412644375e-01
-4.123156046885270154e-01
-2.154832043751040427e-01
-7.850842171288758831e-01
-9.380224481575782924e-01
9.234532699159385682e-01
1.788211954204269150e+00
-1.050748240952583679e-01
-8.202958018926036488e-01
-3.680319763473538508e-01
-1.087723060983217582e+00
-5.730923074425682273e-01
-1.711869286066482365e+00
5.368362596757456640e-01
