-6.672065687286694580e-01
5.984209034562391061e-01
-1.336494920135129050e+00
-4.611084793755311217e-01
-2.384891780513944681e-01
5.180100239798082207e-01
7.757056210430191001e-02
3.865207633899503392e-01
5.153282490348920497e-02
4.005316256756241700e-01
3.234422625634783000e-01
-1.640355001059869977e-01
7.483037791214004475e-01
9.613891524689224255e-01
-6.859191192821578742e-01
-8.466556652924142057e-01
6.345526969603412226e-01
3.273305754419164604e-01
-2.176409017522940026e-01
2.352883295322818480e-01
2.262995127390472483e-01
9.060546915825038461e-01
9.024559690537405920e-01
-1.619426700637190519e+00
1.640870197506845152e+00
-1.097632519566783760e+00
-5.306491432060671531e-01
-9.837264287019233944e-01
-6.531660922135893443e-01
-6.254587444287595943e-01
-1.255793248957635999e+00
-4.065442495526832012e-01
-1.323812782986313774e+00
-1.318727303871808365e-01
1.017283794936612029e-01
-3.958914285342884920e-02
-6.220077681440194795e-01
-3.032476133276829078e-01
2.037045840820446152e-01
9.276266169343945212e-01
-5.065440281512212373e-02
5.783798369598496247e-01
4.462221009215165957e-01
-9.517224553142746846e-01
6.941983508234869649e-02
-6.517953889942693646e-01
-5.335482451193067632e-01
-2.379961897086503297e-01
-2.707473783302629666e-01
4.999289749949170081e-01
-7.818254346387105702e-01
-2.456150550583905967e-01
7.577049288486998879e-01
8.535797206388424652e-01
-8.573874414921514031e-01
3.897931242956365061e-02
-1.938599765498247862e-01
-1.866555413226254068e-01
2.010164762825406015e-02
1.799387670175343290e+00
-5.793347877295611514e-01
-5.687029523266540210e-02
-2.187711670037680300e-01
1.576537979872265627e+00
7.889025181615346716e-01
-1.613222902462845054e+00
-9.537659097335553504e-01
-3.463873293059444580e-01
-1.085530883866799190e+00
-2.752428334036858271e-01
-3.285616909608486402e-01
8.378761987626244245e-01
5.546749812360380893e-01
-2.951647387121649757e-01
9.293066528369748891e-01
-7.532093865236980657e-01
6.375877956296733817e-01
5.488753144675058149e-01
-6.009175876125860682e-01
-6.747431557129583979e-01
-1.852988733767291230e-02
8.726067009053913859e-01
-1.608483585842289676e+00
-1.894019714817143374e-01
-5.152030243784435637e-01
5.227942314064322193e-01
1.700099878588904767e+00
-5.268360420134463595e-01
3.362051299917578895e-01
-1.379111956165866015e-01
7.311088603767088578e-01
4.682709125891884039e-01
3.357790283022508149e-01
3.508062839127685795e-01
4.593102589228033050e-01
4.406723751866046257e-01
-7.517332739522331053e-02
-3.895456876171652372e-01
8.828911061112401093e-01
7.716511624369746247e-01
-1.538547649399314987e-01
2.477622563650669907e-01
-1.078858110531413228e-01
-7.112469006343351552e-01
-1.589666122609811882e-01
1.259716908606356434e-01
1.657576273084082397e+00
-1.321813152034447381e+00
9.214730774557500226e-01
-6.232009909352687060e-03
-3.845499779883627678e-01
-5.147984889103971451e-01
-8.703521225630237446e-01
2.719937118598274584e-01
-9.410742324338152720e-01
2.815285734399212980e-02
-5.518994017086188419e-01
-8.552749731525617349e-01
1.752663078303409838e+00
4.357298970396050741e-01
3.820278001380279509e-01
6.407731254261181952e-01
4.045342568078458267e-01
1.551066471592121410e+00
-1.700563226597189725e+00
-8.214264059905651560e-01
2.576600025094315960e+00
2.200267108311064757e-01
3.353869712880341858e-01
-8.130558120000783151e-02
-2.478947850307335887e-01
9.457181062409112382e-01
-2.148342455260589645e+00
-1.966851165020174763e+00
3.577657410737455912e-01
-6.394937128000433013e-02
4.359162604272455166e-01
-1.660259130908915637e+00
-5.092155810804961380e-01
8.807679190829673654e-01
-8.367962140636313606e-01
8.617040608189028283e-01
1.013496836425585634e+00
-2.338279644744798436e-01
-7.245338939096189756e-01
-9.055924828220540679e-01
-5.591498444917151200e-01
5.648319994428219193e-01
-7.849347554326890908e-02
5.370718936023579637e-01
3.122593123604610055e-01
7.212758397604219773e-01
-2.338139418670890812e+00
-2.350963877710378291e+00
5.548734635842659246e-01
3.782894830306711142e-01
9.504871225141426905e-01
-1.858830645046041230e-01
7.505767907882761047e-01
5.318554123773329145e-01
-4.704869164006217908e-01
-4.112088965888895942e-01
6.398979570623739566e-01
6.981002922685510814e-01
-8.384414329687350786e-01
8.471761764854066623e-01
-3.532415966490514148e-01
3.681832600121468513e-01
-9.502986634223404838e-01
-9.885503728547444524e-01
-3.327204972768367242e-01
4.833725301583025047e-01
-7.795961864486131709e-01
-1.356423952737404459e-01
7.334649427139734446e-01
3.046724298500318451e-01
-2.320103237405561458e+00
-7.941084457515192874e-01
-1.334506531813551833e+00
-3.188610451285673886e-01
9.344014818446757520e-01
1.922373882432615311e-02
4.791495993003749287e-01
5.873262016505225169e-01
1.396989645923273127e+00
5.960386809761457627e-01
6.505581156407145293e-01
9.347283315150671790e-01
6.429174258778397322e-01
-8.974368349521069099e-01
-3.076709926958072217e-01
-7.543581928427256500e-01
-2.090226079263370451e+00
-5.925606238139042858e-01
-1.183312008612746657e+00
1.014814009689710916e+00
7.970603910593070385e-01
-5.962969076076298780e-01
3.378784154827918496e-01
-7.285158858321394426e-02
7.006273447322206582e-01
2.919601490966017288e-02
5.231184758712352778e-01
8.679941101365291622e-01
3.847797042692074898e-01
4.752191673519083892e-01
4.249496032439948334e-01
7.025887816480835824e-04
1.630177997013991575e+00
-5.519987969463675537e-01
-7.937996538950997660e-01
-4.364299027401992159e-01
4.722972369604905296e-02
5.262903182364204735e-01
-9.872630520942835552e-01
-7.178369497709005120e-01
-6.024319031401510482e-01
-6.549279415257225345e-01
-6.953349277315208354e-01
-8.313600712108335511e-01
-4.280247760291797099e-01
-8.018868421611080599e-01
-8.840447093591652372e-01
5.954576803097086923e-01
-5.218971265141489901e-01
7.006496398928001579e-01
-2.772975670502411116e-01
3.361176604114395339e-01
5.180323427077428988e-01
8.210109780148895364e-01
-6.585125064799042249e-01
4.176023648139242095e-01
4.511337779676996007e-01
3.350734783225409186e-01
5.130948650506252928e-01
-3.501649619112878753e-02
-6.009085845289721117e-01
7.997081975660687014e-01
-1.428162611610118149e-01
-7.078475104655623795e-02
-1.333490711814160345e-01
-5.295280497205374637e-01
5.767243712253242727e-01
1.308295783101347531e-01
3.127945223250567786e-01
6.443958669803946382e-01
-6.001942231493759827e-01
4.734543630640388745e-01
6.197609048606920190e-01
-7.096007997265008083e-01
7.503761118722463985e-01
6.297415347286794418e-01
1.548259909991189787e-02
-8.018265468808356555e-01
-4.798406680386975154e-01
-8.788929122954407536e-01
-9.031108547604287384e-01
2.651914251306706216e-01
6.157015703322158418e-01
-7.745937814471297589e-01
-7.939383531145192130e-01
8.867949277697353416e-01
-5.793293667844452433e-01
8.199452560167193038e-01
-4.753721035045521681e-02
