8.140705899673732482e-01
5.887663487491678893e-02
-7.146986305790938854e-01
1.526981737250232563e-02
-9.259950660540119394e-01
8.597196675688456580e-01
8.999300227774256200e-01
-4.919678132193405773e-03
8.649999999605435530e-01
-2.668387160607852415e-01
9.786469960136312540e-01
5.880062148953149048e-01
-7.818508916099220496e-01
-8.556274024904912956e-01
-3.399121850295434566e-01
9.133523264929623853e-01
-9.566924807892764893e-01
-4.489900000057036600e-01
-5.800816047563241984e-01
-6.030534534955354076e-01
-9.976131593449815149e-01
-7.240322398850778107e-01
7.448391810055889906e-01
3.586542881677343697e-01
-4.683348709352519457e-01
6.024568255175433151e-01
2.770942346648128662e-01
-6.284902786256438834e-01
-5.358858734416851455e-01
9.300400831595085904e-01
-5.073825697146916447e-02
3.687404378010317174e-01
-1.977911184214298235e-01
-2.429860227933788863e-02
3.443697812725479146e-01
-4.115424975051240608e-01
4.818502439813237004e-01
4.520903039408996626e-01
3.418684142108452395e-01
6.368379421561256581e-01
6.354622325426306784e-01
-7.612598656065032721e-01
-2.475582875068709221e-01
1.170432529622114082e-01
9.925678397479120729e-01
9.749074544279427990e-01
5.854492470746941457e-02
-8.425441084865972208e-01
9.198736557347668708e-01
-3.039554440839860039e-01
-2.957353221940117738e-01
-7.318232576749268414e-01
3.105342002611055641e-01
-6.466276464095519483e-01
4.162907384467231520e-01
5.780607715003700520e-01
8.375237608662990940e-01
-8.553086722778382445e-01
-9.976766691552434452e-01
-5.147100345670854171e-01
-1.488561093002926938e-02
9.388602354932775729e-01
-7.605710613299392353e-01
-6.473740000444145881e-01
-6.352596067034943506e-01
2.373725248714595448e-01
3.077447629154792530e-01
5.710637986797668653e-01
-2.463722186185006713e-01
9.110306228357525349e-01
-4.701612182407299834e-01
-5.972219088132739717e-01
-3.097090148568799606e-01
-6.764767227204253608e-01
9.379954034154427411e-01
-1.372655639921391835e-01
5.189378295087816451e-01
-6.173272759404029308e-01
-6.141980863861999929e-01
8.956335808657289732e-03
2.475716677007722133e-01
8.193408759595623980e-01
1.119192143699023756e-01
5.500666818399393421e-01
-9.741230921502261886e-01
5.690083103568901457e-01
5.689086570805339527e-01
6.351486516999820253e-01
6.746871073373168493e-01
-5.778318956014147911e-01
-3.827918943365360427e-02
8.825804347612824508e-01
-2.508830409482221135e-02
-5.696661550840453891e-01
-3.477812324771789587e-01
-7.684315351379040759e-01
-7.245999040941164537e-02
-8.909478145886444711e-01
-1.395318389336226428e-01
-4.325794894065171370e-02
9.069388850117037215e-01
1.802743230623080617e-01
-5.344395212768451309e-01
5.193404481550052409e-01
-6.453918242990741572e-01
-3.654551850589013995e-01
-6.395432358685777530e-01
-4.730523265699555502e-01
-7.577728950106161765e-01
2.283040504003663873e-01
-5.008862413837134042e-02
-9.591042013047739179e-01
4.794009890106067928e-01
2.892982621270110410e-01
3.960719680678532750e-01
1.994764075695389938e-01
-1.356986780427889006e-01
8.493328125374992599e-01
5.914437776963890059e-01
6.454419523224699251e-01
-8.799633727133449046e-01
5.985068373588151580e-01
-2.031992309464747404e-01
-1.408496889889869763e-01
-6.206042168844991824e-01
-5.838060424234647883e-01
5.595065120791320457e-01
-2.092389849358518017e-01
-3.743623994148621570e-01
-5.933281283564675324e-01
-6.549656495520548294e-01
-2.918698522544138640e-01
-2.859966912355813573e-01
-4.150721390746994199e-01
-4.214937089208814491e-02
-6.567332278761468523e-01
5.129309736746827664e-01
-2.701742421841155650e-01
-7.478739151612765479e-01
2.278538233552969139e-01
-8.035896394050823233e-02
-2.155746518914181120e-01
-6.634753715016981079e-01
1.125403026484084190e-01
5.228078004496055087e-01
6.161469406209834077e-01
2.963505241739572416e-01
-3.624253726610584536e-01
-3.790588312395335446e-01
-8.076886598060584177e-02
3.470066098650161912e-01
1.804370357779028211e-02
-7.245065509037138529e-01
2.272651220446693099e-01
-1.095462685467396557e-01
6.245831430501178616e-01
-6.584538730275319995e-01
8.277048570715324072e-01
-9.608169104799142435e-01
-4.786524508069127659e-01
7.205031189616231124e-01
-1.997667229577340109e-01
8.298391325365896964e-01
1.792634891059368130e-01
7.032913838427028441e-01
2.151191843987909635e-01
-4.495236313677386519e-02
-9.911584966292839027e-01
7.853673389901527635e-02
1.451107814571603871e-01
-6.762686342642099113e-02
-6.144315723302045118e-01
-2.223548160676305230e-01
-1.649859338538874898e-01
3.534328951456067180e-01
8.815323148295106659e-01
-3.444328449261735425e-01
4.202671174981964519e-02
1.868392124207041149e-01
-2.401897817398859214e-01
-3.422826099874320960e-01
1.479642833660534951e-01
7.835261014301775351e-01
6.107844737383050226e-01
3.668835705867856678e-01
5.462518877357778191e-01
-8.174868333654305985e-02
4.354257667496581607e-01
1.848956222060642585e-01
-6.887961261129897927e-01
-4.676761527847164146e-01
-4.622413620793626166e-01
2.053768690759572024e-04
5.805174560083821156e-01
9.163540457895260616e-01
7.561359711590063259e-01
-9.791634621947407080e-01
2.990166503770075312e-01
-5.563659165851495558e-01
-1.980530350684095442e-01
-8.767887155126856680e-01
-3.482348297570385665e-01
4.624282365167187159e-01
5.283452481040935567e-01
-5.905068525777485977e-01
-6.421686976664644497e-01
-5.711919391472060070e-01
2.789910229266256980e-01
3.455965112606049772e-01
2.901585742865349093e-01
-7.395169724536985179e-01
8.958534396140125367e-01
-8.610132091206250671e-01
-1.077404160028456737e-01
7.516944527721394209e-01
5.355788006745960672e-01
6.900239949107285220e-01
8.002647545175285426e-01
5.417828846463628167e-01
7.821328320099356635e-01
8.105875649669307403e-01
-2.088753305414507988e-01
3.454942865898869009e-01
8.150902583359065368e-02
9.602079661323847937e-01
-9.786256287048573643e-01
6.970511740895801722e-03
9.305708866123203471e-01
-1.180081160593076106e-01
9.997575104298674908e-01
5.876399773854368291e-02
-5.243336311121020721e-01
8.082409457415187237e-01
-1.653911374405714341e-01
-4.237808776331304372e-01
-6.212342219889739336e-01
-5.497769327681871765e-01
3.716395220741985916e-02
-2.115552364330441915e-01
-2.302483667329271455e-01
-5.421814557819404357e-01
-1.408040249689084256e-01
6.388059564844597027e-01
9.577376947792715089e-01
9.862751065017905105e-01
-7.756443070658085581e-01
-5.466127472205388749e-01
-8.847973848391674778e-01
-2.810377381191275781e-01
-4.785439636325428125e-01
4.708779213871658875e-01
7.225408954738861134e-01
9.983035461425047163e-01
-7.178335363352419396e-01
7.624997103460318115e-02
-8.911302437784842656e-01
-3.497299621457508056e-01
3.524667384055011343e-01
8.495753616837002919e-01
-5.431756798857005908e-01
-8.673150815685657378e-01
5.285438708282685916e-02
-4.223309897575060479e-01
-3.197454414095148856e-01
-6.293279371383038168e-01
