-8.401465535929526496e-01
-8.500222814981341912e-01
-9.247750857595636864e-01
-1.048378825628490940e-01
-8.963507864352067145e-01
-8.747696884406346296e-01
4.288066871735407570e-01
9.297574906467982458e-01
-7.226553498310974710e-01
3.632570698635539941e-01
7.591805246437710597e-01
-7.522482429723669206e-01
-8.256383219915681693e-01
-2.731579531845027553e-01
4.946608885155894253e-01
-7.769818017468257398e-01
-1.002666634082949315e-02
-1.590012672770420021e-01
2.541550026559125097e-01
9.678783922359304182e-01
7.072920106284019681e-03
7.312609416302873200e-02
-7.595746676929180374e-01
6.503387878289503821e-01
9.544916255344328970e-01
-7.662470673339358829e-01
-5.269998860904865357e-01
5.239351185990697157e-01
-6.257703264765870355e-01
6.215194445998446504e-01
3.004881199138709214e-01
9.562887301816092034e-03
-3.476521250710318256e-02
8.097358786455730595e-01
4.234337511806358645e-01
6.960546810028507281e-01
4.822828442815116912e-01
2.293398619030522223e-01
-1.140194350624159636e-01
-8.504578630858137256e-01
4.848678166403819212e-02
7.511210656493789717e-01
5.451714662286419877e-01
-5.921191205021407722e-01
-5.396988419929948932e-01
1.905595609930077483e-01
-7.718266468827117421e-02
3.507227519554532158e-01
-4.238883547909155780e-01
-3.981734718293949982e-02
8.475207838970064689e-01
-4.241486406460068803e-01
4.225566137532870137e-01
6.838313469356664953e-01
-7.281050697606261668e-01
9.865446015787231460e-01
-2.952330147668700278e-01
-8.823675157402537383e-01
-6.209287197271791126e-01
8.586120943569419683e-01
1.869269850151196177e-01
4.347905473129201059e-01
8.256724620162767536e-01
2.812803083401842486e-01
-4.706460564585943640e-01
4.480475824763852088e-03
-2.561294655599446468e-01
-5.933169495524082127e-01
2.816843092966085926e-01
-9.397491471474297420e-01
1.573519814952732965e-01
-1.475911594998329246e-01
-8.164219030976349600e-01
1.530385196233778888e-01
5.040093055540557643e-01
-3.228535499986140422e-01
6.135932052240673507e-01
-5.542253775243910496e-01
-4.653169316246354992e-01
1.489948779592953354e-01
-6.703884455760140693e-01
-4.259321393374846387e-01
7.583697856094759882e-01
-3.145275368555491280e-01
6.742330588210245779e-01
-3.090151136988510405e-01
5.319696566677070138e-01
-8.994510133813622410e-01
-4.638974684005767735e-01
-5.757210253547158096e-01
6.386760049813815510e-01
-8.630509027921910992e-01
2.186537941775466010e-01
-8.758177738363759346e-02
-1.162945760570375242e-01
1.572258717823049601e-02
-8.158285084812031407e-01
-4.658963984581507844e-01
-5.311781434439690752e-01
8.169892913189555905e-01
-9.758407151382906264e-01
4.051351055011971347e-01
1.741309992107735738e-01
1.055389998076872171e-01
9.562122185751391612e-01
-8.005071375135237588e-01
3.817605545385549526e-02
-4.207013443758382820e-01
7.387512058103387069e-01
-7.505214276891272185e-01
-4.860162741133622344e-01
-6.497790888517245289e-01
-5.614930150680459420e-01
-5.809832938979782035e-01
-9.805114386049478270e-01
-7.677438506769975746e-01
5.078986533748608423e-04
-9.658534729372814098e-01
-7.050292495968419892e-01
3.957470104861815496e-01
1.874706289376131263e-01
2.431615592277620586e-01
3.407337374752874570e-01
5.457864180099014639e-01
7.540308898442662500e-01
-4.910698050264532544e-01
1.783632826469037091e-01
-7.190284848005934482e-01
8.862065308424069698e-01
-1.170565034514359226e-01
-3.226648685035526931e-02
-2.805855437743014491e-01
3.358698798955221942e-01
5.724272594354788968e-01
1.448926939333419206e-01
-8.819105417889792076e-01
2.625469028269815652e-01
4.152030505888981704e-01
-8.898860070092033947e-01
-2.581880336910602480e-01
-3.224794442253240412e-01
6.786209745070894694e-01
6.436684575444042711e-01
-4.907749121976272555e-01
6.379547608519806623e-01
6.632970712772607857e-01
1.230101193998998754e+00
-8.206027291072341967e-01
2.183105168692156539e-01
1.386357649712409712e-01
6.984115854957524405e-01
9.881923564214512012e-02
-6.586467858573530343e-02
-1.549239066863761227e-01
-7.493161307438436225e-01
1.644299113056205464e+00
2.615630537200999139e-01
3.662667588909642724e-01
2.028803756215369347e-01
-5.478879903992459610e-01
3.461902155397271752e-01
8.638000498340085986e-01
-2.126471941314020953e-01
9.522611813624544119e-01
8.674041454934156015e-01
5.400946440078151500e-01
7.167857611315850974e-01
5.324968212798679712e-01
1.806252844374894861e+00
-1.391753163039197716e-01
-8.670811083330858260e-01
-2.831182591778328428e-01
2.264566209332821156e-01
-2.620831818692890280e-01
-6.537700976979490264e-01
-5.498651732243068357e-01
5.498430855792380001e-02
-6.746776702716865692e-01
-1.632416618271437248e-01
-1.038313077041124188e-01
-2.795142198399211964e-01
-6.467098969285181020e-01
6.747861503317231779e-01
5.380407950092231939e-01
8.291558865861348160e-02
-3.066328710548653635e-01
9.688402310169486054e-01
-8.618063758377862982e-01
4.776498104372151055e-02
9.697411532273636503e-01
3.296235307327317621e-01
6.430042204414907481e-01
-8.233696675757449235e-01
-2.350152669705067865e-01
1.152025290472323160e+00
1.260386966211286541e-01
5.887944064650052489e-02
-7.055232969214990657e-01
-7.379058091217729487e-01
2.695167803258076145e-01
-8.518836030232417311e-01
-1.297619551697396512e-01
9.650830985410281393e-01
-5.685602975198333908e-02
-1.234109132627292160e+00
8.052751063612324511e-01
9.755918116440001064e-01
6.838001003281510837e-01
-3.764542956004026664e-01
-7.964971032248540084e-01
-1.200661313579763689e+00
-1.740721054910747467e+00
1.013370032104093932e+00
-2.433056495671657160e-01
-3.435289299136781160e-01
-1.255808801735657787e-01
-1.396454853639996774e-01
6.386872469785438433e-01
-2.675051929528171613e-02
-2.980474001341604784e-01
-8.262569067746876605e-01
-7.496788131935399058e-01
9.690923376643101328e-01
2.321956732362093767e-01
3.823219887609874412e-02
2.014643287906981162e-01
9.311796679010686528e-01
8.714947876883183397e-02
-4.863815978302505894e-01
1.150307507304395349e+00
-9.255922823223745599e-01
-4.930820681214553858e-02
6.396168573758935771e-01
3.985709605642728803e-01
7.688483805297399165e-01
-7.819888305737126011e-01
5.604880530600999666e-01
1.131365010465758686e-01
1.020940807692768848e+00
-6.630226144239781405e-01
1.031664287117235901e+00
8.883145669050720450e-01
-2.739795998629470652e-01
6.411676648646813526e-01
1.977626834561507785e-02
-9.795476646022902578e-01
-3.337589251398643264e-01
-1.202032204709130081e+00
9.251893761322648180e-01
-9.058562985197726736e-01
-7.199489855693506080e-01
2.083324439717344490e+00
1.151313110869083944e+00
5.136208362703809094e-02
1.011539752658361380e+00
7.413737623853409175e-01
-9.560900065601558584e-01
1.337653675249968810e+00
-5.793547432894128324e-01
-5.776401812518372481e-04
4.694111083828496067e-01
9.717607945201245379e-01
-5.244540200903975435e-01
-6.972097312973437599e-01
4.465632796870711019e-02
