6.272810838037501391e-02
-8.232954975340329717e-01
2.372133249964238910e-01
8.536262801435399172e-01
1.423038533089422408e-01
8.694844205859104669e-01
1.276959240287052211e-01
-9.981973503018446436e-01
8.668823877470965833e-01
-9.619720819095343156e-01
-1.864410556507525296e-01
-7.961104346123488718e-01
2.754299786068525879e-01
6.135200213730040986e-01
7.728135321818179193e-01
7.817999639167014791e-01
8.484083184411197465e-01
6.093170026027685537e-01
-8.810909992861697404e-01
-9.093433712095413401e-01
5.740594484041419143e-01
9.713545192394890115e-02
-2.028007498069333003e-01
9.480389716356287799e-01
1.231173385988733049e-01
2.310633619445383591e-01
9.730876468872888818e-01
3.749290499701598556e-01
-1.026170551996712366e-01
-5.417158176365670652e-01
-5.727789985050106836e-01
2.173236976354120387e-02
-4.711654357310135488e-02
-9.969120552212560327e-01
-2.112960623622961442e-02
1.907925582202794068e-01
6.556292467044748662e-01
6.892403188523743562e-01
-6.434070701559011507e-01
2.972258950841923930e-01
8.519391681633232682e-01
-4.551677217076477433e-01
3.104456001187290148e-01
-8.517520955122994675e-01
7.269509134057750011e-01
-7.850864706093607648e-01
-7.062478183209288662e-01
-5.253985203357576239e-01
-9.958042862573888154e-01
-1.328257951674260973e-02
-9.187016436091353100e-01
6.077545875857424118e-01
5.163668731730310935e-01
1.913033891516093821e-01
2.737970470795887401e-01
5.119278772511481890e-02
-7.128564350360597768e-01
1.540898589587464951e-01
8.630812254599069533e-01
-2.201986171349754606e-01
7.970060918124299842e-01
-4.771998391382148430e-01
1.855250571899635936e-01
-8.762578644057892330e-01
-6.070616776867818754e-01
-2.905106989566674791e-01
5.559943228873824861e-01
-3.193253750073301589e-01
5.241639079155566705e-01
-1.869654558325279936e-01
-3.692937291172657677e-01
3.313272690560475908e-03
-2.768510525818663748e-01
6.224859539159699473e-02
-2.346344862294018618e-01
8.032760805756249400e-01
-9.534384153914909898e-01
9.198263474241419324e-02
6.045338471615120390e-01
4.716826521336610067e-01
-6.992665281461913906e-01
7.697708472847131222e-01
-8.211052773152365258e-01
-9.052556655263150898e-01
2.513826931750553495e-01
8.346731097399362476e-01
5.882049506383348891e-01
-5.803022358833458405e-01
-2.813329114100775463e-01
3.197871577860291747e-01
-6.311238348417413935e-01
-9.488254833877429739e-01
8.685013597531308083e-01
-2.768756536047503047e-01
-1.333404241381708211e-01
-6.876485570841877060e-01
1.074099738137213045e-02
7.376389427372052054e-01
7.547340950801837423e-01
-3.786941919930029155e-01
5.115139205681982215e-01
-2.813115084190378479e-01
-2.023991164592235936e-01
6.449997526173048001e-01
-1.673092573963803620e-01
1.183050344352665206e-01
4.478983735187624937e-02
-6.676802325605777355e-01
-9.094386509937886220e-01
-5.518533358773116682e-01
-2.519642290279404673e-01
-6.658029675848697870e-02
5.896900646049951789e-02
8.538007332907475710e-01
-6.945363402371973471e-01
-3.434399248525819015e-01
-4.387342686914552647e-01
-2.735450108061607821e-01
3.414139041807424668e-01
9.221732355915959189e-01
6.258990889237547872e-01
-9.605901181914944242e-01
-9.341872567185289800e-01
2.295254898634027096e-01
1.977246773973369010e-01
-2.680311307752343275e-01
3.568048876062024366e-01
-3.295906519852414007e-01
4.928030072883069490e-01
-6.148725746008776305e-01
5.321251723007280887e-01
9.362867513477273196e-01
-8.927606121936191297e-01
5.250391785687871238e-01
-2.174364235523893463e-01
9.500914792319581359e-02
9.496084174926713306e-01
-9.421110119760995882e-01
9.580956737168719872e-01
-8.795355078194342369e-01
-2.464097502816431362e-01
-9.280835441514325712e-01
3.983624902501061715e-01
-8.380480845328921458e-01
7.679837425701212528e-01
2.167661119155126492e-01
6.701089966943798437e-01
-8.179357634041590774e-01
-3.398517408299512876e-01
1.532916326673978702e-01
-2.672026972110075338e-01
-9.786459326452625618e-01
-1.578771035165682513e-01
-7.775154655066744969e-01
-5.186447266534879308e-01
-3.568300941092996670e-01
-2.615495822689621885e-01
1.808489647866138306e-01
-8.363858830346306839e-01
-2.596625296769514701e-01
4.786315925455664200e-02
2.575879631466981845e-01
1.502375812873497640e-01
-1.172278488355831261e-01
-8.532334906243643768e-01
-6.796068623775115558e-01
5.387073671116766604e-01
7.003957580119710702e-01
-6.280918922149936190e-01
5.316652133509429667e-01
-2.737252365725904024e-01
-6.852221420438413535e-01
-5.112831545477540818e-01
2.791469265553681023e-01
3.321822998897270285e-01
9.798528724390980216e-01
8.311983338294279822e-01
3.641367092948577522e-01
6.136697967048654334e-02
8.554172902045231730e-02
7.389524645467997477e-01
3.753695961221923394e-01
-7.929563452178634009e-02
-9.280788486671553983e-02
3.751059875198530236e-01
-2.118593878103200989e-01
8.938662129857430916e-01
4.850488192648259034e-01
7.684896281421926822e-02
8.871216974876252603e-01
-8.873340059028083093e-01
-4.856559967376021802e-01
4.714481032974491281e-01
8.209859038513549478e-01
5.464152767579120162e-01
-3.850211525458231421e-01
7.341741341446053060e-01
4.057297718630183958e-01
3.633545377967006829e-03
-8.437476401041865692e-02
6.541204759302938765e-01
6.284808564797514929e-01
7.585146507024898010e-01
8.338578246518062453e-01
-1.638871794992113884e-02
1.438077837746454257e-01
-8.102925749317797521e-01
-3.255461114547824053e-01
-2.996856314491338491e-01
6.393532623102156087e-01
-1.473619153794851755e-01
-6.896201272522555215e-01
9.102827411873999353e-01
6.837859525727718601e-01
-4.727654068196556203e-01
-3.480530657166558406e-02
-7.527941973909226814e-01
1.854327532827784175e-01
6.485769014229472162e-01
-9.493858530248455718e-01
-5.263519628618495982e-01
5.704738015494263959e-01
-6.763686759866833764e-01
4.758947067416561261e-01
-3.843495516632378095e-01
9.308735864360149215e-01
-3.485159003546787204e-01
-9.637204073881808775e-01
-7.118823463198480361e-01
7.109714073546318236e-01
-2.874997216271164557e-01
9.182783163575296559e-01
-8.444493886281225770e-01
-5.304913098329251397e-01
5.919077365283771375e-01
-8.455675134234099666e-01
-8.526651023902229731e-01
1.155542745797251136e-01
-3.785454241630323846e-01
-9.840471973190045851e-01
2.244491842383893321e-01
-4.063587756347395441e-01
-5.215297757101946541e-01
-2.331277605762771543e-01
3.261352086616919888e-01
-3.268410016133094231e-02
-1.144081907333240888e-01
-1.161890049256055768e-01
7.217790408294810778e-01
5.655533814710780316e-01
9.927594416889262696e-02
-1.045056194157201190e-02
3.475395993487955248e-01
-9.730318457590496628e-01
4.730231547778541712e-01
-4.389354617993623808e-01
7.715971361265154815e-01
8.362360340978971518e-01
-7.364703572920368035e-01
7.358091504262265214e-01
-1.340988469361663604e-01
5.787319615820463170e-01
1.539501947378201230e-01
7.175945990651797501e-01
-9.322805451104403396e-01
