-1.352569046759115601e-01
9.401083216575623069e-01
-2.357809826359937855e-01
7.504930212002951517e-01
-9.506222367214991475e-01
-8.730947169388416640e-01
2.130550588808328705e-01
4.860539534858876465e-02
4.069226622275072813e-01
-6.169373321101176977e-01
1.824652398113499885e-01
-4.226371230049397187e-01
-6.740049727697097204e-01
-6.501533924146143395e-01
-6.485570611384772199e-02
3.057622166623388260e-01
9.086993591372793944e-01
-7.156135897473616669e-01
1.787782092102634390e-01
1.115148062257100836e-01
9.745646834887784493e-01
-5.352918914463042910e-01
5.254011397233449010e-02
7.073155254690854932e-02
-9.745347766273635415e-01
9.958097171140714021e-01
-5.923871627431347431e-01
-2.597957737523788335e-01
2.946820783161396839e-02
-1.595185018128144616e-01
-1.463298616296611065e-01
-8.556780825477170449e-01
9.728847338630277619e-01
5.671757227119011979e-01
-7.005854761318102142e-01
8.053806330189816620e-01
-6.085535171324594206e-01
8.521985025374101408e-01
-6.027367067534714629e-01
-4.748892472040411317e-01
-5.500007405260280979e-01
-4.317247220666697860e-01
-9.708853884311434701e-01
-1.662618552019057283e-02
2.635509675609581937e-01
-5.562385913268064197e-01
1.976962978020044837e-01
5.032993906503246961e-03
-1.680429518040613690e-01
7.975040776992345926e-01
-4.495345932150134338e-01
3.410442348340458896e-01
-9.447846867009390692e-02
-7.392297378740366742e-01
-5.893331234646770334e-01
-8.359241103276593421e-02
-4.173735753474208110e-01
2.561907794229312252e-01
9.277518441073788757e-01
-1.853204060813637977e-01
4.670087042636985597e-01
6.588427550137374578e-01
4.257288658423685757e-01
9.003009258673144721e-02
-1.295119345939297339e-01
8.215036510319120300e-01
-6.257303750906404449e-01
-8.688301222384797740e-01
-5.595216599752219633e-01
-6.649338619913727211e-01
6.059415212247976079e-02
-2.373113452845498905e-01
-3.436762684105838517e-01
6.231295276412558426e-01
5.343124506127250317e-01
-4.208586693512756938e-01
3.030370139797580187e-01
-3.408755817062689708e-01
-3.616689387294464986e-01
-2.715593464786567601e-01
7.305980816331825167e-01
5.769547923900644193e-01
2.298733161031845107e-01
-2.411731536261982889e-01
3.537100629823282105e-01
7.035254645457815759e-01
5.756883609445919703e-01
-8.117110978523494058e-01
9.917588138128299313e-01
-5.561678146482702534e-01
1.904939338767506207e-01
-4.066609643833400956e-01
4.351662740885804403e-01
9.075292667074768005e-01
-8.628000879214698937e-01
-7.431994131123598191e-01
8.890464770326225175e-01
-5.822709680053632653e-01
6.845328015110396791e-03
9.015369673491698821e-01
6.100973339186817057e-01
-4.783938383740957700e-01
4.881344322199265839e-01
-5.941933960899510314e-01
6.694685205710888543e-01
-2.817382349404673469e-02
-7.499416140992063440e-01
2.776951132143452572e-01
8.739780990495376045e-01
-3.380193958158910217e-01
6.344288378630229541e-01
9.472708009862926826e-01
-9.524417182434048446e-01
7.672657842437446973e-01
9.546772276639137189e-02
-2.279799862360027962e-01
-9.102832639571265538e-01
-2.999474973542097800e-01
5.229506754501951349e-01
-3.856241368432211658e-01
-5.072112290986920957e-01
8.018085087433879377e-01
7.034019713654515726e-02
4.944617451382171680e-02
3.436665441481203676e-01
-8.365559872169938682e-01
2.124384833495429614e-01
-1.125655409119696859e-01
2.664309757081051444e-02
-5.142842718356874787e-01
-4.583264799496609143e-01
2.000473331951904132e-01
-9.129325376441130846e-01
-4.301996279179054472e-01
3.455248047492089913e-01
7.340349893874003051e-01
4.996247885404623279e-01
-3.700964025162727378e-01
5.305339726018969415e-01
-8.285439048280154317e-01
-7.769594942906818957e-01
-5.607030646840525101e-01
-1.227564116826276308e-01
4.670635057588434780e-01
-2.934863791285025059e-02
-4.565437188717484940e-01
-9.440111731818305874e-01
6.308238757278112896e-01
9.743402699640277831e-01
-2.175354456280567117e-01
-4.151493754377022505e-02
3.332946126656408659e-01
-4.725627446807769694e-01
6.092717789212278579e-01
1.177616487986028471e-01
7.441983487202397107e-02
-5.761002348930883699e-01
5.306366499333268205e-01
-4.067999900676013691e-01
-2.198477823197821923e-01
-6.401219761948981901e-01
-6.432028598662653529e-02
-8.884727581006195418e-01
-3.918477849662889145e-01
-8.629610087153549713e-02
4.467369439041855017e-01
3.688706771229863790e-01
-4.840807264491284734e-01
-5.354148140546959311e-01
8.146932840570422218e-01
-2.125314565822551405e-01
-7.592880425304424641e-01
-6.080530887878827784e-01
4.079183447221619296e-01
4.970624922855506611e-01
8.204256877283171434e-01
-5.692553531429989100e-02
6.412284524163722743e-01
1.210405346140104310e-01
1.073425744538503146e-02
-3.496159732097676720e-01
-8.670588836803874155e-01
1.350454200326158816e-01
3.355604205370474880e-01
9.415511873225468342e-02
-3.597653222408847551e-01
-9.494166121747928955e-01
-5.863809292811037466e-01
5.408779925380120535e-01
-3.792323895338367556e-02
2.651305876001830431e-01
7.225759621506111507e-02
4.015106556004306437e-01
1.511257977070390446e-01
-3.992664018942738702e-01
7.831388870047799600e-01
-2.721477159509870791e-01
-8.975823415438013431e-01
5.686469029814178455e-01
-8.868181936994166126e-01
1.417917062030127351e-01
3.114971747488801679e-01
-1.497119375105400163e-01
-3.910858916099082538e-01
1.616449731444582483e-01
-9.374381668920912514e-01
4.382349342529874292e-01
3.230985697377306565e-01
5.547983614423857013e-02
-8.986418568993579381e-01
-4.794118218060345882e-01
-5.268305025947150888e-02
-2.492829810397483303e-01
7.784345069396112482e-01
8.101661178608143832e-01
-2.447036455467843652e-02
1.776993743764696543e-01
6.063245750505192877e-01
7.228006290436654879e-01
-4.820260888068668148e-01
-6.126771226027385442e-01
6.860778010451953346e-01
-4.909482963397746591e-01
-9.265216795899151592e-01
-1.647276390415515213e-01
-7.657257854650294515e-01
-9.398127223170749112e-02
-8.265956965892562458e-01
2.975095934380178608e-01
-4.979416184641978216e-01
-8.366553938557086401e-01
7.591443286656673894e-01
-7.673008204574429669e-01
-1.652655486848968458e-01
-5.930047550967649794e-01
-9.247547153612487580e-01
1.839823266911166932e-02
-5.458996348533811105e-01
-1.167784001322365039e-01
4.473365358028700278e-01
9.379054921812810530e-01
3.870852221190836939e-01
-2.411573274216791685e-01
-8.073714875921298439e-01
6.954658812255198885e-01
-4.783141512157187414e-01
2.026637266746507127e-01
7.623510495770950968e-01
6.785338992639797784e-01
6.482344402801103467e-01
-2.379881556340464055e-01
8.310865082281626570e-02
-2.996615615309217162e-02
1.424870730430967125e-01
8.180759155769381508e-01
-9.712531217877737877e-01
7.001600233875453494e-01
-7.267418338469222583e-01
8.068285378593635926e-01
6.320749926437640998e-01
8.566149979915576029e-01
5.109428424451025741e-01
3.428701397608646673e-03
9.943304822249956487e-01
-1.940116504642703799e-01
-5.143432003150296694e-01
-9.375332281637434040e-01
6.514969766504363768e-01
-7.700994731547978756e-01
-1.273366688779709044e-01
1.896108908874272192e-01
2.345275548848506642e-01
-8.906063774719572557e-01
6.882213456876127289e-01
-1.247908920021443269e-01
9.381415980681457878e-01
-4.537342205321348576e-01
-4.392604184390438427e-01
-3.982945548227705412e-01
-7.499687743126353112e-01
-7.933904983241817366e-01
-6.783362432309343326e-01
8.286613347148372721e-01
5.658691930699448758e-01
4.870063355778628811e-01
3.149365633066223413e-01
-4.697379420108989123e-01
4.653119015205582354e-01
6.427592569504783082e-01
8.482835673422657319e-01
-4.320133679302085028e-01
-2.407786349728557873e-02
5.771108277239656026e-02
7.304492313069474996e-01
7.202915738685744529e-02
-6.998246150471192362e-01
7.978662766828317210e-01
8.158972611490677984e-01
-8.122367750844869949e-01
-4.422087294525705037e-01
-1.956448791246034880e-02
-4.405000489344190751e-01
-7.594291127905348215e-01
8.987449365457329531e-01
-6.414297453689978834e-01
-1.324161208518148669e-02
6.757830157460480436e-01
1.091265656232598413e-01
8.511928543003932646e-02
2.284811537050333019e-01
6.444172322164993805e-01
4.964013612330289149e-01
-9.655396073437800819e-01
-8.648030217588453805e-01
2.014713870690809649e-02
3.682601504504792178e-01
-7.747231903327131963e-01
7.267003793081308061e-01
-7.550393895218421303e-01
-3.317079860718588069e-01
7.904974169751766144e-01
-8.484551380672455956e-02
4.782828304430375432e-01
-6.855878874428540382e-01
9.678749098893100200e-01
3.013778430439246758e-01
-1.487294737302535808e-02
-6.793900671250809875e-01
-4.553393950949813362e-01
-2.415620989505220528e-01
-1.213659663653661180e-01
-6.358495516178934714e-01
-7.506432608879147761e-01
-5.166386745375510792e-01
2.976637176556669040e-01
5.647087070706415801e-01
-6.180034400704381703e-01
4.913930050018326945e-01
-1.904539970833234452e-01
2.628847050289579990e-01
-4.596143162429839890e-01
8.531554873604634270e-01
8.638111914900272748e-01
9.223397044760728303e-01
-2.963603380017207911e-01
1.758113612041436458e-01
-1.407768626937591083e-01
6.540392865166395620e-01
5.986587587036140690e-02
-5.906034457708608798e-02
5.699360089696727805e-01
-5.319936568423966339e-01
-1.927984912511364612e-01
-5.710508303030195076e-01
2.021006259825128826e-01
8.289031430957887192e-01
1.831632673710152925e-01
2.488107247773290176e-01
3.250950708772668563e-01
-1.175158940092284610e-01
-9.983929924016525792e-01
7.230431288864247463e-02
-8.343140956440731060e-03
-4.146706644778426210e-01
-5.815925089776914358e-01
5.854184163050344392e-01
-7.565719412237172925e-01
2.586901715311347161e-01
-9.433581699036945878e-01
-5.326062381244711652e-02
6.333961054738566077e-01
2.438664067059750362e-01
3.772546401774599101e-01
-3.577847215272966785e-02
-3.762373589412963959e-01
-5.258901188265825422e-01
-5.598205286010824455e-01
3.014701119365204018e-01
3.195863560022038641e-02
4.268696209944951026e-01
-3.164379010920379542e-01
-8.838861239826094618e-01
9.532921837245968977e-01
2.932317871389649167e-01
-4.901011252546321195e-01
-3.137912109770331082e-01
-3.570278801340716068e-01
-3.370855229555509425e-01
-3.292781806008548973e-01
9.984682748008726350e-01
2.690272948465723957e-01
-1.252995333207485018e-01
3.019881149217262806e-01
-2.805163134109600609e-01
3.970810738294172637e-01
2.077773962340245806e-01
-6.528208242919602000e-01
2.496596378413067363e-01
8.004878430102353448e-01
-4.117941747763780302e-01
9.325586867594357621e-01
5.760716817078745944e-01
-5.080997916956857541e-01
-8.985775702758183048e-01
-5.122454596833256879e-01
-9.650941748372399154e-02
-2.407409770871722365e-01
-8.941983844412493276e-01
4.138434629928777753e-01
-3.373752898820048252e-01
4.541875796745147298e-01
4.399563540258373262e-01
-3.591482796216896034e-01
1.768065685864503855e-01
5.086746503521115681e-01
-1.087564195801824507e-01
-5.373446076002996730e-01
3.174781061813687355e-01
7.033677090572554302e-01
-6.065922595426758157e-01
3.870226209524132432e-01
8.264980853358896429e-01
6.458655475729768725e-02
-2.338455204829648082e-02
1.666034422641051727e-01
6.885683772966533223e-01
-1.545957803337731917e-01
-6.392376380668429725e-01
-3.277053293135026024e-01
-7.388800113521887258e-01
-1.159269972656828962e-01
2.025753384376534072e-01
-2.116139937366601220e-01
7.860113200894665031e-01
-6.262203987526471227e-01
4.436771124090435059e-01
6.355042597511035840e-01
-1.072719166821354264e-01
6.173761294763471241e-01
5.033419890191468404e-01
7.861702402087313857e-01
1.524389798359773174e-01
7.250904282176899862e-01
-2.467369371570660164e-02
-2.516100606692992514e-01
-4.162586977764564100e-01
-1.157310461884542008e-01
-7.244233201218674978e-02
9.022557385701805988e-01
4.042221215410535251e-03
-3.875792295565809731e-01
-5.791625510343136884e-01
2.360531928255158451e-01
8.674692060023343476e-01
5.438087040521066839e-02
2.562615285974387813e-01
1.910156694948239586e-01
5.270329401028648331e-01
9.677212703339495015e-01
-6.885945635368306839e-02
-5.360707953453200947e-01
-6.142599240765327373e-01
3.459238870660688026e-01
8.288841173836756226e-01
7.796049702582430463e-01
5.886647173041772430e-01
5.493592720981150812e-01
-1.223858124314849416e-01
-8.018481181608516639e-01
-5.097193555357575345e-01
7.873556803134351689e-01
1.864863021068183802e-01
-8.546495768840298712e-01
3.362627336756347507e-01
8.434118906291017126e-01
-8.724398647942495089e-01
-5.003643447648473686e-01
-2.454060030413802718e-01
6.139268593616717951e-01
9.897369133150366594e-01
-7.216660263513767770e-01
-4.543872415096950057e-02
5.218491289646909337e-01
-4.647370066790426080e-01
-9.666125177069873065e-01
-7.885307295877312939e-01
-9.656785604411410873e-01
1.132289594587121417e-01
-6.313770731668655323e-01
-8.684968651864473088e-01
9.789504979051006917e-01
3.442900209008210588e-01
-6.530178763776808282e-01
-8.625723587710965035e-01
-6.167092534949536464e-02
-4.911560132345615948e-02
-5.557832929183599280e-01
-3.032489588569780015e-01
3.868243045017640824e-01
-6.074122583610053194e-01
5.282617027715306168e-01
-7.453254970649132449e-01
2.687252032660358836e-01
-2.347185559441975489e-01
4.150256288908236169e-01
-1.445120954130225677e-01
-2.325591034645853039e-01
1.616558389105997584e-01
-5.778342857676337374e-01
5.526142412808368043e-01
3.443757535855884733e-02
5.312202215777899195e-01
4.414592721968266797e-01
3.789503779189629107e-01
2.785845814812737409e-01
-7.476764831904185726e-01
-7.656641874307901219e-02
3.265081649435126465e-01
-6.521121785472860921e-01
-3.247091997395277208e-01
-1.742538346731385968e-01
5.178872352218222286e-01
4.014495933324881971e-01
-9.221229134942778849e-01
-7.382592829858662942e-01
5.702985349885838495e-01
4.066042844436952297e-01
9.536924086463671735e-01
-7.614773948715898300e-01
-8.350070369776363410e-01
-1.883670580180119014e-01
4.746547584137739140e-01
2.359277043462570944e-01
-2.705793490367784937e-01
3.628694732320454364e-01
-1.217664259703743479e-01
-9.332829615802080703e-01
7.857878531399873356e-01
7.411646088959080725e-01
8.011843228392887539e-01
-1.496819425572590845e-01
5.821915897395362194e-01
8.855059720814679736e-01
-5.852274821765472979e-01
2.629613852489760539e-01
1.144380988160313972e-01
2.805480692387818387e-02
3.924690221640019239e-01
-7.810497534567668598e-01
9.430368584566590773e-01
8.654512768402500278e-02
9.745779948109194457e-01
-5.180096682759762761e-01
6.646498145993018358e-01
-1.376340572452199318e-01
-1.966556107112018559e-01
6.571981179436465759e-01
-7.873730332975006352e-01
-7.281332520725380952e-02
-6.648597213889368973e-01
9.512378898431115282e-01
-9.647017775164747899e-01
-1.670130163503005249e-01
1.590998611168146226e-01
-2.507401608816657301e-01
-5.703681162204763400e-01
-7.584099448518266673e-01
-9.035765972414790959e-01
-8.391895407761309489e-01
4.163807786184130499e-01
8.003676385453228903e-02
-3.095731771805712018e-01
-5.010845382415904936e-01
-7.716766588412646843e-01
3.462998784046971146e-01
-1.968607108548336981e-02
-5.518288453705486596e-01
1.822199970730880025e-01
-7.111373307213986195e-02
-8.618829618983656626e-01
2.312776788384560689e-01
4.874140310271075638e-01
6.918924826619643476e-02
-3.233269739532635967e-01
7.317820838521615912e-03
-1.338855511907071083e-01
-2.432324200003428416e-01
3.044560452358811009e-01
-4.479903112691596689e-01
6.172930016931392760e-01
-2.782359041929565180e-01
2.827477164423775058e-02
7.794415069647211425e-01
2.476005378666834567e-01
5.433279204292347231e-01
4.450063017934664522e-01
-2.040309973169602831e-01
7.828017065854002698e-01
1.540282726920727541e-01
-2.038343761632424034e-01
-1.061586572722230670e-01
-2.325145858877888383e-01
-4.501052889015142444e-01
-6.879623000328494165e-01
5.214563543037349369e-01
7.369778984825658963e-01
-2.071948503264413599e-01
-5.420358588912463915e-01
8.914959025619788591e-01
-5.084123051232063428e-01
4.800660322511083322e-01
-4.837267344479625475e-01
4.252409994609038790e-01
-2.188540131525993360e-01
8.345951949170768991e-01
6.126351864642141098e-01
5.876327492271049557e-01
-3.017708621457269036e-01
5.375530389964118250e-01
4.805975359315708406e-01
9.739653980868769878e-01
2.784375482415291092e-01
-5.214709063726319371e-01
-3.036746097276106227e-01
-9.110502573867127474e-01
8.050276636310141898e-01
-7.384276160693881152e-02
-4.284676100305992996e-01
-2.659115333878370180e-01
6.408438215298661866e-02
-9.873013961465142430e-01
-3.240746168062877963e-01
-3.934707476086847233e-01
-7.909521781407549135e-01
3.323066984410985025e-01
1.004966680414929314e-01
-5.598368601882592888e-01
3.668277553921914791e-01
3.084154467710105152e-01
-5.182141166427112200e-01
-1.095492934253834427e-01
-1.827318217989357674e-01
5.555327683483881618e-01
4.787389023505865815e-01
-8.631341411193917956e-01
-7.394879789003487858e-01
7.829898542265523176e-02
-9.921021900081905542e-02
7.890800004997839956e-01
2.478149713388648756e-01
9.137576241060827442e-01
2.403985044889000999e-01
-3.368111942148686033e-01
-9.079142342762285267e-01
-1.203249092562284073e-01
1.554539856820147392e-02
-3.179111325616066352e-01
7.617007334982788258e-01
1.157868106760013838e-01
-5.271931018028881422e-01
-9.567851062262233697e-02
-2.084595348444584495e-01
-1.481939049903862049e-01
1.052709195523993113e-01
-7.437931097801415703e-01
-7.091200597708218201e-01
-2.413415115408981126e-01
-2.266826405132797984e-01
-3.449647244337232799e-01
-2.471018182326993884e-01
-7.822063771244420760e-01
-3.748461391127233533e-01
-6.539416801894586406e-01
3.747064852823043246e-01
7.399623232073844203e-01
-9.115690915725318533e-01
-1.470961508242623061e-01
-7.175558686973513289e-01
4.653812648358672810e-01
-6.180831447759715935e-01
1.615771700552435242e-01
1.958258718902221585e-01
-8.873516912666112866e-01
-9.668369848562143876e-01
7.033285252803109788e-01
6.763406776519198527e-01
-9.794358770478508447e-01
7.078460183908750203e-01
-9.103874714755759712e-01
-9.660976253497488564e-02
-4.575299731998010433e-01
5.833364502895799220e-02
-3.693544104083845703e-01
-9.603976556454718594e-01
-8.778273537344172261e-02
3.433816939235865284e-01
3.980276305050838292e-01
-8.710642890876372224e-01
3.654793034722607636e-01
-5.285449654678755493e-01
-4.682155567431196541e-01
-6.869905280557626615e-01
-1.297131393881867378e-01
-7.371129086475163295e-01
-4.682315176084377306e-01
-7.846278824756949266e-01
-4.153491327143115086e-01
7.566917769255330217e-01
1.577263749317949770e-01
5.411644199782998932e-01
3.228055223553933928e-01
-5.931047367225281697e-01
8.944097947517430924e-01
4.829190924282662500e-01
-1.003405649199813343e-01
-1.428621780558581023e-01
9.746042125171063830e-01
-2.327986083637616499e-01
7.083969955691149512e-01
-6.731426796081356745e-01
4.299271351744040626e-01
4.242571915022679274e-01
-9.642771005731043399e-01
-4.204031213755914376e-01
-1.685378117111369090e-01
2.539092538365137486e-01
-2.612682726277812950e-01
-2.792607278078069744e-01
7.617461273468468796e-01
-3.937378912228017835e-01
9.152727220678755771e-01
-4.995645530489563058e-01
7.238701202861297368e-02
-7.136607386484850046e-02
9.280164874659180274e-01
-8.964388392619371260e-02
-7.311397045736456324e-01
4.859372529617191905e-01
9.299767212559417739e-01
9.970607349376447992e-01
9.102080129251304275e-01
7.960870865696048071e-01
7.455996062630356747e-01
3.356548891827304537e-01
-2.331201534284734755e-01
2.374134380955883472e-01
8.153640242024584595e-01
-6.471902928342947448e-01
2.213610832620884761e-01
3.393619309304174436e-01
9.630210475658678160e-01
3.911087185285022638e-01
7.681851313971670425e-01
6.093427714803945072e-02
-6.792436549135860702e-02
7.694171475705422480e-01
2.788191461303817231e-01
2.387514168274902371e-01
2.401839918207941960e-01
8.798731824601049301e-01
3.974959782785780771e-01
4.380539088328208042e-01
-6.305328352124968116e-01
-3.731448078456767181e-01
-5.777164170326614112e-01
3.963554259513482059e-01
4.955312830621783071e-01
8.616925045564061136e-01
-8.448699174549869628e-01
1.275147652355104189e-01
-9.818445932536703502e-01
4.116801228560500459e-01
-3.257005242035249104e-01
-2.854840951551289585e-01
-2.251244162133847482e-02
-9.168462765025862105e-01
8.746209585982684942e-01
-7.262452579082450121e-01
8.228235106741614846e-01
-3.448330979185851852e-01
1.521862133714122489e-01
4.728420654271883183e-01
3.069950145384179319e-01
2.755134046206728637e-01
9.807276139063954012e-01
