-1.439667022253203199e-01
9.401083216575623069e-01
-2.319173899981043230e-01
1.453316791079068415e-01
-9.510926008111253438e-01
-8.711242873302825762e-01
2.130538264666082260e-01
4.860539534858876465e-02
4.069226622275072813e-01
-6.169373321101176977e-01
1.824652398113499885e-01
-4.226348054647811048e-01
-6.755267628250621881e-01
-6.501533924146143395e-01
-6.485570611384772199e-02
3.229062733979957134e-01
9.073469357643217936e-01
-7.156135897473616669e-01
1.787782092102634390e-01
1.113376942675153580e-01
9.754922152399371216e-01
-5.352918914463042910e-01
5.263810255933182997e-02
5.560513600860944594e-02
-9.745347766273635415e-01
9.958097171140714021e-01
-5.923871627431347431e-01
-2.597957737523788335e-01
3.184204976751439098e-01
-1.595149135114625749e-01
1.023059542755322127e-01
-8.633834566708693536e-01
9.728847338630277619e-01
5.610588276941043118e-01
-7.005854761318102142e-01
8.049553309990125083e-01
-6.085535171324594206e-01
8.521985025374101408e-01
-6.027367067534714629e-01
-4.750025357602841725e-01
-5.500007405260280979e-01
-4.124987495013964223e-01
-9.708853884311434701e-01
-1.662618552019057283e-02
2.635509675609581937e-01
-5.562385913268064197e-01
1.976964941353248906e-01
5.032993906503246961e-03
-1.654278160319720692e-01
7.975040776992345926e-01
-6.735388770716096429e-01
3.410442348340458896e-01
-9.447846867009390692e-02
-7.392297378740366742e-01
-5.892743204702156623e-01
2.655226547720213048e-03
-4.140851978397773192e-01
2.561907794229312252e-01
9.277559394419651051e-01
-1.838822035181303938e-01
4.670087052929236537e-01
6.588427550137374578e-01
4.257288658423685757e-01
9.003009258673144721e-02
-1.296390320147539355e-01
8.215036510319120300e-01
-6.257303750906404449e-01
-8.688275946970419605e-01
-5.595216599752219633e-01
-6.621931622093305547e-01
6.059038866624739950e-02
-1.755634102899281679e-01
-3.436762684105838517e-01
6.231295276412558426e-01
5.343124506127250317e-01
-3.929458348673476875e-01
3.030370139797580187e-01
-3.408755817062689708e-01
-3.616689387294464986e-01
-2.711584328197562122e-01
7.014169793623212801e-01
5.852931957887679282e-01
2.298733592822159444e-01
-2.411731536261982889e-01
3.537100629823282105e-01
7.035254645457815759e-01
5.754496995350790733e-01
-8.117110978523494058e-01
9.917436395975329777e-01
-5.561678146482702534e-01
1.904939338767506207e-01
-4.066609643833400956e-01
4.308899831817967208e-01
9.075292667074768005e-01
-8.627988077619218599e-01
-7.431994131123598191e-01
8.880995847214515626e-01
-5.822709680053632653e-01
6.845328015110396791e-03
9.003733438454100124e-01
6.100973339186817057e-01
-4.769079525458064794e-01
4.881344322199265839e-01
-5.941933960899510314e-01
6.694685205710888543e-01
-2.817486306765763088e-02
-7.455772592088587558e-01
2.645803915940100892e-01
8.739780990495376045e-01
-3.380193958158910217e-01
6.344288210950823625e-01
9.472708009862926826e-01
-9.524417182434048446e-01
7.672657842437446973e-01
9.546772276639137189e-02
-2.279942342956657875e-01
-9.131564647122382139e-01
-2.975357845261139556e-01
5.228592326278791447e-01
-3.856241368432211658e-01
-5.072112290986920957e-01
8.018085087433879377e-01
7.034019713654515726e-02
4.944617451382171680e-02
3.436665441481203676e-01
-8.365559872169938682e-01
2.120006907569104149e-01
-1.125661538024963215e-01
2.664309757081051444e-02
-5.142842718356874787e-01
-4.213310170391209031e-01
2.000473331951904132e-01
-9.129325376441130846e-01
-4.180662381635968372e-01
3.448021082285226413e-01
7.340349893874003051e-01
4.782617309079106871e-01
-4.765920232280591584e-01
5.305339726018969415e-01
-8.285439048280154317e-01
-7.769594942906818957e-01
-5.607040544339356725e-01
-1.227564116826276308e-01
4.670432194494522071e-01
-2.936570229320618550e-02
-4.565714639880713577e-01
-9.440111731818305874e-01
6.308238757278112896e-01
9.743402699640277831e-01
-2.175354456280567117e-01
-4.151493754377022505e-02
3.332946126656408659e-01
-4.725627446807769694e-01
6.092717789212278579e-01
1.177616487986028471e-01
2.026386468419397735e-01
-5.762990433321353301e-01
5.306366499333268205e-01
-4.067999900676013691e-01
-2.198477823197821923e-01
-6.397096970414315464e-01
-6.432348225116356344e-02
-8.852003793973638457e-01
-3.918477849662889145e-01
-8.628766479194345529e-02
4.469630557230338530e-01
3.688706771229863790e-01
-4.840807264491284734e-01
-5.354148140546959311e-01
8.146932840570422218e-01
-2.125314565822551405e-01
-7.593129764515786917e-01
-6.080530887878827784e-01
4.079183447221619296e-01
5.989100163047665903e-01
8.204256877283171434e-01
-5.693704520629635363e-02
-9.638172753310221275e-01
1.210405346140104310e-01
1.073425744538503146e-02
-3.496628211085062721e-01
-8.652919778738364931e-01
1.350454200326158816e-01
3.235804554490161467e-01
9.415511873225468342e-02
-3.597720547572533789e-01
-9.483165644294021535e-01
-5.863809292811037466e-01
5.408779925380120535e-01
-3.792603469154104401e-02
2.651305876001830431e-01
7.227636658961614224e-02
6.592897186314192748e-01
1.511257977070390446e-01
-5.778947106181158144e-01
7.831388870047799600e-01
-2.721477159509870791e-01
-8.975823415438013431e-01
5.684577721618063739e-01
-8.868181936994166126e-01
1.417917062030127351e-01
3.114971747488801679e-01
-1.497119375105400163e-01
-3.910858916099082538e-01
1.616449731444582483e-01
-9.374381668920912514e-01
4.518220745928114290e-01
3.230578998212336184e-01
5.548737325192514697e-02
-8.986418568993579381e-01
-4.794118218060345882e-01
-5.268305025947150888e-02
-2.492829810397483303e-01
7.784345069396112482e-01
8.102358745417870267e-01
-2.447036455467843652e-02
4.489334261510380397e-01
6.063245750505192877e-01
7.228006290436654879e-01
2.965536022839905250e-01
1.076464316414010303e-01
6.860616433778990997e-01
-5.019509661105457932e-01
-9.265216795899151592e-01
-1.654968226726465375e-01
-8.051310793194976778e-01
-9.398127223170749112e-02
-8.265956965892562458e-01
2.975095934380178608e-01
-4.979416184641978216e-01
-8.366553938557086401e-01
7.591443286656673894e-01
-7.673008204574429669e-01
-1.652655486848968458e-01
-5.930047550967649794e-01
-9.247547153612487580e-01
1.839823266911166932e-02
-5.457044467494154283e-01
-1.167784001322365039e-01
4.473365358028700278e-01
9.379054921812810530e-01
3.870852221190836939e-01
-2.411573274216791685e-01
-8.073714875921298439e-01
6.954658812255198885e-01
-4.783141512157187414e-01
2.026637266746507127e-01
7.623510495770950968e-01
6.785338992639797784e-01
7.540422685294014826e-01
-2.379881556340464055e-01
8.431696163837389124e-02
7.329208194419187250e-02
1.424870730430967125e-01
8.180759155769381508e-01
-9.712529939453055094e-01
7.001600233875453494e-01
-7.267418338469222583e-01
8.117886857656224642e-01
6.320749926437640998e-01
8.555124199216935788e-01
5.109428424451025741e-01
-1.290736666453509984e-01
9.943304822249956487e-01
-1.940116504642703799e-01
-5.143432003150296694e-01
-9.375332281637434040e-01
8.815781142527379100e-01
-7.611905364225248771e-01
-1.283295354755911444e-01
1.896108908874272192e-01
2.345275548848506642e-01
-8.906063774719572557e-01
6.882213456876127289e-01
-1.247908920021443269e-01
9.381415980681457878e-01
-4.537342205321348576e-01
-4.406884753485525996e-01
-3.983501074519752438e-01
-7.585511751792516355e-01
-7.933904983241817366e-01
-6.683597977204717155e-01
8.262347163557122176e-01
5.658691930699448758e-01
4.870047781701325462e-01
3.149365633066223413e-01
-4.701192301043810584e-01
4.653119015205582354e-01
6.427592569504783082e-01
8.482835673422657319e-01
-4.320133679302085028e-01
-2.236784087953951061e-02
5.767263295254945049e-02
7.304560292151101031e-01
7.202915738685744529e-02
-6.752024236439229110e-01
7.978662766828317210e-01
8.158972611490677984e-01
-8.128231481053783680e-01
-4.422087294525705037e-01
-1.956448791246034880e-02
-4.405000489344190751e-01
-7.594291127905348215e-01
8.987449365457329531e-01
-6.414297453689978834e-01
-1.324161208518148669e-02
6.757830157460480436e-01
1.091630606469253251e-01
8.511928543003932646e-02
2.284811537050333019e-01
6.444172322164993805e-01
4.964767529966087056e-01
-9.655396073437800819e-01
-8.648030217588453805e-01
2.014710762835830379e-02
3.747355624400339758e-01
-7.747231903327131963e-01
7.267013210007027268e-01
-7.550393895218421303e-01
3.486772090743300301e-01
7.904974169751766144e-01
-8.484551380672455956e-02
4.782828304430375432e-01
-6.855878874428540382e-01
9.456319126288951216e-01
3.014010034959219708e-01
-1.487294737302535808e-02
-6.794157426050161375e-01
-4.553393950949813362e-01
-2.035997249226424166e-01
3.388632874852542248e-02
-6.358495516178934714e-01
-7.507689053555032244e-01
-5.166386745375510792e-01
2.976637176556669040e-01
5.647087070706415801e-01
-6.180034400704381703e-01
4.914067333555083295e-01
-2.362567728491783980e-01
2.628847050289579990e-01
-4.596143162429839890e-01
8.531554873604634270e-01
8.638111914900272748e-01
9.481945711068019422e-01
-2.963603380017207911e-01
1.758111033312674820e-01
-1.407768626937591083e-01
6.540392865166395620e-01
5.986587587036140690e-02
-5.906073056628634993e-02
5.699570294244543645e-01
-5.319936568423966339e-01
-1.927984912511364612e-01
-5.710508303030195076e-01
2.021006259825128826e-01
8.289031430957887192e-01
1.790024450914302900e-01
2.488098033079617077e-01
3.382696800208740973e-01
-1.175158940092284610e-01
-9.983929924016525792e-01
7.230432102106934544e-02
-8.343053432372609518e-03
-4.146706644778426210e-01
-5.815925089776914358e-01
5.840540069872628415e-01
-7.565719412237172925e-01
2.586901715311347161e-01
-9.433591302107503518e-01
-5.326182982694918633e-02
6.333961054738566077e-01
2.438664067059750362e-01
3.772546401774599101e-01
1.044288410785063417e-02
-3.762373589412963959e-01
-5.258901188265825422e-01
-5.598205286010824455e-01
3.014701119365204018e-01
3.195863560022038641e-02
4.475255425867424863e-01
-3.164379010920379542e-01
-8.838861239826094618e-01
9.532921837245968977e-01
3.049685204403986272e-01
-5.462791468220471458e-01
-3.137912109770331082e-01
-3.570278801340716068e-01
-3.370827185626115718e-01
-3.325668040141053217e-01
9.984783156234987578e-01
2.690272948465723957e-01
-1.252995333207485018e-01
3.019881149217262806e-01
-2.805163134109600609e-01
3.970810738294172637e-01
2.077998291097564454e-01
-6.528208242919602000e-01
2.508355205872485061e-01
7.989389095110057681e-01
-4.117989728130091454e-01
9.325578908462907046e-01
5.732378447745941630e-01
-5.080997916956857541e-01
-8.985775702758183048e-01
-5.761818933492098838e-01
-9.650941748372399154e-02
-2.407409770871722365e-01
-8.942603719337862689e-01
4.138434629928777753e-01
-3.373752898820048252e-01
4.531570728801215253e-01
4.399563540258373262e-01
-3.591215663372885891e-01
1.767701164504457967e-01
5.086746503521115681e-01
-1.087558378259683850e-01
-5.373446076002996730e-01
3.174738524200345635e-01
7.033677090572554302e-01
5.603887343974029989e-01
3.870226209524132432e-01
8.441401712348063358e-01
6.546798213001422950e-02
-2.338455204829648082e-02
1.666034422641051727e-01
6.885683772966533223e-01
-1.545957803337731917e-01
-6.392306773496212458e-01
-3.277053293135026024e-01
-7.388800113521887258e-01
-1.155651264147747465e-01
2.025753384376534072e-01
-2.126636687782234025e-01
7.860113200894665031e-01
-6.262203987526471227e-01
4.436771124090435059e-01
6.355042597511035840e-01
-1.071677511096491564e-01
6.173595389789936494e-01
5.033419890191468404e-01
7.861702402087313857e-01
1.536263916747239444e-01
2.860424110234490169e-01
-2.467369371570660164e-02
-2.516226011326664902e-01
-4.162586977764564100e-01
-1.157310461884542008e-01
-7.244233201218674978e-02
9.022557385701805988e-01
4.042215675180294530e-03
-3.875792295565809731e-01
-5.784690181952603094e-01
2.360531928255158451e-01
8.674692060023343476e-01
5.504429005721121759e-02
2.562615285974387813e-01
1.910156694948239586e-01
5.196101940725939006e-01
9.677212703339495015e-01
-6.885945635368306839e-02
-5.360707953453200947e-01
-6.142599240765327373e-01
3.458749019882574327e-01
8.288841173836756226e-01
4.739145691956447859e-01
5.886647173041772430e-01
5.493592720981150812e-01
-1.223858124314849416e-01
-8.018481181608516639e-01
-5.097193555357575345e-01
7.872116052662351260e-01
1.872858975842494333e-01
-8.546495768840298712e-01
3.362627336756347507e-01
8.434260987538512166e-01
-8.724398647942495089e-01
-5.009057357611050865e-01
-2.454060030413802718e-01
6.149690621231203025e-01
9.897434211848203933e-01
-7.210626081593303205e-01
-4.543872415096950057e-02
5.218491289646909337e-01
-4.647370066790426080e-01
-9.666125177069873065e-01
-7.885307295877312939e-01
-9.656785604411410873e-01
1.132289594587121417e-01
-6.313770731668655323e-01
-8.684968651864473088e-01
9.789504979051006917e-01
3.442900209008210588e-01
-6.530229708266989119e-01
-8.625723587710965035e-01
-6.167092534949536464e-02
-4.900914414573732253e-02
-5.463080573314897936e-01
-3.032489588569780015e-01
3.868243045017640824e-01
-6.074122583610053194e-01
5.264763491091608572e-01
-7.453633086372317695e-01
2.688157549290011161e-01
-2.347185559441975489e-01
4.145866460832357547e-01
-1.445120954130225677e-01
-2.334297105830162311e-01
1.616558389105997584e-01
-5.703695059311878479e-01
5.526142412808368043e-01
3.443757535855884733e-02
5.312202215777899195e-01
4.414468338836346484e-01
3.789503779189629107e-01
2.785845814812737409e-01
-7.476764831904185726e-01
-7.656641874307901219e-02
3.265081649435126465e-01
-6.514934092601011306e-01
-3.247241992510238040e-01
-1.745249496016443580e-01
5.178872459948474782e-01
4.014495363272291284e-01
-9.221229134942778849e-01
-7.382308199933506065e-01
5.702985349885838495e-01
4.066042844436952297e-01
9.536924086463671735e-01
-7.810738519673841029e-01
-8.350070369776363410e-01
-1.834406100634557168e-01
4.746547675188380611e-01
2.359277043462570944e-01
-2.705793490367784937e-01
3.628694732320454364e-01
-1.217664528077445490e-01
-9.902725630570576865e-01
7.857878531399873356e-01
7.411646088959080725e-01
8.011843228392887539e-01
-1.496819425572590845e-01
5.956008434675608143e-01
8.855059720814679736e-01
-5.852274821765472979e-01
2.629613013015693612e-01
1.144380988160313972e-01
2.806582317732646964e-02
3.924690221640019239e-01
-7.810497534567668598e-01
9.430368584566590773e-01
2.310802127918858972e-01
9.745795945697779405e-01
-5.180096682759762761e-01
6.646498145993018358e-01
-1.376340572452199318e-01
-1.966556107112018559e-01
6.572499229266786092e-01
-7.873730332975006352e-01
-7.281332520725380952e-02
-6.648597213889368973e-01
9.512378898431115282e-01
-9.647017775164747899e-01
-1.670130163503005249e-01
1.590998611168146226e-01
-2.507401608816657301e-01
-5.703681162204763400e-01
-7.690167185606232580e-01
-9.035765972414790959e-01
-8.391895407761309489e-01
4.163807786184130499e-01
8.003676385453228903e-02
-3.095729125689400951e-01
-5.042842076457014766e-01
-7.716766588412646843e-01
3.462998784046971146e-01
-1.968607108548336981e-02
-6.311379576716287243e-01
1.822199970730880025e-01
-7.111373307213986195e-02
-8.619036309908897353e-01
2.500962848412406903e-01
4.874140310271075638e-01
6.918924826619643476e-02
-6.403943964347927342e-02
3.083777132638986992e-02
-1.413154714259702849e-01
-2.432200947291867643e-01
3.037936571868101177e-01
-4.479903112691596689e-01
6.172930016931392760e-01
-2.782792774362623511e-01
2.827477164423775058e-02
7.794415069647211425e-01
2.476005378666834567e-01
5.437495438880768361e-01
4.450063017934664522e-01
-2.040309973169602831e-01
7.795349067634024243e-01
1.540282726920727541e-01
-2.038343761632424034e-01
3.822995449628296960e-02
-2.325145858877888383e-01
-4.501052889015142444e-01
-6.118238811787046760e-02
5.214563543037349369e-01
7.369778984825658963e-01
-2.071948503264413599e-01
-5.420358588912463915e-01
8.914959025619788591e-01
-5.084123051232063428e-01
4.800660322511083322e-01
-4.837267344479625475e-01
4.164053715469673289e-01
-2.188540131525993360e-01
8.347177581388999235e-01
6.126351864642141098e-01
5.876327492271049557e-01
-3.017708621457269036e-01
5.375530389964118250e-01
4.805975359315708406e-01
9.739653980868769878e-01
3.877805504546693594e-01
-5.214709063726319371e-01
-3.036746097276106227e-01
-9.110502573867127474e-01
9.328103122963331550e-01
-7.384276160693881152e-02
-4.284676100305992996e-01
-2.600644714243310340e-01
6.408438215298661866e-02
-9.873013961465142430e-01
-3.436093262217999600e-01
-3.934707476086847233e-01
-8.095316097287660329e-01
3.323066984410985025e-01
1.004966680414929314e-01
-5.598368601882592888e-01
3.668277553921914791e-01
3.084134937243126484e-01
-5.182141166427112200e-01
-1.032614715932695937e-01
-1.827318217989357674e-01
5.552656652124310366e-01
4.787384077058703391e-01
-8.631341411193917956e-01
-7.394879789003487858e-01
7.705127726350179118e-02
-9.921021900081905542e-02
7.890800004997839956e-01
2.277032347455556494e-01
9.128988943021966174e-01
2.445512000461175506e-01
-3.368111942148686033e-01
-9.079142342762285267e-01
1.349907409478825759e-01
-2.769898185199418106e-02
-3.179111325616066352e-01
7.617007299908705731e-01
1.157868106760013838e-01
-5.271931018028881422e-01
-9.567851062262233697e-02
-2.084595348444584495e-01
-1.481939049903862049e-01
1.052709195523993113e-01
-7.316121023135875312e-01
-7.091200597708218201e-01
-2.413415338058588766e-01
-1.239479202767360538e-01
-3.453008119861996628e-01
-2.229814292221813654e-01
-8.144239051177748490e-01
-4.604936241343781100e-01
-6.539416801894586406e-01
3.652646947466230976e-01
7.399623232073844203e-01
-9.115690915725318533e-01
-1.459247099571394923e-01
-7.175558625330937801e-01
4.653812648358672810e-01
-6.499743601567691265e-01
1.615771700552435242e-01
-3.051051528520856704e-01
-8.819284008624647120e-01
-9.687803401452328433e-01
7.033285252803109788e-01
6.763406776519198527e-01
-9.792011564042791827e-01
7.094071389255982574e-01
-9.103874714755759712e-01
-9.660976253497488564e-02
-4.587272310591866131e-01
5.833364502895799220e-02
-3.693544104083845703e-01
-9.603890514581878701e-01
-8.778273537344172261e-02
3.433816939235865284e-01
3.523574516009213564e-01
-8.710642890876372224e-01
3.654793034722607636e-01
-5.251736775643546240e-01
-4.682155567431196541e-01
-6.869905280557626615e-01
-1.297135513497373049e-01
-7.264447976518383365e-01
-4.682315176084377306e-01
-7.843511344319032963e-01
-4.155241643955828734e-01
7.566917769255330217e-01
1.577263749317949770e-01
5.411644199782998932e-01
3.228055223553933928e-01
-6.262761072403413287e-01
8.971491381739531423e-01
4.830839579603788403e-01
-4.966894634874596814e-02
-1.428621780558581023e-01
9.746042125171063830e-01
-2.327813773647308959e-01
7.083969955691149512e-01
-7.273972078963474308e-01
4.299271351744040626e-01
4.219771838280906295e-01
-9.642771005731043399e-01
-4.204031213755914376e-01
-1.685378117111369090e-01
2.542333640285254770e-01
-2.612682726277812950e-01
-4.250869409504675067e-01
7.617461273468468796e-01
-3.937378912228017835e-01
9.152324516488101747e-01
-4.995645530489563058e-01
7.238701202861297368e-02
-7.136607386484850046e-02
9.280163162535226551e-01
-8.964388392619371260e-02
-7.311397045736456324e-01
4.932446612896833060e-01
9.299896112876325782e-01
9.970607349376447992e-01
9.102080129251304275e-01
7.960870865696048071e-01
7.455996062630356747e-01
3.356548891827304537e-01
-2.331201382446963233e-01
2.374134380955883472e-01
8.153640242024584595e-01
-6.471902928342947448e-01
2.085511960108930585e-01
3.401147679205904217e-01
9.630210475658678160e-01
3.911087185285022638e-01
7.702923639110548226e-01
6.093427714803945072e-02
-6.792436549135860702e-02
7.694171475705422480e-01
2.788191461303817231e-01
2.387744856159438600e-01
2.401839918207941960e-01
7.997756111634141130e-01
3.974959782785780771e-01
3.538018650390144515e-01
-6.305328352124968116e-01
-3.728570931313971992e-01
-5.766799511456568439e-01
3.967210327992257146e-01
4.955312830621783071e-01
8.616925045564061136e-01
-8.448699174549869628e-01
1.262853120843513699e-01
-9.820101096199068680e-01
4.116801228560500459e-01
-3.292861059665170287e-01
-2.854840951551289585e-01
-2.251244162133847482e-02
-9.235393467016800306e-01
8.736926174872537976e-01
-7.262452579082450121e-01
8.228235106741614846e-01
-3.448330979185851852e-01
1.521863750186273068e-01
4.728420654271883183e-01
3.069950145384179319e-01
2.755134046206728637e-01
8.204607509524162179e-01
