-1.439667022253203199e-01
9.401083216575623069e-01
-2.319173899981043230e-01
1.453316791079068415e-01
-9.510774610540186913e-01
-8.711242873302825762e-01
2.130538316437242674e-01
4.860539534858876465e-02
4.069226622275072813e-01
-6.169373321101176977e-01
1.824652398113499885e-01
-4.226347980842534713e-01
-6.755267628250621881e-01
-6.501533924146143395e-01
-6.485570611384772199e-02
2.902902587135842705e-01
9.073469357643217936e-01
-7.156135897473616669e-01
1.787782092102634390e-01
1.113376931943383941e-01
9.754922152399371216e-01
-5.352918914463042910e-01
5.263810255933182997e-02
5.560513600860944594e-02
-9.745347766273635415e-01
9.958144635910418652e-01
-5.923871627431347431e-01
-2.597957737523788335e-01
5.138330552080402902e-02
-1.595148958285151908e-01
1.023059503576631696e-01
-8.633834566708693536e-01
9.728847338630277619e-01
5.677283962171025822e-01
-7.005854761318102142e-01
8.049553309990125083e-01
-6.085535171324594206e-01
8.521985025374101408e-01
-6.050243741038024980e-01
-4.750034672024547322e-01
-5.500007405260280979e-01
-4.122156177805690325e-01
-9.708853884311434701e-01
-1.662618552019057283e-02
2.635509675609581937e-01
-5.562385913268064197e-01
1.837913534441920904e-01
5.032993906503246961e-03
-1.654277358342111648e-01
7.975033513485700887e-01
-6.736717369519827914e-01
3.410442348340458896e-01
-9.447846867009390692e-02
-7.392297378740366742e-01
-5.893331234646770334e-01
-8.342285842647509386e-02
-4.140851978397773192e-01
2.561907794229312252e-01
9.277518441073788757e-01
-1.838838722654432822e-01
4.121983993883517328e-01
6.588427550137374578e-01
4.257288658423685757e-01
9.003009258673144721e-02
-1.296390320147539355e-01
8.215036510319120300e-01
-6.257303750906404449e-01
-8.688278635645279024e-01
-5.596028635565702958e-01
-6.621931622093305547e-01
6.059039678146541791e-02
-1.755634102899281679e-01
-3.436762684105838517e-01
6.231295276412558426e-01
5.343124506127250317e-01
-3.929458348673476875e-01
3.030370139797580187e-01
-3.408755817062689708e-01
-3.616689387294464986e-01
-2.698754411458645364e-01
8.868816617355381737e-01
5.848781973620338359e-01
2.298733349839802431e-01
-2.411731536261982889e-01
3.537100629823282105e-01
7.035254645457815759e-01
5.754496995350790733e-01
-8.117110978523494058e-01
9.917007404654898384e-01
-5.561678146482702534e-01
1.904939338767506207e-01
-4.066609643833400956e-01
4.356670397562075747e-01
9.075292667074768005e-01
-8.627988077619218599e-01
-7.431708622076553805e-01
8.880986926288821914e-01
-5.822709680053632653e-01
6.845328015110396791e-03
9.003733438454100124e-01
6.035522006978774057e-01
-4.769079525458064794e-01
4.881344322199265839e-01
-5.941933960899510314e-01
6.694685205710888543e-01
-2.817486306765763088e-02
-7.455772592088587558e-01
2.645803915940100892e-01
8.663238791999172683e-01
-3.380193958158910217e-01
6.344288210950823625e-01
9.472708009862926826e-01
-9.524417182434048446e-01
7.672657842437446973e-01
9.546772276639137189e-02
-2.279939871505366755e-01
-9.131561477324386944e-01
-3.432683296853120125e-01
5.228592326278791447e-01
-3.856241368432211658e-01
-5.072112290986920957e-01
8.018085087433879377e-01
9.501477105969613479e-02
4.944617450790437380e-02
3.436665441481203676e-01
-8.365559872169938682e-01
2.116058179676046924e-01
-1.125661538024963215e-01
2.664309757081051444e-02
-5.142842718356874787e-01
-4.213310170391209031e-01
2.000473331951904132e-01
-9.129322004795682455e-01
-4.180662381635968372e-01
3.448021105314876822e-01
7.340349893874003051e-01
4.782617309079106871e-01
-4.765920232280591584e-01
5.305339726018969415e-01
-8.285439048280154317e-01
-7.769594942906818957e-01
-5.607040690901983204e-01
-1.227564116826276308e-01
4.670432194494522071e-01
-2.936570229320618550e-02
-4.565714639880713577e-01
-9.440111731818305874e-01
6.308238757278112896e-01
9.746679951153748300e-01
-2.175354456280567117e-01
-4.151493754377022505e-02
3.332946126656408659e-01
-4.725627446807769694e-01
6.092717789212278579e-01
1.177616487986028471e-01
1.572167464029080031e-01
-5.762990454913190508e-01
5.306366499333268205e-01
-4.067999900676013691e-01
-2.198477823197821923e-01
-6.397315703336887704e-01
-6.432348225116356344e-02
-8.852003793973638457e-01
-3.918477849662889145e-01
-8.629334779370717579e-02
4.469630557230338530e-01
3.688706771229863790e-01
-4.840807264491284734e-01
-5.354148140546959311e-01
8.146932840570422218e-01
-2.125314565822551405e-01
-7.593129764515786917e-01
-6.080530887878827784e-01
4.079183447221619296e-01
5.989100163047665903e-01
8.204256877283171434e-01
-5.693704520629635363e-02
-9.638172753310221275e-01
1.210405346140104310e-01
1.073425744538503146e-02
-3.496585823221072808e-01
-8.653203490748745397e-01
1.350454200326158816e-01
3.208868380793710173e-01
9.415511873225468342e-02
-3.597720547572533789e-01
-9.483165644294021535e-01
-5.863809292811037466e-01
5.408779925380120535e-01
-3.792603478628844144e-02
2.651305876001830431e-01
7.227636658961614224e-02
6.655532739440578327e-01
1.511257977070390446e-01
-5.778947106181158144e-01
7.831388870047799600e-01
-2.721477159509870791e-01
-8.975823415438013431e-01
5.684577721618063739e-01
-8.868182111523944533e-01
1.417917062030127351e-01
3.304097220213103037e-01
-1.497119375105400163e-01
-3.910858916099082538e-01
1.616449731444582483e-01
-9.374381668920912514e-01
4.518220745928114290e-01
3.230578998212336184e-01
5.548737325192514697e-02
-6.191071730398864936e-01
-6.525840047790326670e-01
-5.268305025947150888e-02
-2.492829810397483303e-01
7.784345069396112482e-01
8.101872210231267912e-01
-2.447036455467843652e-02
1.878832167754930227e-01
6.063245750505192877e-01
7.228006290436654879e-01
2.965536022839905250e-01
1.076464316414010303e-01
6.863704393668910164e-01
-5.019509661105457932e-01
-9.265216795899151592e-01
-1.655091410008650010e-01
-8.051310793194976778e-01
-9.398127223170749112e-02
-8.265956965892562458e-01
2.975095934380178608e-01
-4.979416184641978216e-01
-8.366553938557086401e-01
7.591443286656673894e-01
-7.673008204574429669e-01
-1.652655486848968458e-01
-5.930047550967649794e-01
-9.247547153612487580e-01
1.839823266911166932e-02
-5.448317654244126951e-01
-1.167784001322365039e-01
4.473365358028700278e-01
9.379054921812810530e-01
3.870852221190836939e-01
-2.411573274216791685e-01
-8.073714875921298439e-01
6.954658812255198885e-01
-4.783141512157187414e-01
2.026637266746507127e-01
7.623510495770950968e-01
6.785338992639797784e-01
7.232946818027765623e-01
-2.379881556340464055e-01
8.431696163837389124e-02
7.329208194419187250e-02
1.424870730430967125e-01
8.180759155769381508e-01
-9.712530017045883923e-01
7.001600233875453494e-01
-7.267418338469222583e-01
8.117886857656224642e-01
6.320749926437640998e-01
8.555124199216935788e-01
5.109428424451025741e-01
-1.291002334067638535e-01
9.943304822249956487e-01
-1.940116504642703799e-01
-5.143432003150296694e-01
-9.375332281637434040e-01
8.815781142527379100e-01
-7.611903128499752924e-01
-1.283295354755911444e-01
1.896108908874272192e-01
2.345275548848506642e-01
-8.906063774719572557e-01
5.761337821070133813e-01
-1.247908920021443269e-01
9.381415980681457878e-01
-4.537342205321348576e-01
-4.389451871726529064e-01
-3.983501074519752438e-01
-7.499704489719408729e-01
-7.933904983241817366e-01
-6.683597977204717155e-01
8.262344980765127245e-01
5.658691930699448758e-01
4.870714544858482098e-01
3.149365633066223413e-01
-4.701192301043810584e-01
4.653119015205582354e-01
6.427592569504783082e-01
8.482835673422657319e-01
-4.320133679302085028e-01
-2.236784087953951061e-02
5.760290909797417813e-02
7.304487855692078924e-01
7.202915738685744529e-02
-6.950722657210789412e-01
7.978624377926170075e-01
8.158972611490677984e-01
-8.128231481053783680e-01
-4.422087294525705037e-01
-1.956448500507114441e-02
-4.405000489344190751e-01
-7.594291127905348215e-01
8.987449365457329531e-01
-6.414297453689978834e-01
-1.324161208518148669e-02
6.757830157460480436e-01
1.091265656232598413e-01
8.511928543003932646e-02
2.284811570785305612e-01
6.444172322164993805e-01
4.964900251514854368e-01
-9.655396073437800819e-01
-8.648030217588453805e-01
2.014713871288421193e-02
3.747350085020864641e-01
-7.747231903327131963e-01
7.268693807362573978e-01
-7.550404069179950106e-01
5.393378447238337259e-01
7.904974169751766144e-01
-8.484551380679054844e-02
4.782828304430375432e-01
-6.842097666325647198e-01
9.456319126288951216e-01
3.014010034959219708e-01
-1.487294737302535808e-02
-6.794157426050161375e-01
-4.213934482892329747e-01
-2.035997249226424166e-01
3.388632874852542248e-02
-6.358495516178934714e-01
-7.507689053555032244e-01
-5.166386195922262337e-01
2.976637176556669040e-01
5.647087070706415801e-01
-5.262310798362925812e-01
4.914067333555083295e-01
-2.362567728491783980e-01
2.628847050289579990e-01
-4.596143162429839890e-01
8.531554873604634270e-01
8.638111914900272748e-01
9.481945711068019422e-01
-2.963603380017207911e-01
1.759353519807770327e-01
-1.407768626937591083e-01
6.540392865166395620e-01
5.986587587036140690e-02
-5.906031985164425513e-02
5.699570294244543645e-01
-5.319936568423966339e-01
-1.927984912511364612e-01
-5.710508303030195076e-01
2.021006259825128826e-01
8.289031430957887192e-01
1.794479263637611399e-01
2.488098033079617077e-01
3.252716738454001222e-01
-1.175158940092284610e-01
-9.983929924016525792e-01
7.230431289328527467e-02
-8.343053890591558414e-03
-4.146706644778426210e-01
-5.815925089776914358e-01
5.840540069872628415e-01
-7.565724822739892108e-01
2.586901715311347161e-01
-9.433591302107503518e-01
-5.326182982694918633e-02
6.333961054738566077e-01
2.438664067059750362e-01
3.772546401774599101e-01
1.044293168149388294e-02
-2.298339435650909313e-01
-5.258901188265825422e-01
-5.598205286010824455e-01
3.014701119365204018e-01
3.195863560022038641e-02
4.484879134674357726e-01
-3.164379010920379542e-01
-8.838861239826094618e-01
9.532771751379560676e-01
3.049685204403986272e-01
-5.464672628430041756e-01
-3.137912109770331082e-01
-3.570278801340716068e-01
-3.370827185626544820e-01
-3.325668082978205931e-01
9.984783176764155943e-01
2.690272948465723957e-01
-1.252995333207485018e-01
3.019881149217262806e-01
-2.805163134109600609e-01
3.970810730322908988e-01
2.077689739711100492e-01
-6.528208242919602000e-01
2.496569591160996693e-01
7.989383593186963894e-01
-4.117989728130091454e-01
9.325578908462907046e-01
5.732378447745941630e-01
-5.080997916956857541e-01
-8.985775702758183048e-01
-5.760266505496731693e-01
-9.650941748372399154e-02
-2.407409770871722365e-01
-8.942603719337862689e-01
4.138434629928777753e-01
-3.373752898820048252e-01
4.531570700079193825e-01
4.399563540258373262e-01
-3.591215896871242652e-01
1.767692361374363641e-01
5.086746503521115681e-01
-1.087558377636152346e-01
-5.373446076002996730e-01
3.174738524200345635e-01
7.033622165438816465e-01
5.603887343974029989e-01
3.870226209524132432e-01
7.656315325865654664e-01
6.543060410019631290e-02
-2.338455204829648082e-02
1.666007033066158050e-01
6.885683772966533223e-01
-1.545957803337731917e-01
-6.392306773496212458e-01
-3.277053293135026024e-01
-7.388800113521887258e-01
-1.155651264147747465e-01
2.025753384376534072e-01
-2.126636687782234025e-01
7.860113200894665031e-01
-6.262203987526471227e-01
4.436771124090435059e-01
6.355042597511035840e-01
-1.071677303014833549e-01
6.173761294763471241e-01
5.033419890191468404e-01
7.861702402087313857e-01
1.536264129325365935e-01
2.860424110234490169e-01
-2.467369371570660164e-02
-3.623545938108683195e-01
-4.162586977764564100e-01
-1.157310461884542008e-01
-6.826703703240127874e-02
9.022557385701805988e-01
4.042215675180294530e-03
-3.875792295565809731e-01
-5.789335573842399052e-01
2.360531928255158451e-01
8.674692060023343476e-01
5.504429005721121759e-02
2.562615285974387813e-01
1.910156694948239586e-01
5.196168865802756054e-01
9.677212703339495015e-01
-6.885945635368306839e-02
-5.360707953453200947e-01
-6.142599240765327373e-01
3.458748928877634077e-01
8.288841173836756226e-01
5.229011890203674184e-01
5.886647173041772430e-01
5.493592720981150812e-01
-1.223858124314849416e-01
-8.018481181608516639e-01
-5.097193558154554660e-01
7.872113258662505331e-01
1.864863019924760668e-01
-8.546495768840298712e-01
3.362627336756347507e-01
8.434253640452763490e-01
-8.724398647942495089e-01
-5.009057357611050865e-01
-2.454060030413802718e-01
6.149690621231203025e-01
9.897423195931682738e-01
-7.210626081593303205e-01
-4.543872415099810963e-02
5.218491289646909337e-01
-4.647370066790426080e-01
-9.666125177069873065e-01
-7.885307295877312939e-01
-9.656785604411410873e-01
1.132289594587121417e-01
-6.313770731668655323e-01
-8.684968651864473088e-01
9.789504979051006917e-01
3.442900209008210588e-01
-6.530229708266989119e-01
-8.625723587710965035e-01
-6.167092534949536464e-02
-4.900914414573732253e-02
-5.463080733577764247e-01
-3.032489588569780015e-01
3.868243045017640824e-01
-6.074122583610053194e-01
5.264763491091608572e-01
-7.453597835633548607e-01
2.688157549290011161e-01
-2.347185559441975489e-01
4.145865100184787932e-01
-1.445120954130225677e-01
-2.334297105830162311e-01
1.616558389105997584e-01
-5.707611779686071474e-01
5.526142412808368043e-01
3.443757535855884733e-02
5.312202215777899195e-01
6.197643634245681987e-01
3.789503779189629107e-01
2.785845814812737409e-01
-7.476764831904185726e-01
-7.656641874307901219e-02
3.265081649435126465e-01
-6.514934091739466027e-01
-3.247241992510238040e-01
-1.745246671987251419e-01
5.178872459948474782e-01
4.014495363272291284e-01
-9.221229134942778849e-01
-7.382308199933506065e-01
5.702985349885838495e-01
4.066042844436952297e-01
9.536924086463671735e-01
-7.610271541963560260e-01
-8.350071066770933248e-01
-1.834406100634557168e-01
4.746547675075367123e-01
2.359277043462570944e-01
-2.705793490367784937e-01
3.628694732320454364e-01
-1.217664629769577844e-01
-9.902725630570576865e-01
7.857878531399873356e-01
7.411646088959080725e-01
8.011843228392887539e-01
-1.496819425572590845e-01
5.956008434675608143e-01
8.855059720814679736e-01
-5.852274821765472979e-01
2.629613022319537974e-01
1.144330456414445890e-01
2.806582317732646964e-02
3.924690221640019239e-01
-7.810497534567668598e-01
9.600451189897862836e-01
2.310802127918858972e-01
9.745795946135928922e-01
-5.180096682759762761e-01
6.646498145993018358e-01
-1.376340572452199318e-01
-1.966556107112018559e-01
6.454645424366004525e-01
-7.873730332975006352e-01
-7.281332520725380952e-02
-6.648597213889368973e-01
9.512378898431115282e-01
-9.647017775164747899e-01
-1.670130163503005249e-01
1.590998611168146226e-01
-9.528436551168883994e-02
-5.703681162204763400e-01
-7.690167185606232580e-01
-9.035765972414790959e-01
-8.391895407761309489e-01
3.671324392892745259e-01
8.003676385453228903e-02
-3.095719645604485537e-01
-4.784887408883018445e-01
-7.716766588412646843e-01
3.462998784046971146e-01
-1.968607108548336981e-02
-5.761944403506822354e-01
1.822199970730880025e-01
-7.111373307213986195e-02
-8.619036309564606091e-01
2.500962848412406903e-01
4.874140310271075638e-01
6.918924826619643476e-02
-6.403694230473386262e-02
2.478062760748832999e-02
-1.413154714259702849e-01
-2.432200947291867643e-01
3.037936571868101177e-01
-4.479903112691596689e-01
6.172930016931392760e-01
-2.782792774362623511e-01
2.828588933788677914e-02
7.671858649184717382e-01
2.476005378666834567e-01
5.437495438880768361e-01
4.450063017934664522e-01
-2.040309973169602831e-01
7.795349067634024243e-01
1.540282726920727541e-01
-2.038343761632424034e-01
3.822995449628296960e-02
-2.325145858877888383e-01
-4.501052889015142444e-01
-6.140366255570042231e-01
5.191400663154812634e-01
7.369778984825658963e-01
-2.071948503264413599e-01
-5.420358588912463915e-01
8.914959025619788591e-01
-5.084123051232063428e-01
4.800660322511083322e-01
-4.837267344479625475e-01
4.164043204413340749e-01
-2.188540131525993360e-01
8.351261525283878440e-01
6.126351864642141098e-01
5.876327639713578854e-01
-3.017708621457269036e-01
5.375530389964118250e-01
4.805975359315708406e-01
9.739653924029175736e-01
3.877805504546693594e-01
-5.214709063726319371e-01
-3.036746097276106227e-01
-9.110502573867127474e-01
9.328103122963331550e-01
-7.384276160693881152e-02
-4.284676100305992996e-01
-2.409396548737525179e-01
6.408438215298661866e-02
-9.873013961465142430e-01
-2.915510468550702727e-01
-3.934707476086847233e-01
-8.095316097287660329e-01
3.323066984410985025e-01
1.001839628345982669e-01
-5.598368601882592888e-01
3.668277553921914791e-01
3.084134937243126484e-01
-5.182141166427112200e-01
-1.383041077345459891e-01
-1.828271495612311948e-01
5.552656652124310366e-01
4.787384077058703391e-01
-8.631341411193917956e-01
-7.394879789003487858e-01
7.705127726350179118e-02
-9.921021900081905542e-02
7.890800004997839956e-01
2.277032347455556494e-01
9.128988943021966174e-01
2.439810247870872473e-01
-3.368111942148686033e-01
-9.079142342762285267e-01
-1.004898616073880702e-01
-1.560293956884375999e-01
-3.179111325616066352e-01
7.617007299908705731e-01
1.157887733807500541e-01
-5.287255597857339895e-01
-9.567851062262233697e-02
-2.085370940897628145e-01
-1.414914186465316970e-01
1.052709195523993113e-01
-7.316121023135875312e-01
-7.091200597708218201e-01
-2.413415130859714319e-01
-2.271770985766241868e-01
-3.452321591538295431e-01
-2.229837482037757557e-01
-8.144239051177748490e-01
-4.604936241343781100e-01
-6.541109905482935805e-01
3.652646947466230976e-01
7.399623232073844203e-01
-9.115690915725318533e-01
-1.459247099571394923e-01
-7.175558625330937801e-01
4.653812648358672810e-01
-8.652292319008336730e-01
1.615771758845351014e-01
-3.051051742603059780e-01
-8.819284008829800792e-01
-9.687803401452328433e-01
7.129642802585915984e-01
6.763406776519198527e-01
-9.941541142374323847e-01
7.094071389255982574e-01
-9.103874714755759712e-01
2.156849627456636220e-02
-4.587259396082429830e-01
5.833364502895799220e-02
-3.693544104083845703e-01
-9.603890514581878701e-01
-8.776605993138066053e-02
3.433816939235865284e-01
6.918364103733163351e-01
-8.710642890876372224e-01
3.654793034722607636e-01
-5.251736775643546240e-01
-4.682155567042031175e-01
-6.869905280557626615e-01
-1.297135513497373049e-01
-7.392408275947961460e-01
-4.682315176084377306e-01
-7.843511344319032963e-01
-4.155241643955828734e-01
7.566917769255330217e-01
1.577263749317949770e-01
5.411644199782998932e-01
3.228055223553933928e-01
-6.285898179917669415e-01
9.008054539853500575e-01
4.830611465390354242e-01
-4.968078307191094861e-02
-1.428621780558581023e-01
9.746042125171063830e-01
-2.327813773647308959e-01
7.206353374899070463e-01
-7.273972078963474308e-01
4.299271351744040626e-01
4.219771838280906295e-01
-9.642771005731043399e-01
-4.204031213755914376e-01
-1.685378117111369090e-01
2.542333640285254770e-01
-2.612741752614727853e-01
-4.250869409504675067e-01
7.617461273468468796e-01
-3.937378912228017835e-01
9.152324519554112525e-01
-4.995645530489563058e-01
7.238701202861297368e-02
-7.136607386484850046e-02
9.280163162535226551e-01
-8.964388392619371260e-02
-7.311397045736456324e-01
4.176749665819352031e-01
9.299717665966280578e-01
9.970607349376447992e-01
9.102080129251304275e-01
7.960870865696048071e-01
7.522143010483071102e-01
3.356548891827304537e-01
-2.331201383018259854e-01
2.374134380955883472e-01
8.153640242024584595e-01
-6.471902928342947448e-01
2.085511960108930585e-01
3.401145266858235927e-01
9.630210475658678160e-01
3.911087185285022638e-01
7.681851313971670425e-01
6.093427714803945072e-02
-6.792436549135860702e-02
7.694171475705422480e-01
2.788191461303817231e-01
2.387744954016665921e-01
2.401839918207941960e-01
8.816460908350667314e-01
3.974959782785780771e-01
3.538018650390144515e-01
-6.305328352124968116e-01
-3.728571465517243610e-01
-5.766799511456568439e-01
3.967210327992257146e-01
4.955312830621783071e-01
8.616925045564061136e-01
-8.446830382110664948e-01
1.262851698438307857e-01
-9.820101096199068680e-01
7.473708245407656436e-01
-3.292861059665170287e-01
-2.854840951551289585e-01
-2.247863971385075446e-02
-9.235393467016800306e-01
8.730468512459523822e-01
-7.262452579082450121e-01
8.228235106741614846e-01
-3.448330979185851852e-01
1.521863750186273068e-01
4.728420654271883183e-01
3.069651504029415889e-01
2.755134046206728637e-01
8.183106141549123524e-01
