8.002179675813269055e-01
3.217962135391291278e-01
1.415151900488824666e-01
6.513041221420893256e-01
8.013520358005582489e-01
3.798761388498779201e-01
-3.039116489646201957e-01
-3.837837028607918310e-01
3.061573862379492472e-01
9.887601997232694506e-01
-5.643479907282935581e-01
-8.983604050600833002e-01
-1.809319119455035652e-01
-6.078281127196956124e-01
9.274149956016930485e-01
7.167060809194802928e-02
-7.840260903158253747e-01
-2.548466248890118857e-02
-7.224696194768247259e-02
-1.440671927098589600e-01
-4.810890476447103881e-01
-1.695650214621012009e-01
3.683476302432581173e-01
9.413115875987666525e-01
-4.908601010716773239e-01
-9.283750694424217076e-02
-3.760782444791125889e-01
-1.405651150881994660e-01
2.873123765452100242e-01
-4.704838344356001012e-01
6.918428931682263361e-01
-2.808618439361021402e-02
-4.570242214045984186e-01
4.607509120988878548e-02
-1.789600280320439718e-01
-2.450401587746882104e-01
9.193032086381607293e-01
-5.056547151297755560e-01
7.759087536419428943e-01
2.254413814034335051e-01
-4.458046150402894536e-01
-4.157913812140903720e-01
-5.311918525194081475e-01
-6.935755202377991147e-01
-7.370568696132706599e-02
-7.302217467710080401e-01
2.111843239808083861e-01
-3.384417300682980301e-01
6.655560229367875058e-01
9.699916393857830332e-01
3.489199047767050921e-01
-2.975443142384249784e-01
3.303108294484818908e-02
-7.698586265033329212e-01
-1.866925457835177660e-01
-3.248437500840112291e-01
-4.039028124031076583e-01
8.116518005194744978e-02
2.253405180141394570e-01
-5.453776711195443827e-01
8.763175324874982186e-01
6.341804060541421650e-01
-8.388141712906831415e-01
-6.456347930718582262e-01
9.843817994105026337e-01
1.165596287326420843e-01
-2.884339468147176788e-01
-2.657478594768271640e-01
-5.767686553198068111e-01
3.579491317649490800e-01
-3.475276882884272833e-01
-7.236229724991702916e-01
-3.384430622683494150e-01
-1.712025718034878019e-01
2.812898841361451407e-01
5.882623980007182229e-01
3.700661305769972764e-01
-6.965272304511203050e-01
8.559606755640335463e-01
4.719363955122697907e-01
2.307075134500524149e-01
-4.910932165622248213e-01
-3.611088738085602712e-01
-8.072267559484633814e-01
-4.076374104676031007e-01
1.434711157568704099e-01
4.822612490165417709e-01
-1.507037773727393226e-02
-6.867067227527182682e-01
-5.191525541454597992e-01
-6.896218567358723961e-01
2.863693938931499705e-02
1.836193680599054467e-01
-1.009001291853638405e-01
-7.330012685052487154e-01
2.257420140987032309e-01
2.549002478658423665e-01
3.661213578156409243e-01
-6.960520376639504070e-01
6.693360187080725776e-01
9.329899752542889502e-01
-6.587927351355991057e-01
8.485778186135011225e-01
4.779265311033556451e-01
-3.277025388797988326e-01
8.077217853056381514e-02
5.492847274682362002e-01
7.762678830315238310e-01
3.796263208181122062e-01
6.956951729067628598e-02
-2.011795345394414847e-01
9.276613811403890963e-01
8.114890059577861692e-01
-3.083283672583599921e-01
-5.194367976267728615e-01
3.363122694770894761e-01
-1.901520230808704803e-01
-3.823121413879512209e-01
9.856689253678818652e-02
-3.331987293629661284e-01
6.551351468884161200e-01
-4.218642047673039075e-01
7.407139241501581317e-01
3.662362283169640631e-01
-6.637904532873495356e-01
-4.404761517817508132e-01
3.452201062849393209e-01
5.418715705571646168e-01
-3.187983274600351691e-01
-8.734494383032999076e-01
-9.043272732292593208e-01
2.403402222697088864e-01
-4.660240521538446812e-01
6.907254712658519313e-01
2.591348522325024883e-01
2.717390766440273553e-01
9.472564738069091383e-01
-4.772090366840407993e-01
1.482801391794305867e-01
-6.441779853456410798e-01
-1.047694022464608077e-01
4.111119361046881027e-01
-7.080579167467890844e-01
-7.363247731734268164e-01
1.085865208012873895e-01
-9.777422556624018046e-01
-1.567449342524475375e-01
9.681206406593256819e-01
8.535036674056506456e-01
-6.523705574126050788e-01
5.272067912174761561e-01
-5.215308306259075488e-01
-8.813660662012031688e-01
1.084533230773047641e-01
-6.330752652724840057e-02
5.189577006858850927e-01
8.401244087050147025e-01
4.981502745983394931e-01
5.563917200076513581e-01
-9.213485488385780853e-01
-1.893801973817976769e-01
-2.431826621899978447e-01
9.568137978140061062e-01
-4.853017194418548508e-01
2.107543846706401713e-01
1.668696818594327391e-01
-9.020379091469870048e-01
8.267460034070880370e-01
-1.633246074861610664e-02
7.743791329797811152e-02
-7.678053746784612166e-01
-4.481550001036429531e-01
-3.822579041875942552e-01
3.857030866540012148e-01
7.376060743403414222e-01
-6.924473485921386340e-01
-8.577909700360368817e-01
-1.133418732151514896e-01
-5.372733564042055932e-01
-6.279328188190754778e-01
5.457627444194573102e-02
-7.160996935913916950e-01
5.892885660183072583e-01
-1.611041343202533893e-01
4.153042850141591136e-01
-2.581099060401476075e-01
-5.757139068317935759e-01
-1.938786096049348040e-01
2.776261174744358851e-01
7.721938618057094805e-01
-5.004681940079983571e-01
4.742965376180274806e-01
2.026470607659369705e-01
6.761142618802175042e-01
-9.017039907273957100e-01
-4.691578491119160477e-01
2.695463929648814205e-01
-9.567238051710869051e-01
1.716132094700237865e-01
4.598288429269535293e-01
-6.190165792660873301e-01
-1.405963458857627246e-01
1.740726679956461354e-01
-9.233538029825300031e-02
1.442630594635059826e-01
1.854317948147780060e-01
-4.600340827055831028e-01
-9.588836014689314791e-01
1.754165179756077553e-01
-6.498048960907283345e-01
5.190099234734730782e-01
6.231211366239290950e-01
-9.936869481111032520e-02
-1.524690577588547757e-01
3.179951381539063981e-01
-2.592301905724280209e-01
-1.223070329570397075e-01
-4.561184453690448892e-01
-9.427547220290866808e-03
1.289213511460216288e-01
2.772184222065444126e-01
-4.589142782862699055e-01
-7.915012530689079506e-01
1.708500767893878503e-01
-3.387651235291166962e-01
2.903970527186394701e-01
2.201323035611169043e-01
-6.191840942936881476e-01
5.915807492671598666e-01
-4.246656763311180693e-01
-1.377779106549804067e-01
8.582990132898578040e-01
-2.755635625014156709e-01
-6.205776586262790051e-01
2.070269494985648717e-01
-6.253038230625644900e-01
-1.728305167635195705e-01
2.557764030520879306e-01
7.168586338421081283e-01
-8.701556022505249066e-01
8.213275335091604346e-01
-6.432724562439506855e-01
5.524931810961974943e-01
-5.286753541210970075e-01
-6.120874750807918652e-01
3.546874572256045743e-01
1.032842725972440423e-01
5.268670083089559419e-01
-5.994206349181340210e-01
7.694168432388317491e-01
7.890712267131293201e-02
-3.479410037577655990e-01
4.922751379183939457e-01
-7.595429933753167218e-01
6.202974171440847062e-01
2.325285398657526426e-01
-4.488064410208261190e-01
4.122925917573327936e-01
3.326309672527691386e-01
-5.490795571592667068e-01
-2.461076321119697319e-01
-1.175244029471148033e-01
5.792779602899357227e-01
-3.508261093718675339e-01
2.432442006143964441e-01
-8.959503060632552085e-01
2.757632792967865121e-01
-8.744053398058316828e-01
-8.432420261967543684e-01
3.254652720715117131e-01
-4.251588019742951197e-01
-4.517673707026570451e-02
5.270345314270526993e-01
-1.041800162272632502e-01
5.254407144870215651e-02
2.960408344902843991e-01
-5.039003363965300908e-01
9.204980003092677610e-01
1.669206375540923659e-01
-9.492453619656368025e-01
-5.171424459158160403e-01
4.700741915781892488e-01
3.978163685122670934e-01
-1.394718726594874614e-01
-4.364173427147458595e-01
-4.320443944259642066e-01
-6.334334163642212356e-01
-2.365335058202726326e-01
-9.436925556616168054e-01
-7.081483189326819305e-01
-8.321786172979636076e-01
-5.485447639254774632e-01
-6.305138153116818245e-01
-7.502240587736820343e-01
2.010297193257786219e-01
-7.413356626524718607e-01
4.608028045915196769e-01
6.185131439484585769e-01
9.332354196328185303e-01
2.850786837419981290e-01
1.280866946023757891e-01
3.341237356844924122e-02
6.629145980449047126e-01
8.650363835588493755e-01
-7.834399350968068720e-01
-6.844868835227768677e-01
8.838915808985977618e-01
1.918452494143678688e-01
-4.628017641959525363e-03
-5.910132353718511311e-01
-4.151261741836363983e-01
9.830705416395071339e-01
-9.576366358486418928e-01
4.097568143562196896e-01
-9.629426176625466294e-01
-2.616252130193104097e-01
-6.121029040628385154e-01
-7.770855199720402284e-01
-2.169208588424829665e-01
2.328141017824065795e-01
3.239535441448464503e-01
8.501222038664990599e-01
9.069408004877282936e-01
6.351968105269142351e-01
2.576264327001913657e-01
8.370962632209756338e-01
7.488113950332704327e-01
-3.322651515953906065e-01
6.925145589797100376e-01
4.497970426354833684e-01
2.930887037085482261e-01
3.744823690151903861e-01
-9.245906267717018956e-01
8.146079086683029047e-01
3.075353728585539237e-01
7.707803272608884093e-01
7.995739288005292433e-01
-1.837972233708405345e-01
4.998082037122038301e-02
-5.985457106324536536e-01
2.840918402549718058e-01
4.889714935376870408e-01
8.771707714547900547e-01
6.665928139632193439e-01
-9.997341755495143811e-01
8.079241212414488560e-01
8.929848797403892036e-01
2.940176723092786104e-01
8.869129388007681580e-01
9.986347171856593263e-01
6.144131094593731357e-02
-2.072639278608452151e-01
4.785290669074582781e-01
-7.327441356839856645e-01
5.964306425785486088e-01
3.603993203481730134e-01
6.695434951596677120e-01
-2.356410963056863039e-01
4.655044820784795534e-01
-2.900364288178406968e-01
7.268150783627640443e-01
-3.464863872919518584e-01
2.331382547411904593e-01
3.373135430599514817e-01
8.025891919797962792e-01
-3.895515906820000429e-02
-5.860446222829326368e-01
-1.914468270159996877e-02
-5.492207222572917935e-01
7.499646729252622546e-01
-5.165232091832884231e-01
4.927878528909030997e-01
-9.781918168690512116e-01
5.864242291118266781e-01
5.823208742344410105e-01
7.203281053408029377e-01
9.106405986275691866e-01
7.955561521963969152e-02
-6.750590670666314352e-01
6.872531441579893263e-01
1.447568440261625400e-01
-1.580871300307506444e-01
-6.152936334373065863e-01
2.787115300115291516e-01
2.301016463944290935e-01
-2.577332110540986321e-02
9.818379857931858190e-01
-2.693894423463918386e-01
-9.636203014049666837e-01
-9.635787629989279734e-01
5.932235145600732729e-01
-1.959124689718049761e-01
-6.029323849517955747e-01
5.486169064277790497e-02
8.088931234852255736e-01
8.953946481609319497e-01
3.391725807516172697e-01
-5.518418286446249432e-01
8.074491741486419238e-01
-7.032722003667020161e-01
-5.868855677182225339e-01
4.728904200327359586e-01
-2.192680765475414351e-01
-8.375591132925732651e-01
-2.235458958579351896e-02
-9.237502064708861260e-01
9.978883810582410696e-01
-7.787277676137367433e-01
-8.598758335460640057e-01
5.599021676583659790e-01
-4.758341661628643360e-01
9.201553899372576506e-01
7.287454586593309358e-01
-1.633904642886911951e-01
-8.198009769482330622e-01
-4.703329604899471328e-02
-1.968390389212040237e-01
6.170408063834937895e-01
7.379764960818291364e-01
5.526076983117320651e-01
1.035195755678194884e-01
9.694267090778141416e-01
9.699732238963258979e-01
-6.774446330181420617e-01
8.107384011969001048e-01
-5.623988111732545203e-01
2.482129029182825186e-01
-5.799014508332274165e-01
-9.320109825860840580e-01
3.220109022955710554e-01
8.852600412049799194e-02
-4.252870950198289757e-02
-5.308208514959953384e-01
-7.875914068857756689e-01
6.606671447314955703e-01
9.696558153932621771e-01
-2.567936865503442356e-01
5.278125009007518242e-01
5.644396840219505496e-01
3.533795157240774421e-01
4.964706218801298032e-01
2.313185027754303125e-01
9.157413061870486315e-01
5.106732300820125969e-01
-8.447752217247382900e-01
-9.202970929136713440e-01
3.492097450986237916e-01
-2.925551341199512656e-01
-2.520930206306781773e-02
7.099296052528314416e-02
-1.390213902138942859e-01
-6.777439282848695123e-01
-4.735342194878349592e-02
-7.161923232938943729e-01
-5.610990960136007510e-01
3.445205879025083351e-01
1.598677852655694398e-02
2.446332885003543733e-01
-8.009019295199006905e-01
-2.049923517350270286e-01
6.221731168800654910e-01
8.311948286352379700e-01
-8.288898294155002677e-01
3.490446384578149153e-01
-7.230703276210086461e-01
8.862107146694664372e-01
-4.946938689268906564e-02
-2.237457760979709165e-01
4.410365945083687400e-01
-2.537311426347068494e-02
-1.686827344945924373e-02
3.637342272073099680e-01
7.893117570186520826e-01
-3.666571330437742304e-01
9.099282181833194816e-01
8.734947477213060862e-01
-8.054468998598494078e-01
9.381768383247579557e-02
9.454074643856548166e-01
-4.028215069797944636e-01
5.216844712549705276e-01
5.446300358960342036e-01
1.807606511048740483e-01
-2.311798217469683836e-01
6.556703492604313288e-01
-5.485242729102243198e-01
-1.191599491458076032e-01
-2.466972081434409270e-01
-6.458430440546472084e-01
-9.618877977734197060e-01
-7.375695931195955790e-01
-8.062036354380395231e-01
-4.002804091306144674e-02
2.394980094323591047e-01
-2.788959267598874470e-01
-6.707263629054189824e-01
-9.592278731971660699e-01
7.494051181900424075e-01
3.001284277224247066e-01
1.903457501964559428e-01
5.991027572706328908e-01
7.813258525249086039e-01
-7.799537713725128718e-01
6.843275914709210372e-01
6.003785648414208809e-02
-7.687724121348822326e-01
-5.366749147786801233e-01
2.821738286745410773e-02
6.210212992272284849e-02
2.579684198824487851e-01
-5.589793361424132412e-01
5.353934347088549206e-01
-4.694047763715717969e-01
2.158756706109016266e-01
2.252294482637534623e-02
6.043462649346561522e-01
-1.923270205253347076e-01
3.872687846306954729e-03
-6.709178739294048288e-01
6.399951110127201082e-01
1.031868475515559380e-01
-8.458415601828245256e-02
7.800169491501693919e-01
7.534928232133288883e-01
-1.105312597336431946e-01
-6.154808648676016736e-01
-8.726141925525184861e-01
6.721435172617301612e-01
-3.225464321654729072e-01
-4.179434833148063522e-01
4.322733842548652228e-01
-8.521881985243521251e-01
7.181274237272687877e-01
8.366902274907290771e-01
-4.897093134649969648e-01
4.161249357611221389e-01
-1.578341095954018392e-01
-9.964597374558580301e-01
-1.025825677821460280e-01
5.187229291563764111e-01
-2.133158867487216503e-01
2.180071961195920172e-02
6.937913584931290067e-01
-6.706378319248312847e-02
3.321817808551558171e-01
6.562291717706976169e-01
-6.824926055102066291e-01
2.171744760263805696e-01
-3.950142113734016192e-02
-7.938988130535884480e-01
-4.816822691746069918e-01
6.172852556426522419e-02
-3.267455335484638068e-01
2.125214364000666822e-01
8.665557834522242819e-01
4.993697515433822565e-01
-3.347075297665567106e-01
-7.995966264282758917e-01
-8.593979139219573016e-01
4.389547459261050610e-02
2.139791374232790644e-01
2.298407011451445436e-01
-8.614705212721823768e-01
8.206085053393399331e-01
4.678795920184319890e-01
-4.659220480515754437e-01
-6.926829908533482794e-02
6.059792982791467608e-02
-7.446527925870080056e-01
5.788974014192815876e-02
4.163400608080544685e-01
1.450126794106040284e-01
-7.431516784106780849e-01
3.814101576688745388e-01
6.060133093875208488e-02
-7.369414043402855441e-01
-1.509844121320293164e-01
-5.575949802432513813e-01
-5.181996030868689374e-02
3.010568070442548594e-02
7.685247730152131029e-02
2.445858519914723417e-01
2.258545072585841362e-01
9.632290115103110395e-01
8.411741799878134085e-01
3.686905064275647348e-01
7.734194425183963384e-01
-7.640056741434757548e-01
9.351332724182270795e-01
-7.452650796471478323e-01
-6.693383435971053119e-01
3.993756617475520132e-01
4.825404318094665967e-01
-2.871873074866642672e-01
6.345264818893311398e-01
-1.977495993888540582e-01
-3.805776772503244310e-01
4.539010506856132610e-01
-3.041344806815357016e-01
-6.577412144869044797e-01
-5.870028214101998820e-01
-6.398314587203823844e-01
3.676509952892151878e-01
-6.216750193169383598e-01
7.294875051331679572e-01
1.112246583419236323e-01
-1.814041958214307471e-02
2.856632421016086498e-01
-7.595177287754342199e-01
-3.010998287328551792e-01
-8.741574176142743458e-01
7.811551193666266268e-02
-6.073064913000690845e-01
1.113706987658084208e-01
-4.357211002200491734e-01
8.911700474289482310e-01
-3.365303976969054589e-01
-7.822980029502056842e-01
-7.821990393766968808e-01
3.197118844012292183e-01
-1.576213284456053354e-01
-2.840173850034797831e-01
-4.514154172392626507e-01
2.321214886178931680e-01
9.545129239238643315e-01
-9.485238162831491904e-01
8.286928613768430596e-01
-8.048525541923126081e-01
-5.533357059287247193e-01
5.316154084787100276e-02
1.049407589372264860e-01
3.075480806314686566e-01
5.087937210286939127e-01
1.011956122803525648e-02
6.141089172224603043e-01
2.949568223605796291e-01
-8.221708219912819970e-01
1.469579654010252923e-01
5.598065956726154813e-01
6.638450681295900990e-01
4.387762243503723347e-01
-2.534135339004485732e-01
7.002447578472148493e-02
6.242895325758206493e-01
-8.064410920608691136e-01
3.364271926767840593e-01
7.727325201147767775e-01
-3.841671719256974371e-01
4.205707774099232132e-02
7.547724187478999092e-01
6.596086150598460263e-01
-6.812035812225303300e-01
7.169508844429137717e-01
-1.690222207821061307e-01
4.260268905529884242e-01
4.600890334929705894e-01
-3.463117999409202064e-01
-2.089554835489247919e-01
8.023955989134404776e-01
-3.945337296305249097e-01
-3.182036498821770865e-01
-8.412010980848780850e-01
-7.514115335972058052e-01
1.005227594795154999e-02
-7.470664688782326923e-01
4.159185849059023887e-01
-5.111237645210175984e-01
-5.794464730396616803e-01
2.337710626399641667e-01
-1.836335522378647056e-01
6.608116873808318470e-01
6.372677277225962111e-01
-9.823244861773453573e-01
-1.423125860424376832e-01
6.441146043560935786e-01
9.139796085934603909e-01
9.021380641561242975e-01
-8.755929568614567726e-01
2.603263070328658557e-01
-8.494969642343689342e-01
-4.921439165329538623e-01
-3.732844533674803955e-01
8.100656918185173971e-01
4.018304119607668534e-01
7.335744598520115289e-01
8.321661903381193381e-01
-8.649618380068830881e-01
1.716812605584359108e-01
7.810265215821620144e-01
-3.206939453524917383e-01
2.335626994361306163e-02
-3.395241484426694267e-01
-3.071387936510929784e-01
-5.924511944303392230e-01
5.006988889777290730e-01
-6.214641564843781385e-01
-3.662094962834928635e-01
1.027237721546286342e-01
-5.831259602392916408e-01
-8.314829947020765388e-01
-2.298868232233389763e-01
-5.089065257541173226e-01
3.064396209088861567e-01
-1.396468897725269276e-01
-2.880483778696504849e-01
-6.234111461928435460e-01
-6.739980612057304699e-01
2.623062519529159586e-02
4.760909809588600439e-01
5.333057219845771524e-01
-6.079835577035365146e-01
3.887669838276871515e-01
-1.572405594832664844e-01
-2.240202184308077715e-01
6.493653248614782436e-01
-4.276669678636479954e-02
-4.083787173198039078e-01
-6.669949472464021811e-01
8.549472552355347199e-01
-1.349091081895157362e-01
-4.020364808148851887e-02
-8.073519856544753015e-01
7.802671620932625229e-01
7.759393215956713608e-01
6.497190419002423223e-01
-7.123514437563015500e-01
8.084238273889599036e-01
6.331986913469004330e-01
4.802748647552741446e-01
8.135114706609815061e-01
3.815891683590734440e-03
4.051936012951703470e-01
9.944800758807584851e-01
-3.107069904827013951e-01
-7.605455655101269752e-01
-6.821823198541321354e-01
3.209409733199233838e-01
5.641889299401274538e-02
9.139117621430670191e-01
-2.964912590403003256e-01
7.076271573000569859e-02
-9.533192726306370934e-01
-7.351773163011485757e-01
3.634651414493987875e-01
-8.592568864494964931e-01
3.082799138985881093e-02
-5.689896874140129013e-01
2.915046916829821533e-01
-7.748034008781989890e-02
-1.593007741217106754e-01
-6.105748723935179312e-01
-3.342310348026715228e-01
-1.326509149456862324e-01
5.541610703993080089e-02
6.694968186864315163e-01
2.526514313300584069e-01
5.507421159852703141e-02
-1.615276010736101941e-01
8.196737922309309532e-01
-6.936022927339819955e-01
-6.692454649022638868e-01
-6.239953483492026720e-01
3.716063302184174910e-01
-4.388402977526881799e-01
-3.733776764471355980e-01
-8.172554316404889718e-02
-4.887840007314838697e-01
-7.009684368572508539e-01
-1.849934007078319342e-01
4.201139522004682658e-01
-3.238501797600385479e-01
-8.289862630842996793e-01
5.091114792350820428e-01
1.365918047146178482e-01
9.376136158959476052e-01
-3.854352144941615155e-01
9.064256430894008787e-01
8.952101916383792268e-01
8.812971684434254271e-01
8.328770016549741362e-01
-2.439871576450431956e-01
4.652749228830603268e-01
9.204590173015322341e-01
9.399450957616479752e-01
5.937988590452816240e-01
