-1.439667022253203199e-01
9.401083216575623069e-01
-2.319173899981043230e-01
1.453316791079068415e-01
-9.504791677382602444e-01
-8.711242873302825762e-01
2.131098146126187420e-01
5.417943261157628226e-02
4.069226622275072813e-01
-6.169373321101176977e-01
1.824652398113499885e-01
-4.226347680029048370e-01
-6.755267628250621881e-01
-6.501533924146143395e-01
-3.300509948936410920e-01
2.843720458015768782e-01
9.073469357643217936e-01
-7.156135897473616669e-01
1.787782092102634390e-01
1.113376935120011374e-01
9.550421768359731445e-01
-5.352918914463042910e-01
5.263810255933182997e-02
5.560513600860944594e-02
-9.745378976823528827e-01
9.958135548589147623e-01
-5.923871627431347431e-01
-2.597957737523788335e-01
6.256640946893540778e-02
-1.595241036577345617e-01
1.023109698735356343e-01
-8.633834566708693536e-01
9.728847338630277619e-01
5.674937026020470121e-01
-6.886397943671719313e-01
8.049553309990125083e-01
-6.148351310537909509e-01
8.521985025374101408e-01
-6.028880775837636152e-01
-4.749969087950680069e-01
-5.500007405260280979e-01
-4.125570791923167668e-01
-9.708853884311434701e-01
-1.662618552019057283e-02
2.685436798973390160e-01
-5.562385911999938592e-01
1.976964941118331820e-01
5.032993906503246961e-03
-1.654262134277582341e-01
7.861674528660655970e-01
-6.735689975830911891e-01
3.410442348340458896e-01
-9.447846867009390692e-02
-7.392297378740366742e-01
-5.893329760231809100e-01
-8.359241103276593421e-02
-4.140851978397773192e-01
2.561907794229312252e-01
9.277006943624434010e-01
-1.838822035181303938e-01
4.670181032843500057e-01
6.588427550137374578e-01
4.257288658423685757e-01
9.003009258673144721e-02
-1.296390320147539355e-01
8.375147017898928459e-01
-6.257303750906404449e-01
-8.964727190455175077e-01
-5.608838428523454933e-01
-6.641934356708705245e-01
6.059039666212910624e-02
-1.755634102899281679e-01
-3.436762684105838517e-01
6.231295276412558426e-01
5.343124506127250317e-01
-3.929458348673476875e-01
3.030370139797580187e-01
-3.408755817062689708e-01
-3.616689387294464986e-01
-2.709472150778273192e-01
7.601975956606423779e-01
5.851887785850438117e-01
2.298733161031638883e-01
-2.211710970687955358e-01
3.537100629823282105e-01
7.035253705408761604e-01
5.754496995350790733e-01
-8.117110978523494058e-01
9.927714743969180411e-01
-5.561678146482702534e-01
1.904939338767506207e-01
-4.066609643833400956e-01
4.340225083121371785e-01
9.078439176575536784e-01
-8.589151656035889371e-01
-7.425630287845799149e-01
8.880987301362001096e-01
-5.822709680053632653e-01
6.845328015110396791e-03
9.003733438454100124e-01
6.029751875325294330e-01
-4.769079525458064794e-01
4.881344322199265839e-01
-5.941933960899510314e-01
6.694685205710888543e-01
-2.817486306765763088e-02
-7.455772592088587558e-01
3.715293440506947098e-01
8.648292336725160734e-01
-3.621592282683027131e-01
6.344288210950823625e-01
9.472708009862926826e-01
-9.524417182434048446e-01
7.672657842437446973e-01
9.546772276639137189e-02
-2.279940017340111591e-01
-9.100508455704571231e-01
-2.755632258618846975e-01
5.228592326278791447e-01
-3.856241368432211658e-01
-5.009812347140156774e-01
8.018085087433879377e-01
1.227336576288882430e-01
4.944617173344523220e-02
3.436665441481203676e-01
-8.365559872169938682e-01
4.660611767010179318e-01
-1.125661538024963215e-01
2.664309757081051444e-02
-5.142842718356874787e-01
-4.213310170391209031e-01
2.000473331951904132e-01
-9.129325288748235678e-01
-4.180662381635968372e-01
3.448021086686930969e-01
7.340349893874003051e-01
4.782617309079106871e-01
-7.348445294829804020e-01
5.305339726018969415e-01
-8.285439048280154317e-01
-7.895615324356658471e-01
-5.607040629322802561e-01
-1.258849289816291184e-01
4.670432194494522071e-01
-2.936570229320618550e-02
-4.565714639880713577e-01
-9.440111731818305874e-01
6.308238757278112896e-01
9.743402699640277831e-01
-2.175354456280567117e-01
-4.151493754377022505e-02
3.332595801522105772e-01
-4.725627446807769694e-01
6.118542262955894984e-01
1.177616487986028471e-01
1.833707070706076248e-01
-5.762990431797885282e-01
5.306366499333268205e-01
-4.068698271930550336e-01
-2.198477823197821923e-01
-6.397096970414315464e-01
-6.432348225116356344e-02
-8.852003793973638457e-01
-3.918477849662889145e-01
-8.629334831942939155e-02
4.469630557230338530e-01
4.127559503728006063e-01
-4.233124952410055597e-01
-5.354148140546959311e-01
8.146932840570422218e-01
-2.125314565822551405e-01
-7.528299807539120536e-01
-6.080530887878827784e-01
4.079183447221619296e-01
5.988521177433994147e-01
8.204253809700725597e-01
-5.693704520629635363e-02
-9.638172753310221275e-01
5.333938495503413035e-01
1.073425744538503146e-02
-3.496540969777943708e-01
-8.653192785671638410e-01
1.350452979065277503e-01
3.206093901729762385e-01
9.555675686089780407e-02
-3.597720547572407779e-01
-9.483165644294021535e-01
-8.561971441521605275e-01
5.408779925380120535e-01
-7.671220292243353944e-02
2.651305876001830431e-01
7.227636658961614224e-02
6.718044263118769788e-01
1.511257977070390446e-01
-5.777057661084910034e-01
7.831388870047799600e-01
-2.721477159509870791e-01
-8.975823415438013431e-01
5.684577721618063739e-01
-8.868242941853029526e-01
1.417917062030127351e-01
3.115102223604231946e-01
-1.497119375105400163e-01
-3.910858916099082538e-01
1.616449731444582483e-01
-9.374381668920912514e-01
4.518220745928114290e-01
3.230578998212336184e-01
-9.588355952460766995e-02
-9.325617501568448375e-01
-6.856253069407773904e-01
-5.268305025947150888e-02
-2.492829810786731659e-01
7.784345069396112482e-01
8.102358745417870267e-01
-3.640933667843603005e-02
1.562786296039671563e-01
6.063245750505192877e-01
7.228006290436654879e-01
2.965533017684975903e-01
1.847360586918292136e-01
6.863034682465490866e-01
-4.809178264337059527e-01
-9.265216795899151592e-01
-1.654075931492392793e-01
-8.051311011532799045e-01
-9.398127223170749112e-02
-8.265956965892562458e-01
2.975095934380178608e-01
-4.973099091654246129e-01
-8.366553938557086401e-01
7.591443286656673894e-01
-7.673008204574429669e-01
-1.652655486848968458e-01
-5.930047550967649794e-01
-9.247547153612487580e-01
1.839823266911166932e-02
-5.459416729608818075e-01
-1.151040902640480118e-01
4.473365358028700278e-01
9.379054921812810530e-01
3.870852221190836939e-01
-2.411573274216791685e-01
-8.073714875921298439e-01
6.954658828278951210e-01
-4.783141512157187414e-01
2.026626503884320640e-01
7.623504567563040846e-01
6.785338992639797784e-01
6.482344402801103467e-01
-2.379881556340464055e-01
8.431696163837389124e-02
7.450809559648381708e-02
1.424870730430967125e-01
8.148948161995565043e-01
-9.712587738336797560e-01
7.001600233875453494e-01
-7.271041831831550617e-01
8.117886857656224642e-01
6.320749926437640998e-01
8.555124199216935788e-01
5.109428424451025741e-01
-1.296624504224716812e-01
9.943304822249956487e-01
-1.940116504642703799e-01
-5.143432003150296694e-01
-9.375332281637434040e-01
9.461807752237663127e-01
-7.612517941238677865e-01
-1.283293346416651548e-01
1.896108908874272192e-01
2.345275548848506642e-01
-8.906063774719572557e-01
6.878327058564231988e-01
-1.247908920021443269e-01
9.381415980681457878e-01
-4.537342205321348576e-01
-4.406884753485525996e-01
-3.982348268026644766e-01
-7.499815610763582718e-01
-7.933904983241817366e-01
-6.683597977204717155e-01
8.262344712312013062e-01
5.658691930699448758e-01
4.869824580565557670e-01
3.149365633066223413e-01
-4.701192301043810584e-01
4.662651128610453277e-01
6.427592569504783082e-01
8.482835673422657319e-01
-4.320133679302085028e-01
-2.236783729463398887e-02
5.752526188990932099e-02
7.304542871592644149e-01
7.202915738685744529e-02
-6.998246150471192362e-01
7.978277351260871786e-01
8.158972611490677984e-01
-8.128231481053783680e-01
-4.329896820646963462e-01
3.720170720732821623e-01
-4.405000489344190751e-01
-7.595725206905867832e-01
8.987449365457329531e-01
-6.414297453689978834e-01
-1.324161208518148669e-02
6.757830157460480436e-01
1.091265656232598413e-01
8.511928543003932646e-02
2.284832164117953646e-01
6.444172322164993805e-01
4.963504124911781168e-01
-9.661292186336226662e-01
-8.648030217588453805e-01
2.014713845155279709e-02
3.747353367566693683e-01
-7.747231903327131963e-01
7.267017652376894787e-01
-7.710484164305096977e-01
3.486950023250697250e-01
7.904974169751766144e-01
-8.484551380670252163e-02
4.782828304430375432e-01
-6.931262769577872795e-01
9.456319126288951216e-01
3.014010887603671973e-01
-1.487294737302535808e-02
-6.794157426050161375e-01
-2.888843137346406853e-01
-2.035997249226424166e-01
3.388632874852542248e-02
-6.358495516178934714e-01
-7.507689053555032244e-01
-5.186781667658375561e-01
2.976637176556669040e-01
5.647087070706415801e-01
-6.356426608782040910e-01
4.914067333555083295e-01
-2.740952148850808734e-01
2.628847050289579990e-01
-4.596143162429839890e-01
8.531554873604634270e-01
8.638111914900272748e-01
9.459109486222591068e-01
-2.963603380017207911e-01
1.761412673582617994e-01
-1.407768626937591083e-01
6.540392865166395620e-01
5.986587587036140690e-02
-5.906034457875963123e-02
5.699570294244543645e-01
-5.328298039003929176e-01
-1.927984912511364612e-01
-5.710508303030195076e-01
2.021006259825128826e-01
8.289031430957887192e-01
1.809921243153422565e-01
2.488098033079617077e-01
3.574852171999897688e-01
-1.175158940092284610e-01
-9.983929924016525792e-01
7.230430939160280290e-02
-8.343054450396032024e-03
-4.146706644778426210e-01
-5.816022743651264593e-01
5.840540069872628415e-01
-7.565721211361888798e-01
2.081332329222904676e-01
-9.433591302107503518e-01
-5.326182982694918633e-02
6.333961054738566077e-01
2.438664067059750362e-01
3.772546401774599101e-01
1.044288410785063417e-02
-4.019153218484746160e-01
-4.827359210984875082e-01
-5.598205286010824455e-01
3.014701119365204018e-01
3.195863560022038641e-02
4.475243413602507103e-01
-3.164379010920379542e-01
-8.838861239826094618e-01
9.534687804114694298e-01
3.049685204403986272e-01
-6.722817569136152471e-01
-3.137912109770331082e-01
-3.570278801340716068e-01
-3.370827185357489486e-01
-3.325668037604416205e-01
9.984783182621852493e-01
2.690272956291138162e-01
-8.865117802498003741e-01
3.019881149217262806e-01
-2.805163134109600609e-01
3.970813994317207163e-01
2.077729272208817535e-01
-6.528208242919602000e-01
2.497384349365115164e-01
8.079923723806828884e-01
-4.136606444014139794e-01
9.325578924446796814e-01
5.732378447745941630e-01
-5.080997916956857541e-01
-8.985775702758183048e-01
-5.759605940831562521e-01
-9.650941748372399154e-02
-2.407409770871722365e-01
-8.942603719337862689e-01
4.138434629928777753e-01
-3.373752898820048252e-01
4.531570728801215253e-01
4.545663130640787419e-01
-3.591215890572585501e-01
1.767642279924200310e-01
5.086746503521115681e-01
-1.087558376941756277e-01
-5.373446076002996730e-01
3.174738524200345635e-01
7.033680846661956032e-01
5.603887343974029989e-01
3.870226209524132432e-01
6.371476532198202536e-01
6.546959004838778795e-02
-2.338455204829648082e-02
1.666180809377978689e-01
6.890073006702203129e-01
-1.545957803337731917e-01
-6.392306773813645204e-01
-3.277053293135026024e-01
-7.388800113521887258e-01
-1.155651264147747465e-01
2.025753384376534072e-01
-2.126636687782234025e-01
7.860113200894665031e-01
-6.262203987526471227e-01
4.436771124090435059e-01
6.355042597511035840e-01
-1.071696211171116048e-01
6.172789059908315723e-01
5.032043392588498865e-01
7.861702601591986639e-01
1.536272669886540043e-01
2.860424110234490169e-01
-2.467369371570660164e-02
-2.516226011326664902e-01
-4.162586977764564100e-01
-1.157310461884542008e-01
-3.989975257037944867e-02
9.022557385701805988e-01
4.042215675180294530e-03
-3.875910818066394259e-01
-5.789321533978061263e-01
2.360531928255158451e-01
8.674692060023343476e-01
5.505177279373926064e-02
2.562615285974387813e-01
1.910156694948239586e-01
5.196263539644043750e-01
9.677212703339495015e-01
-6.885945635368306839e-02
-5.360707953453200947e-01
-6.142599240765327373e-01
3.458712255416510062e-01
8.288841173836756226e-01
5.204643168917407747e-01
5.911048253631456806e-01
5.493592720981150812e-01
-1.223858124314849416e-01
-8.018481181608516639e-01
-5.097211909601374602e-01
7.872113890809203651e-01
1.864863076099826378e-01
-8.546495768840298712e-01
3.362627336756347507e-01
8.434260436162329677e-01
-8.724398647942495089e-01
-5.009057357611050865e-01
-2.454060030413802718e-01
6.149690621231203025e-01
9.897432138774875376e-01
-7.210626081593303205e-01
-4.543872415840467804e-02
5.218491289646909337e-01
-4.647370066790426080e-01
-9.666125177069873065e-01
-7.885307295877312939e-01
-9.656785604411410873e-01
1.132289594587121417e-01
-6.313770731668655323e-01
-8.684968651864473088e-01
9.845988611975372562e-01
3.442900209008210588e-01
-6.530229708266989119e-01
-8.625728742045668529e-01
-6.167092534949536464e-02
-4.900914414573732253e-02
-5.463147524653837461e-01
-6.246802237981081696e-01
3.868243045017640824e-01
-6.074122583610053194e-01
5.264764174643278283e-01
-7.463631383250164397e-01
2.688157549290011161e-01
-4.392348179590270241e-01
4.145865100184787932e-01
-1.445120954130225677e-01
-2.334297105830162311e-01
1.616558389105997584e-01
-5.706967730596307353e-01
5.526142412808368043e-01
3.443757535855884733e-02
5.312202215777899195e-01
4.419543188544782786e-01
3.789435533610076012e-01
-3.237462797204510023e-01
-7.476764831904185726e-01
-7.656641874307901219e-02
3.265081649435126465e-01
-6.514934153626094071e-01
-3.247241992510238040e-01
-1.745222581752840785e-01
4.643406392492983037e-01
4.014495335160960243e-01
-9.221229134942778849e-01
-7.382308201681730964e-01
5.702985349885838495e-01
4.066042844436952297e-01
9.536924086463671735e-01
-7.614773948715898300e-01
-8.350070746401636601e-01
-1.834406100634557168e-01
4.746547675188154680e-01
2.359276880694161360e-01
-2.705793490367784937e-01
3.628694732320454364e-01
-1.216746556389009526e-01
-9.942108771043181026e-01
7.857878531399873356e-01
7.411646088959080725e-01
8.011843228392887539e-01
-1.496819000319193071e-01
5.957908888817492477e-01
8.855059720814679736e-01
-5.957652769809061999e-01
2.629613020338501528e-01
1.128955207135167726e-01
2.918509471377527670e-02
3.923806509924864239e-01
-7.810497534567668598e-01
9.430368584566590773e-01
2.310802127918858972e-01
9.745795946118757103e-01
-5.179341996537655257e-01
6.651314081563505232e-01
-1.376340572452199318e-01
-1.966556107112018559e-01
6.572453758868033180e-01
-7.873730332975006352e-01
-7.281332520725380952e-02
-6.648597213889368973e-01
9.512378898431115282e-01
-9.647017775164747899e-01
-1.883622324271257975e-01
1.590998611168146226e-01
-2.503399076763614950e-01
-5.703681162204763400e-01
-7.690167185860746768e-01
-9.035765972414790959e-01
-8.391895407761309489e-01
4.162227534644190041e-01
8.014807759176759139e-02
-3.095728728026836962e-01
-4.845478154942271520e-01
-7.716766588412646843e-01
3.462998784046971146e-01
-1.968607108548336981e-02
-6.311379576716287243e-01
1.822199970730880025e-01
-7.156203258128317202e-02
-8.619036310113934451e-01
2.500962848412406903e-01
4.874140310271075638e-01
6.918924826619643476e-02
-6.403943336203314629e-02
3.083777132638986992e-02
-1.413154714259702849e-01
-2.432203040720123666e-01
3.037936571868101177e-01
-2.143567673164125942e-01
6.172930016931392760e-01
-2.782792774362623511e-01
2.827478966666307700e-02
7.794414266017827275e-01
2.476005378666834567e-01
3.550280125945635135e-01
4.450063017934664522e-01
-2.040309973169602831e-01
7.795349067634024243e-01
1.540282726920727541e-01
-2.038343761632424034e-01
-9.419547813595050556e-01
-2.325145858877888383e-01
-4.501052889015142444e-01
-6.140333793912194915e-01
5.193907091947563837e-01
7.369778984825658963e-01
-2.071948503264413599e-01
-5.420358588912463915e-01
8.914959025619788591e-01
-5.084123051232063428e-01
4.800660322511083322e-01
-4.837267344479625475e-01
6.668891583662288625e-01
-2.188540131525993360e-01
9.202235119534952767e-01
6.126351864642141098e-01
5.238074208482961236e-01
-3.017708621457269036e-01
5.375536998949920209e-01
4.805975359315708406e-01
9.739653980868769878e-01
3.877805504546693594e-01
-5.214709063726319371e-01
-6.898166479370942961e-03
-8.787392688447281941e-01
9.354061612827793137e-01
-7.384276160693881152e-02
-4.284676100305992996e-01
-2.660926469507622349e-01
6.408440396078028678e-02
-9.873013961465142430e-01
-3.675991254304638023e-01
-3.931976213020648148e-01
-8.095357399679541377e-01
3.323066984410985025e-01
1.004951292806384178e-01
-5.598368601882592888e-01
3.668277553921914791e-01
3.084134937243126484e-01
-5.182141166427112200e-01
-1.032614715932695937e-01
-1.827318217989357674e-01
5.552656652124310366e-01
4.787683160336186350e-01
-9.935577701242745974e-01
-9.234255021356810866e-01
7.705127726350179118e-02
-9.921021900081905542e-02
7.890800004997839956e-01
2.277032347455556494e-01
9.128988943021966174e-01
2.406926892542364527e-01
-3.367960144216907703e-01
-9.079142342762285267e-01
-1.195866198551867460e-01
-2.763951989483399985e-02
-3.179111325616066352e-01
7.617007299908705731e-01
1.158072520339128997e-01
-3.400396223134154461e-01
-9.566431709570043240e-02
-2.062805963651612173e-01
-1.423617534050801714e-01
1.052709195523993113e-01
-7.316121023135875312e-01
-7.091200597708218201e-01
-2.413415115408981126e-01
-2.266836561180802512e-01
-3.454813719621085411e-01
-2.269516172653598118e-01
-8.144239051177748490e-01
-4.602976374614999866e-01
-6.439649560821512075e-01
3.652646947466230976e-01
7.399623232073844203e-01
-9.115690915725318533e-01
-1.459247099571394923e-01
-7.175558624595892443e-01
4.653812648358672810e-01
-6.058086945233641663e-01
1.615750890879692203e-01
-3.051081636478387149e-01
-8.819284008624647120e-01
-9.687803401452328433e-01
7.033285249230211145e-01
6.763406776519198527e-01
-9.804181470115463926e-01
7.036014410581787892e-01
-9.103874714755759712e-01
-9.597759849007399258e-02
-4.588404269948938574e-01
5.833364502895799220e-02
-3.693544104083845703e-01
-9.603890514581878701e-01
-8.780782626459006368e-02
3.433816939235865284e-01
-7.721902439826590081e-01
-8.710642890876372224e-01
3.654793034722607636e-01
-5.251736775643546240e-01
-4.682178661529956543e-01
-8.650038346017117075e-01
-1.297135513497373049e-01
-7.371129086475163295e-01
-4.682315176084377306e-01
-7.847688609508920443e-01
-3.253766838536994443e-01
7.575403413825261278e-01
1.577263749317949770e-01
5.411644199782998932e-01
3.228055223553933928e-01
-6.373017754409949776e-01
4.304831912199990618e-01
4.831245658923017938e-01
-4.966904315189081542e-02
-1.428621780558581023e-01
9.776041339397454344e-01
-2.327813773601308811e-01
6.403637394077732470e-01
-7.273972078963474308e-01
4.299271351744040626e-01
4.053292987004744052e-01
-9.642771005731043399e-01
-4.280718162295966689e-01
-1.685378117111369090e-01
2.542333640285254770e-01
-2.603571561719899008e-01
-1.819616327298464453e-01
7.617461273468468796e-01
-3.937378912228017835e-01
9.152325108793319952e-01
-4.995645530489563058e-01
7.238701202861297368e-02
-7.136607386484850046e-02
9.309385502403035861e-01
-8.964388392619371260e-02
-7.311397045736456324e-01
4.932934020746576609e-01
9.299896112876325782e-01
9.970607349376447992e-01
9.102080129251304275e-01
7.960870865696048071e-01
7.592438376118054721e-01
3.356548891827304537e-01
8.831162931181125997e-02
2.319802839346596923e-01
8.153640242024584595e-01
-6.471902928342947448e-01
2.085511960108930585e-01
3.401152057909958559e-01
9.630210475658678160e-01
3.911087185285022638e-01
7.682201032613067415e-01
6.093427714803945072e-02
-7.196747197331521129e-02
7.694171475705422480e-01
2.788191461303817231e-01
2.387745300581829433e-01
2.401839918207941960e-01
8.060732474243621493e-01
3.974959782785780771e-01
3.538642984651708123e-01
-6.305328352124968116e-01
-3.728571392754706504e-01
-5.766799511456568439e-01
3.967210327992257146e-01
4.955312830621783071e-01
8.616925045564061136e-01
-8.445945943900502462e-01
1.262850620995082940e-01
-9.820158843874781107e-01
4.116801228560500459e-01
-7.485225990891212211e-01
-2.854840951551289585e-01
-2.251244162133847482e-02
-9.235393467016800306e-01
8.473285790252987892e-01
-7.262452579082450121e-01
8.228235106741614846e-01
-3.448330979185851852e-01
1.521863750186273068e-01
4.727647623286674872e-01
3.069950145384179319e-01
2.755134046206728637e-01
8.183667043596810631e-01
