-1.439667022253203199e-01
9.401083216575623069e-01
-2.319173899981043230e-01
1.453316791079068415e-01
-9.504792873319380941e-01
-8.711242873302825762e-01
2.151778188197440989e-01
5.417945804677657545e-02
4.069226622275072813e-01
-6.169373321101176977e-01
1.824652398113499885e-01
-4.226347680029048370e-01
-6.755267715134417594e-01
-6.501533924146143395e-01
-6.485570611384772199e-02
2.886171211371073575e-01
9.073469357643217936e-01
-7.156135897473616669e-01
1.787782092102634390e-01
1.113376935120011374e-01
9.763497820976213548e-01
-5.352918914463042910e-01
5.224418963409011019e-02
5.560513600860944594e-02
-9.745156620047463747e-01
9.958135548589147623e-01
-5.923871627431347431e-01
-2.589800307274121027e-01
4.794188514047769134e-01
-1.595239801493266996e-01
1.023060256470281065e-01
-8.633834566708693536e-01
9.728847338630277619e-01
5.674937026020470121e-01
-6.997197516510647031e-01
8.049553309990125083e-01
-6.144354440683551521e-01
8.521985025374101408e-01
-6.028880775837636152e-01
-5.849244920052345531e-01
-5.500007405260280979e-01
-4.117322357758579354e-01
-9.708853884311434701e-01
-1.662618552019057283e-02
2.685436798973390160e-01
-5.562385912319807169e-01
1.976964941118331820e-01
5.032993906503246961e-03
-1.654262140128933412e-01
7.861652037623598765e-01
-6.737580639734954691e-01
3.410442348340458896e-01
-9.447846867009390692e-02
-7.392297378740366742e-01
-5.893338220903115987e-01
-8.359241103276593421e-02
-4.140851978397773192e-01
2.561907794229312252e-01
9.277006943624434010e-01
-1.838822035181303938e-01
4.671674621691104812e-01
6.588427550137374578e-01
4.257288658423685757e-01
9.003009258673144721e-02
-1.296390320147539355e-01
6.260188406909278358e-01
-6.257303750906404449e-01
-9.024298569889496191e-01
-5.608838428523454933e-01
-6.641934356708705245e-01
6.059039666212910624e-02
-1.755634102899281679e-01
-3.436762684105838517e-01
6.231295276412558426e-01
5.343124506127250317e-01
-3.929458348673476875e-01
3.030370139797580187e-01
-3.408755817062689708e-01
-3.632250439003469333e-01
-2.711550269094771815e-01
7.601941228002476736e-01
5.851887785850438117e-01
2.298733161038476192e-01
-2.211733617104522931e-01
3.537100629823282105e-01
7.942034561666141412e-01
5.754496995350790733e-01
-8.117110978523494058e-01
9.927714743969180411e-01
-5.561678146482702534e-01
1.904939338767506207e-01
-4.066609643833400956e-01
4.369427815490202760e-01
9.075316935338729740e-01
-8.626758415386499568e-01
-7.425612640800817177e-01
8.880987301937628420e-01
-5.822709680053632653e-01
3.387086495003792663e-01
9.003733438454100124e-01
6.030623621587447580e-01
-4.769079525458064794e-01
4.881344322199265839e-01
-5.941933960899510314e-01
6.694685205710888543e-01
-2.817486306765763088e-02
-7.455772592088587558e-01
3.684763804173168400e-01
8.749198437442323728e-01
-3.621293718551481522e-01
6.344288210950823625e-01
9.472708009862926826e-01
-9.974117923822540810e-01
7.672657842437446973e-01
9.546772276639137189e-02
-2.279940017340111591e-01
-9.100508455704571231e-01
-2.755632258618846975e-01
5.228592326278791447e-01
-3.858653146753108221e-01
-5.009812347140156774e-01
8.016519434751726569e-01
1.227526474807907053e-01
4.944617174370236762e-02
3.436665441481203676e-01
-8.365559872169938682e-01
4.640649820171102724e-01
-1.125661538024963215e-01
2.664309757081051444e-02
-5.142842718356874787e-01
-4.213310170391209031e-01
2.000473331951904132e-01
-9.129325288748235678e-01
-4.180662381635968372e-01
3.448021086686930969e-01
7.340349893874003051e-01
7.041557642861375754e-01
-8.009504136611523828e-01
5.305339726018969415e-01
-8.285439048280154317e-01
-7.769594942906818957e-01
-8.162262356154461607e-01
-1.258849289816291184e-01
4.670432194494522071e-01
-2.936570229320618550e-02
-4.565714639880713577e-01
-9.440111731818305874e-01
6.308238757278112896e-01
9.743402699640277831e-01
-2.175354456280567117e-01
-4.151493754377022505e-02
3.332595794050230986e-01
-4.725627446807769694e-01
6.115410511628521784e-01
1.177616487986028471e-01
1.833707009915866715e-01
-5.762990433227367371e-01
5.306366499333268205e-01
-4.068475734997634707e-01
-2.198477823197821923e-01
-6.338319891770565206e-01
-6.432366722645689594e-02
-8.852003793973638457e-01
-3.918477849662889145e-01
-8.629334831942939155e-02
4.469630557230338530e-01
3.688706997128215481e-01
-4.268827598072941210e-01
-5.354148140546959311e-01
8.146932840570422218e-01
-2.125314565822551405e-01
-9.653993035076200435e-01
-6.080530887878827784e-01
4.079183447221619296e-01
7.063423375581083796e-01
8.204252985356094152e-01
-5.693704520629635363e-02
-9.638172753310221275e-01
6.489409475193778087e-01
1.073425744538503146e-02
-3.496540879859956763e-01
-8.653192785671638410e-01
1.350452980599813058e-01
3.206093901729762385e-01
9.415511873225468342e-02
-3.597720547570095184e-01
-9.483165644294021535e-01
-5.929935339298452179e-01
5.408779925380120535e-01
-8.550377791226423940e-02
2.640842210160749826e-01
7.227636658961614224e-02
6.718008373654191789e-01
1.511257977070390446e-01
-5.778947106181158144e-01
7.827847814560301432e-01
-2.721477159509870791e-01
-8.975823415438013431e-01
5.684577721618063739e-01
-8.868242941853029526e-01
1.417917062030127351e-01
3.115102223604231946e-01
-6.125414524971537489e-01
-4.002382936313835793e-01
1.616449731444582483e-01
-9.374381668920912514e-01
4.518220745928114290e-01
3.230578998212336184e-01
5.577610468146054074e-02
-9.266545857435171119e-01
-6.794324716313628887e-01
-5.268305025947150888e-02
-2.492829810768023568e-01
7.784345069396112482e-01
8.102358745417870267e-01
-3.666522729728179109e-02
1.562785041557207544e-01
6.063245750505192877e-01
7.228006290436654879e-01
2.965536389743021473e-01
1.847376343784715158e-01
6.863034682465490866e-01
-5.019559516357321449e-01
-9.265216795899151592e-01
-1.654099532588728938e-01
-8.051309412379268338e-01
-9.398127223170749112e-02
-5.235453959296988424e-01
2.931289092568041821e-01
-4.973099091654246129e-01
-8.366553938557086401e-01
7.591443286656673894e-01
-7.673008204574429669e-01
-1.652655486848968458e-01
-5.930047550967649794e-01
-9.247547153612487580e-01
1.839823266911166932e-02
-5.459416729608818075e-01
-1.142473107797222220e-01
4.473365358028700278e-01
9.379054921812810530e-01
3.870852221190836939e-01
-2.411573274216791685e-01
-8.073714875921298439e-01
6.954658828278982297e-01
-4.783141512157187414e-01
2.026637266746507127e-01
7.621461115510945739e-01
8.739625432508928427e-01
6.482344402801103467e-01
-2.379881556340464055e-01
8.431696163837389124e-02
7.329208194419187250e-02
1.424870730430967125e-01
8.151947384765895199e-01
-9.712587736737908761e-01
7.001600233875453494e-01
-7.271041798267258160e-01
8.117886857656224642e-01
6.320749926437640998e-01
8.555124199216935788e-01
5.109428424451025741e-01
-1.296624504224716812e-01
9.943304822249956487e-01
-1.940116504642703799e-01
-5.143432003150296694e-01
-9.375332281637434040e-01
9.461807752237663127e-01
-7.612634217219972355e-01
-1.283293346416651548e-01
1.896108908874272192e-01
2.345275548848506642e-01
-8.906063774719572557e-01
6.878327058564231988e-01
-1.247908920021443269e-01
9.381415980681457878e-01
-4.537342205321348576e-01
-4.406884753485525996e-01
-3.982347772084776638e-01
-7.499815610002202870e-01
-7.933904983241817366e-01
-6.683597977204717155e-01
8.262423137680804386e-01
5.658691930699448758e-01
4.877057303937761268e-01
3.149365633066223413e-01
-4.701192301043810584e-01
4.653476203790128385e-01
6.427592569504783082e-01
8.482835673422657319e-01
-4.320133679302085028e-01
-2.236787802367844538e-02
5.755075677738654555e-02
7.304542871592644149e-01
7.202915738685744529e-02
-6.998246150471192362e-01
7.978277351260871786e-01
8.158972611490677984e-01
-5.635707752123492176e-01
-4.415564984230300749e-01
3.720170720732821623e-01
-4.579439563380207079e-01
-7.595787912841887035e-01
8.987449365457329531e-01
-6.414297453689978834e-01
-1.324161208518148669e-02
6.757830157460480436e-01
1.091265656232598413e-01
8.511928543003932646e-02
2.284832184292638346e-01
6.444172322164993805e-01
4.964480720962790028e-01
-9.661790157049657823e-01
-8.648030217588453805e-01
2.014713850532875994e-02
3.747353367566693683e-01
-7.747231903327131963e-01
7.267017655993612824e-01
-7.710484164305096977e-01
3.486945963594760278e-01
7.904974169751766144e-01
-8.484551380675672827e-02
4.782828304430375432e-01
-6.931262790312895383e-01
9.456319126288951216e-01
3.014010878277246230e-01
-1.487294737302535808e-02
-6.794157426050161375e-01
-2.894670507727172826e-01
-2.035997249226424166e-01
3.388632874852542248e-02
-6.357321118275033323e-01
-7.507689053555032244e-01
-5.186781667658375561e-01
2.976637176556669040e-01
5.647087070706415801e-01
-5.549414989188248271e-01
4.914067333555083295e-01
-2.362567728491783980e-01
2.628847050289579990e-01
-4.596143162429839890e-01
8.531554873604634270e-01
7.976605044747679951e-01
9.455776177304234809e-01
-2.963603380017207911e-01
1.761412673582617994e-01
-1.407768626937591083e-01
6.806677262578920695e-01
7.326571924117770973e-02
-5.906034457870655563e-02
5.699570294244543645e-01
-5.320469106914630375e-01
-2.349758330898457093e-01
-5.710508303030195076e-01
2.021006259825128826e-01
8.289031430957887192e-01
1.809658317541961992e-01
2.488098033079617077e-01
3.574852171999897688e-01
-1.175158940092284610e-01
-9.983929924016525792e-01
7.230431011636050120e-02
-8.343054450396032024e-03
-4.146706644778426210e-01
-6.847840891630367910e-01
5.840540069872628415e-01
-7.565721238991640618e-01
2.116702446226585987e-01
-9.433591302107503518e-01
-5.326182982694918633e-02
6.333961054738566077e-01
2.438664067059750362e-01
3.772546401774599101e-01
1.044288410785063417e-02
-4.019980920363381838e-01
-4.908749601547724439e-01
-5.598205286010824455e-01
3.014701119365204018e-01
3.195863560022038641e-02
4.475240916696385796e-01
-3.164379010920379542e-01
-8.838861239826094618e-01
9.534572385045307907e-01
2.824396355549835813e-01
-6.729171273943780340e-01
-3.137912109770331082e-01
-3.570278801340716068e-01
-3.370827185357489486e-01
-3.325668037604416205e-01
9.984783181208650715e-01
2.690272956291138162e-01
-8.865117802498003741e-01
3.019881149217262806e-01
-2.805163134109600609e-01
3.970814013303495815e-01
2.077737651557322041e-01
-6.528208242919602000e-01
2.497384349365115164e-01
8.083261477653892468e-01
-4.136606444014139794e-01
9.312033367106408166e-01
5.732378447745941630e-01
-5.080997916956857541e-01
-9.987745710161941570e-01
-5.759603349442148357e-01
-9.650941748372399154e-02
-2.407409770871722365e-01
-8.942603719337862689e-01
4.138434629928777753e-01
-3.325643767775546822e-01
4.531570728801215253e-01
4.545630030805616340e-01
-3.591215890572591607e-01
1.767513565625858096e-01
5.086746503521115681e-01
-1.087558377143595378e-01
-5.373446076002996730e-01
3.174738524200345635e-01
7.033680846661956032e-01
5.603887343974029989e-01
3.870226209524132432e-01
8.441401712348063358e-01
6.546959004838778795e-02
-3.303118669004850849e-02
1.666180809377978689e-01
6.885683772966533223e-01
-1.545957803337731917e-01
-6.392306773813645204e-01
-3.277053293135026024e-01
-7.388800113521887258e-01
-2.261720761836941151e-01
2.025753384376534072e-01
-2.126636687782234025e-01
7.860113200894665031e-01
-6.262203987526471227e-01
4.436771124090435059e-01
6.355042597511035840e-01
-1.071679000204003862e-01
6.172779527764890029e-01
5.033496977853102461e-01
7.861702601547500002e-01
1.536316631902593655e-01
2.860424110234490169e-01
-2.467369371570660164e-02
-2.516226011326664902e-01
-4.162586977764564100e-01
-1.157310461884542008e-01
-3.642901919336545558e-02
9.022557385701805988e-01
4.042215675180294530e-03
-3.875910818066394259e-01
-5.789335329431937183e-01
2.360532001189439011e-01
8.674692060023343476e-01
5.505205287648346629e-02
2.562615285974387813e-01
1.910156694948239586e-01
5.196263539644043750e-01
9.677212703339495015e-01
-6.847257974957290938e-02
-5.360707953453200947e-01
-6.142599240765327373e-01
3.458712249459537924e-01
9.815055949284984260e-01
5.204643168917407747e-01
5.876176382729071390e-01
5.493592720981150812e-01
-1.223858124314849416e-01
-6.568101206645010626e-01
-5.097211909601374602e-01
7.872114631556847986e-01
1.864863076099826378e-01
-8.546495768840298712e-01
3.362627336756347507e-01
8.434260436162329677e-01
-8.724398647942495089e-01
-5.009057357611050865e-01
-2.454060030413802718e-01
6.149690621231203025e-01
9.897432138774875376e-01
-7.210626081593303205e-01
-4.543872415840467804e-02
5.218491289646909337e-01
-4.647370066790426080e-01
-9.666125177069873065e-01
-7.885307295877312939e-01
-9.656785604411410873e-01
7.863741503152898993e-02
-6.313770731668655323e-01
-8.702864977139399549e-01
9.823619280707148738e-01
3.442900209008210588e-01
-6.530229708266989119e-01
-8.625723412844571447e-01
-6.167092534949536464e-02
-4.900914414573732253e-02
-5.463183799677980845e-01
-3.164970177556207243e-01
3.868243045017640824e-01
-6.074122583610053194e-01
5.264761449772820123e-01
-7.491662985433259481e-01
2.688157549290011161e-01
-4.392334141514396828e-01
4.145865100184781826e-01
-1.445120954130225677e-01
-2.382049094276926515e-01
1.616558389105997584e-01
-5.706967730596307353e-01
5.525803436479486130e-01
3.443757535855884733e-02
5.312202215777899195e-01
4.419539734877844239e-01
3.789435533610076012e-01
-2.995865614175298175e-01
-7.476764831904185726e-01
-7.656641874307901219e-02
3.265081649435126465e-01
-6.514934153626094071e-01
-3.247241992510238040e-01
-1.745222580160201153e-01
5.178872459948474782e-01
4.014495334355680511e-01
-9.221229134942778849e-01
-7.382308201693147387e-01
5.702985349885838495e-01
4.066042844436952297e-01
9.536924086463671735e-01
-7.614773948715898300e-01
-8.350070746401636601e-01
-1.834406100634557168e-01
4.746547675188172999e-01
2.359276880694161360e-01
-2.705793490367784937e-01
3.628694732320454364e-01
-1.216746556389009526e-01
-9.941667469360235820e-01
7.857878531399873356e-01
7.411646088959080725e-01
8.011843228392887539e-01
-1.496819425572590845e-01
5.958152788039988712e-01
8.855059720814679736e-01
-5.852274821765472979e-01
2.629613020328850359e-01
1.127115102600877855e-01
2.914704682059908111e-02
3.923797827164398622e-01
-7.810497534567668598e-01
9.430368584566590773e-01
2.310802127918858972e-01
9.745795946118757103e-01
-5.179341996537655257e-01
6.646498145993018358e-01
-1.376340572452199318e-01
-1.960675372558617902e-01
6.572499229266786092e-01
-7.873730332975006352e-01
-1.592998838991893096e-01
-6.648597213889368973e-01
9.512378898431115282e-01
-9.647017775164747899e-01
-1.670130163503005249e-01
1.590998611168146226e-01
-2.503657322164374310e-01
-5.703681162204763400e-01
-7.690167185860746768e-01
-9.035765972414790959e-01
-8.391895407761309489e-01
4.162227460019763958e-01
8.015574386839220689e-02
-3.095728728026836962e-01
-4.845854304491612474e-01
-7.716766588412646843e-01
5.661446175261642955e-01
-1.968607108548336981e-02
-6.311379576716287243e-01
1.822199970730880025e-01
-7.149512374816713312e-02
-8.619036310109885468e-01
2.500962848412406903e-01
4.874140310271075638e-01
2.741580885458527739e-02
-6.403944082300272456e-02
3.083777132638986992e-02
-1.413154714259702849e-01
-2.432124576215339840e-01
3.037936571868101177e-01
-2.143444509249318730e-01
1.476549973954859318e-01
-2.782792774362623511e-01
2.827478889475059862e-02
7.794414267731879509e-01
2.476005378666834567e-01
3.141304463251228807e-01
4.450063017934664522e-01
-2.040309973169602831e-01
7.795349067634024243e-01
1.540282726920727541e-01
-2.038343761632424034e-01
-9.419547813595050556e-01
-2.325145858877888383e-01
-4.501052889015142444e-01
-6.140333793912194915e-01
5.193907091947563837e-01
7.369778984825658963e-01
-2.071948503264413599e-01
-5.420358588912463915e-01
8.914959025619788591e-01
-5.084123051232063428e-01
4.700958860315101462e-01
-4.837267344479625475e-01
4.164043204492628436e-01
-2.188540131525993360e-01
9.194434771898291059e-01
6.126351864642141098e-01
5.238074208482961236e-01
-3.017708621457269036e-01
5.375771210922442034e-01
4.805975359315708406e-01
9.739653980868769878e-01
3.877805504546693594e-01
-5.214709063726319371e-01
4.060854600861511787e-02
-9.120904329627170792e-01
9.327861249751365769e-01
-7.384276160693881152e-02
-4.284676100305992996e-01
-2.660922198877584965e-01
6.408440486301308914e-02
-9.873013961465142430e-01
-3.598850280255174727e-01
-3.931992930637789874e-01
-8.094785625732188183e-01
3.323066984410985025e-01
1.004951292070628693e-01
-5.598368601882592888e-01
3.668277553921914791e-01
3.084134937243126484e-01
-5.182141166427112200e-01
-1.032614715932695937e-01
-1.827318217989357674e-01
5.552656652124310366e-01
4.745225721959285270e-01
-9.935577701242745974e-01
-9.234928740820230741e-01
7.705127726350179118e-02
-9.921021900081905542e-02
7.890800004997839956e-01
2.277032347455556494e-01
9.132522453147684516e-01
2.406926826096587868e-01
-3.367960147079938071e-01
-9.079142342762285267e-01
-1.195866198551867460e-01
-2.763951989483399985e-02
-3.179111325616066352e-01
7.617007299908705731e-01
1.158072520339128997e-01
-3.384692340448893222e-01
-9.566429367671963613e-02
-2.062714686717294632e-01
-1.423617534050801714e-01
1.052724037035133176e-01
-7.316121023135875312e-01
-7.091200597708218201e-01
-2.413415115408981126e-01
-2.266836561180802512e-01
-5.206139087496264306e-01
-2.269516172653598118e-01
-8.144239051177748490e-01
-4.604935490310764212e-01
-6.539586519893464400e-01
3.652646947466230976e-01
7.399623232073844203e-01
-9.115690915725318533e-01
-1.459247099571394923e-01
-7.175558627966163172e-01
4.653812648358672810e-01
-6.036027222987285779e-01
1.615750890879692203e-01
-3.051081636660838425e-01
-8.819284008624647120e-01
-9.687803401452328433e-01
7.033160579329057471e-01
6.763406776519198527e-01
-9.804087239247747387e-01
7.036014410581787892e-01
-9.103874714755759712e-01
-9.508001297441134869e-02
-4.588404269948938574e-01
5.833364502895799220e-02
-3.693544104083845703e-01
-9.603890514581878701e-01
-8.780782626459006368e-02
4.115568442693919859e-01
-7.769786665424072147e-01
-8.710642890876372224e-01
3.654793034722607636e-01
-5.251736775643546240e-01
-4.682177554463253788e-01
-8.634065404761247509e-01
-1.297135513497373049e-01
-7.371091168477437172e-01
-4.682315176084377306e-01
-7.843511344319032963e-01
-3.337331537282320348e-01
9.784315921726428611e-01
1.577263749317949770e-01
5.411644199782998932e-01
3.228055223553933928e-01
-6.372750413141490267e-01
4.304831912199990618e-01
4.831245658923017938e-01
-4.966904134562243750e-02
-1.428621780558581023e-01
9.776041339397454344e-01
-2.321516346914261064e-01
6.440539920232887239e-01
-7.273972078963474308e-01
4.299271351744040626e-01
4.040556830122987719e-01
-9.662720282780111747e-01
-5.749412120958401484e-01
-1.685378117111369090e-01
2.542333640285254770e-01
-2.603571561719899008e-01
-1.819821151945967275e-01
7.617461273468468796e-01
-3.937378912228017835e-01
9.152325108793319952e-01
-4.995645530489563058e-01
7.238701202861297368e-02
-7.136607386484850046e-02
9.309385502403035861e-01
-8.964388392619371260e-02
-7.311397045736456324e-01
4.935126918113092453e-01
9.299896112876325782e-01
9.239723717529457758e-01
9.102080129251304275e-01
7.960870865696048071e-01
7.592438376118054721e-01
3.356548891827304537e-01
8.831300865591440452e-02
2.319802839346596923e-01
8.153640242024584595e-01
-6.471902928342947448e-01
2.085511960108930585e-01
3.401147871756714514e-01
9.630210475658678160e-01
3.911087185285022638e-01
7.682723080238174074e-01
6.093427714803945072e-02
-7.196747197331521129e-02
7.694171475705422480e-01
2.788191461303817231e-01
2.387745300581829433e-01
2.401839918207941960e-01
8.060105457612781743e-01
3.974959782785780771e-01
3.538637910748004267e-01
-6.305328352124968116e-01
-3.728571249232450202e-01
-5.766799511456568439e-01
3.967210327992257146e-01
4.955312830621783071e-01
8.616925045564061136e-01
-8.448602844340262763e-01
1.262850621080377489e-01
-9.820158843874781107e-01
4.116801228560500459e-01
-7.577835915274803158e-01
-2.854840951551289585e-01
-2.251244162133847482e-02
-9.235393467016800306e-01
8.425387537460228282e-01
-7.262452579082450121e-01
8.228235106741614846e-01
-3.448330979185851852e-01
1.521863750186273068e-01
6.532319030619136990e-01
3.069950145384179319e-01
2.755134046206728637e-01
8.183667043596810631e-01
