6.963685428964718760e-01
3.853905870354956686e-01
4.249746171430599517e-01
8.504952918500741088e-01
-6.948502674202745588e-01
-6.246524716041841341e-01
5.629235578939406626e-01
-3.970678505932387914e-01
-9.925144607711333666e-01
-5.703853295666334589e-01
1.233729029186996229e-01
4.861625263136553077e-01
5.388365651299160675e-01
-2.736930729511422022e-01
4.383308428554011371e-02
-4.847630872588291062e-01
-5.739687789456313638e-01
5.722917252908463759e-01
-3.072883205283751806e-01
-7.426948812882161466e-01
-4.542315519910027355e-01
9.187539898131868998e-01
5.343341791816453856e-01
-7.493858277829044123e-01
-4.777559225622622918e-01
-8.308217740097556536e-01
6.346618362369689237e-01
-9.576985246837934618e-01
-4.207555192971750291e-01
5.700068097687924773e-01
-6.397949340028636911e-01
-3.789502211477016047e-01
-2.964592961629983758e-01
2.126463426471556506e-01
-3.593804032040199825e-01
-1.340063183463862106e-01
1.871200876935283919e-01
-2.489241090426002057e-01
-7.791424734049710032e-01
-4.780331317821939763e-02
2.302929460142075779e-01
-6.048752190977328969e-01
9.543271675928211017e-02
3.200739498626981039e-02
4.924931226187330147e-01
3.282188944808666076e-01
2.016132343636038993e-01
1.217215455706728289e-01
-9.311977641209958634e-01
-2.323942325725778524e-01
2.914866963201068195e-01
-1.011636470358259210e-01
1.943930997147180761e-01
-1.175988834188552712e-01
-2.561646277824825013e-01
2.822882573672689244e-01
-3.235048846725010474e-01
9.485273555293916026e-01
4.516096453323801274e-01
-3.316977149929121182e-01
5.524702125340186232e-01
5.871646225381432771e-01
2.227729260118482824e-01
5.968304212029551525e-01
9.284819561200465809e-01
-6.766277237885822693e-01
-3.380304206892443819e-01
7.026662521652018434e-01
4.090267092029269413e-01
-3.013467827892186701e-01
1.814879503528472604e-01
2.935648520813696205e-01
-7.048880700380983910e-01
5.584805646626269660e-01
-1.066524430884712160e-01
-2.985673376045963057e-01
-7.089758595647648320e-01
-1.848532671223326318e-01
2.439559836100129164e-01
-7.689318942979739280e-01
7.299069124352606242e-01
-3.519607479798498861e-01
4.098552163888196098e-01
-2.316094765262541877e-01
4.625837745283980507e-01
8.671501376916497250e-01
5.359095933896029784e-01
-6.549332631986661823e-01
-1.312062804502880375e-01
4.337206601019869545e-01
1.694563779867135356e-01
-2.350808847192566997e-01
-4.368473796166392198e-01
-3.604753401537008628e-01
5.452803812833020292e-01
5.778644543518294263e-01
7.512909428420697644e-01
1.318713454681308406e-02
4.989076908361367302e-02
9.527395605009312263e-01
2.432925149606477433e-01
9.868446745918084684e-01
6.068276388559201706e-01
3.570770209135538664e-01
-8.708794116210927250e-01
-7.155464376377469460e-01
2.625722363080886801e-01
-5.403428755855457233e-01
-2.310816957093559942e-01
-5.593572414123726411e-01
3.513962837205411027e-01
-9.978412367546591888e-01
6.063260256030045259e-01
-1.061942906995501090e-01
5.870579772617949832e-01
-4.615518111964789227e-02
4.334641498581626173e-02
5.649356105351339696e-01
-1.336746767401519875e-02
5.082075985223089010e-01
-9.484463267026110866e-01
7.515860522593298398e-01
-6.389132217813757730e-01
-6.449976183127719143e-01
-2.702158678024126903e-01
-7.424608257790721311e-02
-2.961011511230939863e-01
-5.910691316129930151e-01
-6.408773343115325982e-01
7.161834526102948129e-01
9.301872796118431097e-01
5.233422619463403702e-01
9.524717914258979956e-01
-1.850402823840391342e-01
5.685159251845093298e-01
7.241803384598943794e-01
3.324855040724952193e-01
7.067432930754167231e-01
2.028697346127694701e-02
6.050956201777535348e-01
-2.970647075639787360e-02
6.875466663080265217e-01
3.285481753248384873e-01
-4.250416308522697584e-02
-6.321007355812098272e-01
-2.960080495970773828e-01
-8.859390752831466376e-01
-6.389417777448829217e-01
1.840706179332878278e-01
7.192886785568870511e-01
4.859811245377829714e-01
8.206212579742202529e-01
-7.439533217649094698e-01
-6.033279559955411209e-01
-6.910954524428960521e-01
-3.540008752434600225e-01
-6.237447597115026721e-01
9.999617967718097411e-01
-7.617664297993276268e-01
-8.723315397121307324e-01
2.583067864814898584e-01
8.516236791113569460e-01
8.155219332087946249e-01
8.584574822413328921e-01
9.353073069112127769e-02
7.469829332249835474e-01
9.958358631341113210e-02
1.541699913266063593e-01
3.771208691688787695e-01
1.783351826735355417e-01
8.510664386453292707e-02
6.892063798055965140e-01
6.671702455114205677e-01
-3.833244838475851068e-01
-4.665750811048163804e-02
-4.990059653554055341e-01
9.753366534464997795e-01
8.105980091969438028e-01
-1.400411593374362162e-02
-7.587510826054435498e-01
5.841375885877631013e-01
-8.313665622010706358e-01
9.128923920249873980e-01
-6.830148789215626515e-01
7.832128841935082075e-01
-1.398155406592036520e-01
-9.551639850969588785e-01
-4.521044642019311777e-01
-6.241769856514505221e-01
5.656152122374848989e-01
7.887772275084046214e-01
1.456981353339414920e-01
1.993564950802255709e-01
-2.901819271622154695e-01
2.459107912269493657e-01
7.549925864494995142e-01
5.219559765751602409e-01
4.362528153431965983e-02
-7.639354913168705519e-01
8.330524458091941309e-01
1.614720713392270302e-01
4.788540475960603171e-01
-2.660274977758263493e-01
-1.041631965926435033e-01
3.450915839874080238e-01
-5.497857263709233777e-01
-3.446218309976389893e-01
7.867656291441775807e-01
-5.328077817293894736e-01
1.524685073531812929e-01
6.703429542553784870e-01
-8.655971280433127912e-01
3.854342251756572857e-01
7.128876148123053369e-02
-8.784868364679028208e-01
-4.042049614125686752e-02
5.591126463126678825e-01
-2.084347630554603814e-01
-3.031212183329050625e-01
9.809343694403052094e-01
-5.774307472092727878e-01
-1.458834021487716015e-01
-7.564439086906031839e-01
6.826454264437322728e-01
1.042179418556623549e-01
-5.234840066264763170e-01
8.892765949336824960e-01
-1.842294049247941157e-01
-5.132247806565908288e-01
-5.948782121480689078e-02
-2.510296908104818758e-01
-8.148344133483431673e-01
7.054696589545992325e-01
-7.791095428448584492e-01
-2.755580604308782711e-01
-2.803109198029019034e-01
-6.766035337238625047e-01
-4.309167292366475888e-01
7.282188461876559771e-01
-2.359730495476954903e-01
7.027762853785035624e-01
3.032004806179517953e-01
-3.948856542085072974e-01
-5.903121152549102302e-01
8.797831465821566166e-01
4.396911624364729931e-02
8.240683411681954951e-01
-4.404804871750735984e-01
-2.209915291730468745e-02
-7.481629658421309337e-01
-9.202146968202440380e-01
-1.064535867456410934e-01
7.075737598591524957e-02
4.105749276508303680e-01
-8.296162015694423797e-01
1.678823038747176977e-01
-9.736613855686111485e-01
-5.031354457648860024e-01
9.994331550065953529e-01
1.148604614777082311e-02
-9.548247736516901618e-02
5.364101341777509635e-01
5.947740846234861323e-02
1.867983929368151053e-01
-4.252400995043474907e-01
