-7.861624917882048535e-02
-9.069528832406570373e-02
-6.491681394538586503e-01
7.189348093777163662e-01
3.693098585987532045e-01
5.758139949117295764e-01
5.651897838797492746e-01
6.735318163347798759e-01
1.438052739460692564e+00
4.648187369244998202e-01
-9.453082623519843963e-01
-1.573674834012074975e+00
2.580640885921134942e-01
-5.750287546523804583e-01
2.222174290655554163e-01
-6.720883943143869388e-01
7.494745969196547897e-01
1.222401439856080074e-02
-9.990382372650958853e-01
5.265714922866882031e-01
3.075160007738373835e+00
5.618191163822370271e-01
2.186740034334904603e+00
8.139352788897027402e-01
-1.193942500555988273e+00
3.338350418275859433e-01
-7.366926325458633684e-02
-2.559569904063373480e-01
-3.273168632420730972e-01
6.487120677159654569e-01
7.408974399037195901e-01
8.222141742435733480e-01
4.153277356991158520e-02
2.900278051487463760e-01
1.665985897060626719e-01
-7.275087101850092886e-01
-4.522912154485587699e-01
7.865750814836061089e-01
1.852923784023432496e-01
-3.585835483137456148e-01
4.754322826584527206e-01
-1.162652727003212538e+00
-9.123392738944028357e-01
4.901587447415571841e-01
1.446918344990884009e-01
-8.464496532992917821e-01
-8.492863228282516719e-01
8.843840114036238820e-01
-6.274046122400678271e-02
3.706021126622278672e-01
7.826779002629353776e-01
8.488224542961542163e-02
2.538731391239081869e-01
-9.109015145887464637e-01
1.317985698977852671e-01
-4.914784377471284049e-01
4.894243428633537896e-02
4.671357924740648926e-01
3.603748569390863299e-01
4.610975002464479111e-02
6.735611573312296763e-01
6.105651873766977378e-01
-6.050721773809513149e-01
-4.725306900485393147e-01
-8.289275259579773625e-01
-7.170702678393701124e-01
-9.756230932067311290e-01
1.978553592392429117e-01
9.601983444634716314e-01
-2.385918633994217330e-01
4.752811975074910933e-02
-7.782111206273101267e-01
2.574247131531561816e-01
-5.546362803445286094e-01
-6.250242054986883122e-01
9.131552155495816780e-01
-8.629614010721662343e-01
6.702214502725076795e-01
-1.662494553610063264e-01
4.885364697292500225e-01
-4.983617014426358072e-01
-8.381378000391084271e-01
7.252469390914264569e-01
5.834869488480438626e-01
5.702872294684633303e-01
-5.207990431502578232e-01
-2.828552584854138185e-01
3.472466329221373105e-01
6.877064672320942762e-01
-8.191014959948759167e-01
9.912068420487862852e-04
-1.925669620818999395e-01
9.909585351564096367e-01
-7.787392502482899381e-01
2.008070835744375504e-01
-5.806216580834668850e-01
1.496779664298117929e-01
6.774859059408897544e-01
-5.812894818795144580e-01
-6.963257559270807917e-02
3.911691968916393147e-01
1.522713497481225087e-01
9.939898929287180884e-01
-4.076742921015983345e-01
-9.086534997905324484e-01
-9.901237392302819629e-01
4.414762961570848354e-01
-5.169916177948796765e-02
1.605021639098811459e-01
-9.389835096088261501e-01
1.737319479426064905e-01
5.778291241366064757e-01
5.824901924483394389e-01
7.666413239744613861e-01
-3.512982987077934993e-01
3.647878881084614111e-01
-2.649942643375755580e-01
-3.994403958814023436e-01
7.498062075859659448e-01
9.725235915942536113e-01
2.539150334650002172e-01
9.464965384898536005e-01
5.315459487440032937e-02
-2.347706874104844577e-01
7.860797812712094768e-01
-6.052960812867085316e-01
-9.681376306970197465e-01
8.189226458068008530e-01
8.608915368239604682e-01
6.517383071408402451e-01
-3.710248772432909181e-01
-4.739247416312071248e-01
-1.222477009444555840e-02
-9.889002412037339873e-01
9.399117757160835307e-01
-9.979614073365032922e-01
5.036006578885694474e-01
7.446963017412513430e-01
-7.204243962973344573e-02
5.920533391827722536e-01
-2.212164371000351348e-01
7.401582856177233438e-01
1.965004512329773245e-01
3.095159389470258926e-01
-3.787353419090404572e-01
6.901992471701958731e-01
-4.964160166569835386e-01
-7.768595552344108590e-01
2.873182358494825728e-01
-4.320883193244253739e-01
-2.426880684207555205e-01
-6.630044724667127909e-01
1.771252819865518635e-01
5.674374845114809052e-01
1.008072371397463751e-01
2.300938275563346735e-02
-6.390918538353029810e-02
8.409715044837007270e-02
4.372863388179379918e-01
-6.456512313647537749e-01
-4.865665258812257310e-01
6.003203868171660407e-01
9.472314377660253637e-01
-6.598589952093343314e-01
-2.326062939524775608e-01
-2.430626454641313661e-01
1.469201406967282075e-01
-5.183815470186767804e-01
9.307555033314827142e-01
-6.683737714176680722e-01
4.970294274684929903e-01
-3.121635968445388709e-01
-8.668659362685064984e-01
-5.091134318380059476e-01
6.555747178020316923e-01
9.617296092050373613e-01
-1.922351088202070013e-01
-8.688895881110114683e-01
-3.998595273125027383e-02
-1.592745348185489407e+00
-1.298710430569647301e-01
-2.168764982586955270e+00
7.943988275472890770e-02
4.435777021755582528e-01
1.862423801354009978e+00
1.745328707034532467e-01
-2.046069437172568506e+00
-9.771810732511343467e-01
-1.741643538685455628e-01
-1.999700508188337889e-01
-5.412543515068530819e-01
-7.442965154723424348e-03
-1.308288111799134290e+00
4.768932592664014702e-01
-3.704507341203702175e-01
-3.779729280960533178e-01
1.944224206755982287e-01
-5.575207187465278658e-01
-8.468323175909253653e-01
-5.531828518442056808e-01
5.689611032232260168e-01
-1.253828768705914420e+00
-7.017671868284156567e-01
-9.867119507446244775e-01
7.522114631925331807e-01
4.717015117233878119e-01
-8.592915527324411773e-01
5.430161644673769938e-01
6.190382460247132457e-01
-8.605603354594921761e-01
-1.324826759315221425e+00
1.420955834837860365e-01
-2.049660715772188002e-01
-6.577366941530722322e-01
-4.100813928071758152e-01
-5.953718145572732823e-01
2.113550492189486540e-01
-8.861892102747426225e-01
2.334139496206441233e+00
2.665882438531366194e-01
-9.849284312830854926e-01
6.680113426895006867e-03
-2.471608423327742443e-01
-8.455413768512494155e-01
-4.772129735551409180e-01
9.588185558090975835e-01
-4.555266551495948946e-01
-6.045685484596055037e-01
3.855826126461114889e-02
4.321258979358291175e-01
-8.576193850567979116e-01
8.281850080785927437e-01
2.965281262410559560e-01
-8.910130910008222660e-01
9.576263929771731132e-01
8.254971861486934959e-01
-7.363303013276154552e-01
-2.037495533593767227e-01
7.996764117467949351e-01
6.419648439873268941e-01
-4.060959691381846870e-01
7.878401089272308866e-01
-9.685432646283858027e-01
-2.028158478066726111e-01
8.122853771441729265e-01
2.270808225469644892e-01
-2.105090804876235122e+00
-6.536565586807323580e-01
3.534987829584736452e-01
-7.941070273266914725e-01
-8.475716103078203556e-01
5.308869991340370298e-01
1.171447540437520196e-01
8.181129741540571487e-01
1.728248118495413488e-01
6.624695252640533383e-02
-7.179499817700141229e-02
5.954356056510521356e-01
8.265980698561767870e-01
3.527589361419993796e-01
-8.404688860890365820e-01
3.730789394250233482e-01
-7.596002309929061891e-01
4.207407670540255218e-01
-2.901083491757374677e-01
