8.055083925363838437e-01
8.464996247502614146e-01
-4.019890427516055742e-01
4.186087825232844284e-01
2.115984955507951293e-01
3.037151379415226060e-01
-2.263103876881968346e-01
-7.895117945236824752e-01
2.527004547471841667e-01
4.355334800659041994e-01
-8.483724740266170850e-01
-4.132653454160205575e-01
-9.037300812214266177e-01
8.385473030774057701e-01
7.118662275328113687e-01
-2.175890099477131301e-01
7.170942541532257519e-02
-7.762546673217942672e-01
-5.514066140204819388e-02
5.763511741236508890e-01
1.139767657917014065e-01
-8.926884970324229229e-01
-1.665085805519546380e-01
7.871755738683325898e-01
6.650117468212787264e-01
8.731246177002016662e-01
2.056182711945497496e-02
4.980094166164672487e-02
-1.095505479241145122e-02
2.214653801360021435e-01
-2.349732994330042679e-01
2.565310911377330361e-01
2.912745412303427983e-01
6.883008771618762678e-01
5.435491688588843795e-01
-4.850657465713600347e-01
1.442341100932193962e-02
-4.195654345426131915e-01
-5.677216825798622191e-01
-7.272826569014538833e-01
-3.438647759656682790e-01
4.930307774392590492e-01
-7.971220826828639971e-02
9.312063071399588887e-01
9.137313014297414604e-01
-5.356536084562986133e-01
-6.777284806228018876e-01
7.655758044786670213e-02
3.081991714649025549e-01
-7.065300763972497400e-01
-5.396117473941252074e-01
4.119027400646895209e-01
-6.234862367984583820e-01
7.217117810703344016e-01
4.274783838979446804e-01
-6.936045247761175592e-01
3.724873922701935069e-01
9.893119740485571967e-01
-4.217383164372649484e-01
1.269187798057218319e-01
-4.438183325120982348e-01
8.417177484875835169e-01
4.411959662174357866e-01
-7.738033475503117709e-01
-4.821770792120149141e-01
1.749589796388809348e-01
3.039725731653439844e-01
-6.967481544659431814e-01
-2.672549838126666022e-01
8.093592542566172554e-01
-4.984109327639160703e-01
-2.799048518159705790e-01
-7.960841254835532288e-01
5.770722796541949418e-01
-9.626513470425843710e-01
-2.596398107995906424e-01
6.226024527192647318e-01
4.243597402261918283e-01
-3.972755641508777247e-01
-2.374630659766496787e-02
2.570126262559616626e-01
-3.027275262119699661e-01
6.249730530220274360e-01
-1.997055966081753842e-01
-9.993491237308467223e-01
-7.996105876686359082e-01
1.604530108715035083e-02
9.833475055458238412e-01
4.162187144048309362e-01
-6.187480937850865503e-01
-6.417887263849226809e-01
-9.799503964513095466e-02
7.008221148321551741e-01
-1.616795055769738865e-01
5.992635488774736841e-01
5.742254780086216703e-01
8.504722507669356668e-01
-1.459881676838059861e-01
2.727452522164700577e-01
1.221951335610589329e-01
-7.971248794269319982e-01
7.730729283468824597e-01
1.546809874656080164e-01
1.876272208335399150e-01
-5.744599194052063540e-01
-6.801978576668343823e-01
3.161324696189315442e-01
-9.803162971376666590e-01
4.005889580185290066e-01
-2.144896112273374511e-01
-4.873786194219820178e-02
2.399396961642326076e-01
-9.622841711824542399e-01
6.587855122215051651e-01
-8.720571619718868739e-01
-6.626087667302442696e-01
4.474761854457975363e-01
3.066452845535974081e-01
-6.633312015269241524e-01
8.311446939115408883e-01
1.027924339976594992e-01
-5.373357734468062752e-01
8.458506859480381390e-01
1.721708785687100229e-01
-9.976159753335386293e-01
1.489806385497189356e-01
1.847653019724608547e-01
-5.832041661021303280e-01
-2.453942987347113580e-01
-8.643684632368402454e-01
3.894436481371967296e-01
-3.265822526813931259e-01
6.605249358787740332e-01
6.443929316063580215e-01
-1.529323015811944186e-01
-2.668242070966536650e-01
-5.293026408397740745e-01
1.069646053631798793e-01
-8.673786017088581657e-01
-5.803104244871810646e-01
4.773688319324160823e-01
-4.723721836052475198e-01
-3.510106826287860415e-01
3.552519321291762733e-01
-3.615681219861667794e-01
-4.671202737690555162e-01
3.838957023754978604e-01
2.995531145802408091e-01
1.295949171359816465e-01
2.095839196250209868e-02
-4.019354523975725013e-01
3.031884676808130896e-01
9.187170949365466299e-01
-6.566065531833880087e-01
4.922520086436843467e-03
1.805191098312585174e-01
1.107245440038217010e-01
6.391147311184439128e-02
3.285457878921556607e-01
4.582344943335628917e-01
-1.571168074178719287e-01
-3.183913793893095034e-02
-6.013897469707790711e-01
-1.261450142648166961e-01
8.473682557553037231e-01
2.758063729278427134e-01
-1.294058958594933861e-01
3.575407345002036275e-01
3.916979295466485600e-01
2.790160437116941949e-01
-2.113694007597948787e-01
3.296500580793123580e-01
1.522419962598031695e-01
5.083246933545291224e-01
-5.024232768463871013e-02
-8.432917928208565339e-01
-2.940062393580155087e-01
6.599423967536290903e-01
-9.689168169944435416e-01
-2.209681337598312367e-01
-7.028596960328712395e-01
9.768803769720539876e-01
-5.662878252395345813e-01
7.007667314160148653e-01
-5.809055445035648385e-02
2.856551620564495853e-02
4.898012885601405603e-02
9.403623252651055475e-02
-1.978383103137082433e-01
-2.626200923543450250e-01
9.687139343952230197e-01
-7.106210219684628848e-01
8.788258097482128939e-01
-1.159028814115273254e-01
-6.730951728694246627e-01
-2.426833128320205202e-01
-4.613751541192931960e-01
1.664352211912161206e-01
-8.228417852991459780e-01
5.076603442434257651e-01
-7.387041922497008528e-01
4.745445843717052137e-01
-1.969026537890870565e-01
-4.507591374372262316e-01
5.067534923016342452e-02
8.775595453434179571e-01
1.730748918032813943e-01
-3.510138691916324660e-01
-7.261675513095446899e-01
-2.637269463653803547e-01
-9.784272623259140933e-02
-3.175123194019519035e-02
-1.055401594043681168e-02
2.039337308241270796e-01
-3.124765434952759824e-01
2.127861639313920472e-01
8.722739196212467294e-02
5.735378952305371092e-01
6.614579016986412707e-01
1.385522264228336020e-01
-7.724763810299373201e-02
-8.300828713979155338e-02
2.765972837767974313e-01
4.383062396636719371e-01
3.884992353173465918e-01
-8.065878226506244530e-01
-9.295704987341767422e-01
8.779330436299600526e-01
5.045594785009555744e-02
7.091355862378826425e-01
-2.641425374919519342e-01
3.113624683925065861e-01
7.644491011386298496e-01
-5.466002914001452662e-02
-2.096007411875250304e-01
-4.347409252209216701e-01
-7.215731087748762373e-01
9.067515624069126812e-01
5.241098920201191502e-01
-7.032450359135822282e-02
-7.098735594812577432e-01
-1.051562173393465194e-01
1.317871855613863274e-01
-4.762563086517128674e-01
-5.390309718615465817e-01
-3.393458476041205651e-01
1.492038936909362845e-01
2.574537736231229390e-01
-9.235889195304668453e-01
2.638730016422807245e-01
-3.457604448033088640e-01
9.426128722283324546e-01
5.247380042268230405e-01
7.099245196897585597e-01
-7.919632539028014229e-01
7.057955856462310162e-01
5.445608381289110955e-01
-3.264200920715863985e-01
7.578911885598815790e-01
4.864039690587427245e-01
-4.452579603216799131e-01
-6.584164596323482943e-01
4.752935228735406525e-01
8.630538723159063563e-01
-2.063834090382660191e-02
