7.686807138960352059e-01
8.464996247502614146e-01
-7.701052193427976311e-01
6.546867153338814527e-01
1.090049051850074113e-01
3.037151379415226060e-01
-2.263103876881968346e-01
-8.072240545192040928e-01
2.527004547471841667e-01
4.908297639398233603e-01
-8.483724740266170850e-01
-4.178653346447123162e-01
-9.037300812214266177e-01
3.269301605467277438e-01
7.387363833857502060e-02
-2.175890099477131301e-01
8.931548540107209222e-02
-7.833656802094354221e-01
-5.514066140204819388e-02
4.641520872058841340e-01
8.888288292045372352e-02
-8.926884970324229229e-01
-1.271005351899873459e-01
7.871755738683325898e-01
6.650117468212787264e-01
9.519933020937052515e-01
1.336573377434879806e-01
4.980094166164672487e-02
-1.172089684600540783e-02
5.027851393660954793e-01
-2.364305938542410057e-01
2.565310911377330361e-01
2.912745412303427983e-01
3.977959422993347927e-01
5.435491688588843795e-01
-3.272716177633214207e-01
1.476265329827677192e-02
-4.195654345426131915e-01
-5.677216825798622191e-01
-7.272826569014538833e-01
-3.438647759656682790e-01
4.930307774392590492e-01
-7.971220826828639971e-02
9.312063071399588887e-01
9.137313014297414604e-01
-5.356536084562986133e-01
-6.777284806228018876e-01
7.655758044786670213e-02
3.499441829540812510e-01
-7.065300763972497400e-01
-5.429210387750471600e-01
4.119027400646895209e-01
-6.072929152363749639e-01
7.217117810703344016e-01
4.274783838979446804e-01
-7.959149888637629955e-01
3.724873922701935069e-01
9.893119740485571967e-01
-4.217383164372649484e-01
1.269187798057218319e-01
-4.438183325120982348e-01
-1.812019719064580370e-01
4.411959662174357866e-01
-7.570758282504432835e-01
-5.360983661679867840e-01
1.749589796388809348e-01
3.039725731653439844e-01
-6.709807021076558131e-01
-2.724776978060072796e-01
9.243062415049250191e-01
-5.182965830109784733e-01
-2.799048518159705790e-01
-6.606426101918230209e-01
5.770722796541949418e-01
-9.644697562527276835e-01
-2.596398107995906424e-01
-2.081872276903040109e-01
4.887864900576553984e-01
-3.972755641508777247e-01
-2.374630659766496787e-02
2.570126262559616626e-01
-2.918315509184795653e-01
6.249730530220274360e-01
-2.086595943095702621e-01
-9.414211855310774535e-01
-7.714723117503183847e-01
1.604530108715035083e-02
9.833475055458238412e-01
-1.597851863461455246e-02
-6.187480937850865503e-01
-6.417887263849226809e-01
-1.353615487886092872e-01
7.008221148321551741e-01
-3.049037809788898712e-02
5.996759833033424858e-01
9.973933191344055427e-01
8.577935783319534657e-01
-1.438319426892466502e-01
2.727452522164700577e-01
1.222219542976833440e-01
-7.025850781653195654e-01
7.730729283468824597e-01
1.762500029456437745e-01
1.876272208335399150e-01
-5.747783591875174070e-01
-6.801978576668343823e-01
2.075619615894872538e-01
-9.733690111958479552e-01
5.157909032483876111e-01
6.729904440061020843e-01
-1.688049112490933590e-01
2.399396961642326076e-01
2.342523182353500877e-01
7.370830578780640518e-01
-8.720571619718868739e-01
-6.626087667302442696e-01
4.474761854457975363e-01
3.066452845535974081e-01
-8.406985331887907309e-01
8.326722775392023657e-01
1.027039419249960589e-01
-5.665313237641484978e-01
8.458506859480381390e-01
1.721347762552880578e-01
-9.976159753335386293e-01
3.887259382320058521e-01
1.847653019724608547e-01
7.720345900934022509e-01
-2.453942987347113580e-01
-8.666548290426504542e-01
3.615080061928460098e-01
-2.756067737022395159e-01
6.543134435486794853e-01
5.659278798850693182e-01
-3.012901243706889165e-01
6.589040806775616765e-01
-5.293026408397740745e-01
1.300417833617303065e-01
-8.662721728601444626e-01
-5.803104244871810646e-01
4.773688319324160823e-01
-4.723721836052475198e-01
-3.568210124220744239e-01
3.552519321291762733e-01
-3.579857375774251338e-01
-4.795955933569989726e-01
3.838957023754978604e-01
2.995531145802408091e-01
1.296350719235233040e-01
2.095839196250209868e-02
-4.019354523975725013e-01
3.022670585834316137e-01
9.187170949365466299e-01
-6.566065531833880087e-01
2.679034792906009876e-01
1.805191098312585174e-01
1.107245440038217010e-01
5.907848738447901010e-02
2.750334186231776501e-01
4.289814702292084059e-01
-1.571266668592833371e-01
2.654879088057959247e-01
-6.013897469707790711e-01
-1.261450142648166961e-01
8.473682557553037231e-01
-7.924791762392962013e-01
-8.761037590708657674e-02
3.575407345002036275e-01
3.270077078310490437e-01
2.790160437116941949e-01
-2.662470017499040109e-01
8.045715957464331103e-01
2.316166502481371015e-01
5.083246933545291224e-01
-1.504521029905195872e-01
-8.601721928245606996e-01
-5.509137957780291250e-01
9.806942283695962992e-01
-8.403277112761381451e-01
-2.209681337598312367e-01
-7.028596960328712395e-01
2.754111499643485672e-01
-5.662878252395345813e-01
7.007667314160148653e-01
-5.809055445035648385e-02
2.856551620564495853e-02
4.898012885601405603e-02
9.960611450589731963e-02
-1.978383103137082433e-01
2.886164035448598453e-01
9.687139343952230197e-01
-7.106210219684628848e-01
8.788258097482128939e-01
-1.159028814115273254e-01
-6.816451964515223283e-01
-1.722176418709300827e-01
-4.613751541192931960e-01
1.210277591486037807e-01
-7.940866906728761832e-01
1.126157422354927273e-01
-7.387041922497008528e-01
4.896940528367073608e-01
-1.969026537890870565e-01
-4.160632923920524195e-01
1.488844839113051544e-02
8.775595453434179571e-01
1.697094942148375529e-01
-3.510138691916324660e-01
-7.261675513095446899e-01
-3.010818832238851273e-01
-5.228964993079747714e-01
-3.175123194019519035e-02
2.126657298629919951e-02
2.039337308241270796e-01
-3.124777253501629382e-01
2.384851052712697594e-01
8.722739196212467294e-02
8.896886854091500263e-01
6.614579016986412707e-01
1.385522264228336020e-01
-7.724763810299373201e-02
-8.411777475193601972e-02
2.765972837767974313e-01
5.103818128268615695e-01
3.884992353173465918e-01
-8.065878226506244530e-01
-9.344573741049991833e-01
9.528601628928821121e-01
5.045594785009555744e-02
8.997403561557448803e-01
-2.641425374919519342e-01
3.819546844636291238e-01
7.644491011386298496e-01
-5.466002914001452662e-02
-1.407640484576841156e-01
-3.897494702199600369e-01
-6.356411862351957209e-01
8.894268385271890676e-01
5.241098920201191502e-01
-9.378892769961619802e-01
-7.033960385896547152e-01
-1.051562173393465194e-01
1.317871855613863274e-01
-4.762563086517128674e-01
-5.109455709316488292e-01
-3.393458476041205651e-01
1.492038936909362845e-01
2.578314752446445590e-01
-9.235889195304668453e-01
8.608915850989726226e-02
-7.323238435947132530e-01
9.425037716769598672e-01
4.391090289208372521e-01
8.398147195904338558e-01
-7.808564670706051869e-01
-7.577682050278332637e-01
5.445608381289110955e-01
-9.017906073234648323e-01
7.675655471452265122e-01
4.863619704384510301e-01
-4.452579603216799131e-01
-6.614643955128806097e-01
6.690448012994394400e-01
9.136210848724590772e-01
5.541746171255428344e-01
