6.537242307218362747e-01
5.022714488939801214e-01
8.075722013537519617e-01
-5.355314415995443555e-02
-2.861886163892970458e-01
1.312655541541312143e-01
4.183021210457038563e-02
-8.173542089077108219e-01
-6.771221909795832605e-01
2.188855236788789238e-01
2.188908863411220262e-01
-8.935243514233515150e-02
9.076674338051284874e-01
-8.187704362851186968e-01
8.379337326017088916e-01
1.713871401003972395e-01
-8.892061292994862809e-02
9.333774609104139586e-01
7.247718675773057173e-01
9.621464201234841696e-01
-5.910399092974314428e-01
-5.273338824521103252e-01
4.634093947861972485e-01
-5.525402622445449441e-02
5.077203697913292846e-01
-3.755683720905188538e-01
-6.686785560321433231e-01
3.343253530571923537e-01
-2.986283818814822189e-01
1.605969369151239445e-01
4.029695830252856270e-01
-8.902313097674964260e-01
-3.718669761539203367e-01
-6.890466894972652190e-01
7.435132507021715575e-01
-6.308161317479460406e-01
5.415936571081707562e-01
-3.873201312930427687e-01
-6.322929501914402450e-02
1.651428388142905657e-01
6.868585076749098572e-01
-2.815595714906018454e-01
6.855388575915807303e-01
-2.362104597782725413e-01
3.018280015613895584e-01
-9.758108476468835280e-01
-2.894980324387079751e-01
7.934725818991437141e-01
9.001019460306168840e-01
5.090007895001978921e-01
-4.859712781492083744e-01
-3.868314514406525628e-01
-6.390685540557952127e-01
6.266709742346427969e-01
-6.519230608793988857e-01
3.061006366304996895e-01
-4.280089237561895965e-01
6.708809191230600266e-01
5.722417081566326669e-01
-2.006004273951102479e-01
5.764343849518966945e-01
2.937100154636829163e-01
-7.486464290339873706e-01
-3.637079935834665601e-01
-2.568613897553948533e-01
5.978793460501628798e-02
-2.013726919271683347e-01
9.357526938406033334e-01
-8.839767874415587201e-01
8.799940702289066330e-01
-9.303147845327698340e-01
6.850522907393149508e-01
3.512507696688007552e-01
9.593683368369558817e-01
-1.765201235226014354e-01
3.561757078925559261e-01
2.954711956023846064e-01
-3.983076455520143666e-01
6.448348656691793579e-02
6.916983767758343449e-01
-5.524526063618357963e-01
-1.197488754624360663e-01
-6.458030958878350214e-01
-5.611249673544957961e-01
-6.466304679131504862e-01
-7.805408891685176043e-01
-6.439556556455248160e-01
-8.889355642052809703e-01
5.689121045916225583e-01
-3.458571196477322474e-01
3.519952534605504946e-01
-2.955311516050239118e-01
9.050626101641205956e-01
-6.691740021109648939e-01
-6.504517150025213024e-01
-3.573642767180058022e-01
-5.658820819712740979e-01
9.487285107862198918e-01
-2.909824058791457557e-01
5.426328608987789348e-01
3.661603057097484459e-01
-3.139668179288190863e-01
-3.444160550778074814e-01
9.433353775617185910e-01
-7.053855450344104216e-01
8.861073723110171607e-02
-9.205475183737852340e-01
-5.682475258972123910e-01
-4.363298205669652319e-02
-2.079361669541339719e-01
1.983041644611751309e-01
-6.783181830746456420e-01
8.600676267350457760e-01
6.141388113498704726e-01
4.520286453737601962e-01
5.035473609357190572e-01
-8.974575284302245270e-01
4.207252452629872685e-02
-1.109546995577601614e-01
-4.429936369301578081e-01
3.186984140457999048e-01
-9.287524711591104154e-01
-2.011065446799862322e-01
-4.676339848221343354e-02
-7.465402436766075400e-01
-3.954876785857084909e-01
-7.417975255269844137e-01
-9.375170248712407783e-01
-5.870559462034988796e-01
-9.395934250038929791e-01
3.806371622248170272e-01
7.133020824269398208e-01
-7.769642772153853016e-01
-7.080248288991182193e-01
9.511669869838903502e-01
-2.852858668264625086e-01
-1.542969932216369244e-01
6.424548676653896173e-02
9.615139545200388493e-01
-5.588455275130697064e-01
-9.776350186329201275e-01
-3.006608973687301400e-01
-7.644670544509335475e-01
7.622984173131786001e-01
-7.068404753033888932e-01
-3.762046872980051582e-01
-4.693830236862629457e-01
2.325373741889700807e-01
1.566103348633352266e-01
-6.022246444715038116e-01
9.098276376515485042e-01
2.313848999515734084e-01
1.700292360486523879e-01
5.291342861502225103e-01
-9.814912934821611312e-01
2.988534563006289835e-02
9.485766868735668877e-01
-4.932782408020958687e-01
3.190584028701946573e-01
-7.156271684381155795e-01
5.190702995615488202e-01
-5.119329407376332908e-01
5.397715697353633324e-02
-1.520221361638729729e-01
-2.931975470262947470e-01
4.193855669370039063e-01
-9.999485763719577758e-01
-5.962819204042163479e-01
-3.080304940323493890e-01
-3.441826737755064869e-01
7.998150903583957083e-01
6.594892237456860817e-01
3.683310734747853310e-01
-7.010938903679306833e-01
-1.059973923139654745e-01
4.707639305051980472e-02
6.783675735135163976e-01
1.641746835535253524e-01
-6.445060749347424345e-01
6.289027586512028201e-01
-1.700639876359135716e-01
-7.566294240555078154e-01
-6.811406953372310946e-01
-6.259323055627586951e-01
-7.484615490823105510e-01
-2.826542038418635161e-01
6.512246458245554148e-01
8.256749109105219198e-01
-7.922852367703743237e-01
-8.006060754981512151e-01
-1.125335415054194155e-01
8.155383666253746000e-02
1.293932476259069819e-01
6.565375569920522958e-01
1.700193793061274272e-01
6.701482325026653086e-04
-8.986933534965844128e-01
1.404894676713164259e-02
4.882257494571363154e-01
4.946012113926749887e-01
-9.839034949675228292e-01
-8.048350373353918563e-01
-4.110550887408919163e-01
9.372206861019847235e-01
3.747183846876988578e-01
4.762892260744697737e-01
7.438002315093497074e-01
6.482284717284302333e-01
9.237808461328016474e-01
-8.463146701644008729e-02
-5.174267624659056874e-01
-8.840371680779806063e-01
-1.551633724243121626e-01
-2.107716821351293124e-01
9.621672769807980696e-01
-8.905771234391952618e-01
1.452664693838736643e-01
9.800380662206416016e-01
5.561314491375015656e-01
4.977286671666407702e-01
4.273498824553132458e-01
-6.618007022090602320e-02
-8.409594375974460689e-02
8.950909484516690329e-01
7.100143557306854980e-01
-7.224133460543628038e-01
5.423168200520048776e-01
6.900690677746086354e-01
7.396132482190147517e-01
9.750334640115010387e-02
8.096282726355155113e-01
-9.251698887146062589e-01
-4.149420034758823927e-01
3.648310780062938297e-01
4.612336433471045938e-01
-8.409721300522502441e-01
1.432334194554320816e-01
4.253912381067264104e-01
-1.530026417646534742e-01
-2.381601564593356368e-01
-2.812132086057039793e-02
-7.570650942454884014e-01
4.882861984182749748e-01
-4.690434135741243793e-01
-5.080247336291843219e-01
-9.777064131402530833e-01
-7.328467415657866635e-01
-9.463396984400449519e-01
-9.645100081885142895e-01
3.588824490075387952e-01
6.334580136246603654e-01
-3.449329628709641993e-01
-7.589062674751400062e-01
2.634140034424885535e-01
-2.969774723404476902e-01
-5.912878964062613374e-01
-1.788247252903354401e-01
-8.376115792919320846e-01
3.569923926446556539e-01
3.555340658657391018e-01
-3.622004214901843877e-01
4.826492873766051739e-01
1.536841075981653648e-01
6.095374017333250460e-01
6.441489972159020194e-01
