8.066283865274316289e-01
8.464996247502614146e-01
3.586083265688425614e-01
1.133254092609180808e-01
-3.417766102733852951e-01
3.037151379415226060e-01
-2.263103876881968346e-01
-7.887461970528646393e-01
2.527004547471841667e-01
4.350141166679963867e-01
-8.483563879168751765e-01
-4.124389770957322954e-01
-9.037300812214266177e-01
4.523565464141929282e-01
-1.200708363567912773e-01
-2.175890099477131301e-01
4.629751039031397841e-01
-3.780386815653927757e-01
-5.484399188745980869e-02
5.573914478957148200e-01
1.104128468309514971e-01
-8.926884970324229229e-01
-1.721763654707963442e-01
7.871755738683325898e-01
6.689036441402140820e-01
8.509394553590068355e-01
1.859565902135197624e-02
4.980094166164672487e-02
-1.301520357949242403e-02
2.999625362748969959e-02
-2.602508943456521284e-01
2.565310911377330361e-01
2.912745412303427983e-01
4.134022166840990997e-01
5.435491688588843795e-01
4.928724879759712740e-01
1.425490753689709865e-02
-4.195654345426131915e-01
-5.677216825798622191e-01
-7.272826569014538833e-01
-3.438647759656682790e-01
5.023632077655109107e-01
-7.971220826828639971e-02
9.312063071399588887e-01
9.137313014297414604e-01
-5.356536084562986133e-01
-6.777284806228018876e-01
7.655758044786670213e-02
3.127157442340153248e-01
-7.065300763972497400e-01
-8.414984335904661661e-01
4.119027400646895209e-01
-5.274104566036594832e-01
7.217117810703344016e-01
4.274783838979446804e-01
-5.166125059336819092e-01
3.724873922701935069e-01
9.893119740485571967e-01
-4.217383164372649484e-01
1.269187798057218319e-01
-4.438183325120982348e-01
8.310482918415228459e-01
4.598081669578800157e-01
-7.703870471297623590e-01
-9.983055772543363293e-01
1.749589796388809348e-01
3.039725731653439844e-01
-5.016502804470447385e-01
-2.857116294595704042e-01
7.481152493562587269e-01
-4.984198834564675940e-01
-2.799048518159705790e-01
-7.545182517575441672e-01
5.770722796541949418e-01
-9.615627882407618010e-01
-2.596398107995906424e-01
5.958091612328060283e-01
-5.941477829911987474e-01
-3.958839882569152868e-01
-2.374630659766496787e-02
2.523881682033126128e-01
-3.015166272026471583e-01
6.249730530220274360e-01
-1.991019281751766346e-01
7.451986485062820353e-01
-8.755273782470457400e-01
1.604530108715035083e-02
9.833475055458238412e-01
5.555723097192342141e-01
-6.187048470823144353e-01
-6.417794408071263446e-01
-1.046926006241805512e-01
7.008221148321551741e-01
-1.415915120951314887e-01
5.996810502183719249e-01
5.749963420197019559e-01
7.740102145750393792e-01
-1.668287951812825187e-01
2.727452522164700577e-01
2.128556967768098218e-01
-4.298388134528868809e-01
7.730729283468824597e-01
1.808856540885692143e-01
4.636417374090812671e-01
-5.971391434616719618e-01
-6.801978576668343823e-01
-1.438773895560298277e-02
-9.833567793580547667e-01
4.677655623963339893e-01
4.688022699596623433e-01
5.459384295147473587e-01
-9.743889686626611146e-02
-7.476305920083508028e-01
6.161822654054757153e-01
-8.147941825422390094e-01
-6.626087667302442696e-01
4.474761854457975363e-01
3.066452845535974081e-01
-6.590096664813586136e-01
6.325922864917975508e-01
2.414298078497282840e-01
-4.640164725340738539e-01
8.458506859480381390e-01
1.723831219897974110e-01
-9.976159753335386293e-01
2.396708410092049379e-01
1.847653019724608547e-01
2.366338437994792154e-01
-2.453942987347113580e-01
-5.549471610330929394e-01
3.470035043171481037e-01
-3.365698682257881047e-01
6.705205875121124093e-01
5.785716157620965916e-01
1.054900988552790464e-01
-2.587471137226010631e-01
-5.293026408397740745e-01
1.509059417466304398e-01
-8.679147504245962041e-01
-5.803104244871810646e-01
4.773688319324160823e-01
-4.723721836052475198e-01
-3.505371131707747390e-01
3.552519321291762733e-01
-3.731755751965534218e-01
-5.224548015192371775e-01
3.838957023754978604e-01
2.995531145802408091e-01
1.545844265819433794e-01
2.095839196250209868e-02
-4.209242287614743949e-01
3.523523298904365775e-01
9.244782450128752327e-01
-6.566065531833880087e-01
-8.445377191856923149e-01
1.828044919192147733e-01
1.107245440038217010e-01
5.418915356730796135e-02
-1.436944872263481721e-01
3.643836041771489342e-01
-1.667048246407950296e-01
5.238751520169777631e-01
-6.013897469707790711e-01
-1.261450142648166961e-01
8.473689152742002184e-01
-6.920604992459835625e-01
-2.848464515672590180e-01
3.575407345002036275e-01
-8.640452149496716250e-02
2.787854760881942617e-01
-3.008878766106945490e-01
3.706334833115647598e-01
1.715467519307136701e-01
5.083246933545291224e-01
-5.024232768463871013e-02
-8.585589714874515277e-01
-2.022204496960933184e-01
8.949747299753778584e-01
-9.127184023352800102e-01
-2.094245975942273241e-01
-7.028596960328712395e-01
2.754111499643485672e-01
-5.662878252395345813e-01
7.007667314160148653e-01
-5.809055445035648385e-02
2.856551620564495853e-02
4.898012885601405603e-02
1.535929725731517981e-01
-1.978383103137082433e-01
-7.174700903006325792e-01
9.687139343952230197e-01
-6.697746222074908440e-01
8.788258097482128939e-01
-1.159028814115273254e-01
-6.807052380446774187e-01
-1.723587543497026586e-01
-4.613751541192931960e-01
-3.336074214052771048e-01
-8.244777343547581294e-01
7.960894628915206050e-01
-7.387041922497008528e-01
4.740126305247589489e-01
-1.969026537890870565e-01
8.664548948011162599e-01
-2.991879585583192558e-01
8.775595453434179571e-01
1.804641167809401814e-01
-3.510138691916324660e-01
-7.261675513095446899e-01
-1.224555152521539514e-01
-5.281142093787378755e-01
-3.175123194019519035e-02
-8.267299765878206586e-01
1.504317612143031835e-01
-3.124404975971850074e-01
2.206560498942521376e-01
8.722739196212467294e-02
7.114512504773772283e-01
6.614579016986412707e-01
-8.074741447126057015e-01
-7.724763810299373201e-02
-8.528112620025098123e-02
2.765972837767974313e-01
4.802801702144011697e-01
3.884992353173465918e-01
-8.065878226506244530e-01
-8.039000072992563695e-01
2.873817222742868216e-01
5.045594785009555744e-02
9.136380600606536229e-01
-2.641425374919519342e-01
-5.267540475672496392e-01
7.764928069652734521e-01
-5.466002914001452662e-02
-1.732071762724248787e-01
-4.424024710284880091e-01
-5.726179573654606170e-01
9.228751770068934768e-01
5.241098920201191502e-01
-8.589989716677891574e-01
-7.351642338683338496e-01
-1.051562173393465194e-01
9.460364491031464373e-02
-4.762563086517128674e-01
-5.241233738687990362e-01
-3.393458476041205651e-01
1.492842281930830683e-01
2.532561138088140762e-01
-9.235889195304668453e-01
2.462193714652070320e-01
5.905294638568148180e-03
9.424368042118088651e-01
6.162106409586279865e-01
4.958802540931618319e-01
-8.300009366295797442e-01
4.097798764381687109e-01
5.475538348729502847e-01
8.647885749501533770e-01
9.215000192151384661e-01
4.863582138636599050e-01
-4.452579603216799131e-01
-6.588975563527911250e-01
4.090405557556127669e-01
8.757767310584694265e-01
2.572375367396879664e-01
