-7.303278108634984056e-01
8.464996247502614146e-01
-2.013320800724071047e-01
4.556347676234233646e-01
2.115984955507951293e-01
3.037151379415226060e-01
-7.402206617231776864e-02
-7.895117945236824752e-01
2.527004547471841667e-01
4.375456490296565359e-01
-8.483724740266170850e-01
-5.637222601374294317e-01
-9.275909033374528656e-01
8.385473030774057701e-01
7.118662275328113687e-01
-2.175890099477131301e-01
7.170942541532257519e-02
-7.762546673217942672e-01
-5.514066140204819388e-02
5.758150065180911437e-01
1.122395947661967569e-01
-8.926884970324229229e-01
-1.665085805519546380e-01
8.284275896675620254e-01
6.650117468212787264e-01
9.503972292498876762e-01
2.056638434204816068e-02
-3.962168136572612465e-01
-1.051242146526282922e-02
2.214653801360021435e-01
-2.349732994330042679e-01
2.565310911377330361e-01
2.912745412303427983e-01
6.883008771618762678e-01
5.435491688588843795e-01
-4.850657465713600347e-01
1.442341100932193962e-02
-4.195654345426131915e-01
-5.677216825798622191e-01
-7.272826569014538833e-01
-3.438647759656682790e-01
4.930307774392590492e-01
-7.971220826828639971e-02
9.312063071399588887e-01
8.076541472105392971e-01
-5.356536084562986133e-01
-6.545021298945826738e-01
7.416111863032615048e-02
5.327316238903352374e-01
-9.017062055291549250e-01
-5.396117473941252074e-01
4.119027400646895209e-01
-6.234862367984583820e-01
7.381242171554823761e-01
4.274783838979446804e-01
-6.592840781881256773e-02
3.724873922701935069e-01
9.893390128697198138e-01
-4.217383164372649484e-01
1.100281565411712209e-01
-4.438183325120982348e-01
8.595652831023661289e-01
4.411959662174357866e-01
-7.738033475503117709e-01
-5.997948529079660807e-01
1.749589796388809348e-01
3.039725731653439844e-01
-6.830788057580794437e-01
-2.672549838126666022e-01
8.093592542566172554e-01
-4.984109327639160703e-01
-2.737570616587068351e-01
-7.960841254835532288e-01
5.482001190248620981e-01
-9.626513470425843710e-01
-2.596398107995906424e-01
7.824846572426813474e-01
2.240245970385407737e-01
-3.972755641508777247e-01
-2.374630659766496787e-02
2.727117497738358876e-01
-3.087134735113234996e-01
6.249730530220274360e-01
-1.997055966081753842e-01
-9.558635557022501228e-01
-7.996105876686359082e-01
-9.073802958128018847e-01
9.160322786478722890e-01
4.162187144048309362e-01
-6.187480937850865503e-01
-6.417887263849226809e-01
-9.799503964513095466e-02
7.008221148321551741e-01
-2.270813798428686914e-01
5.770384191918903616e-01
5.742254780086216703e-01
8.627326852743563146e-01
-1.459778978442248243e-01
2.939735860771194864e-01
2.213714202953259991e-01
-7.974610536315157594e-01
7.723085656090933337e-01
1.508953831282988933e-01
1.876272208335399150e-01
-5.742976370375896256e-01
-6.801978576668343823e-01
2.970528229436440459e-01
-9.803162971376666590e-01
4.005889580185290066e-01
8.270788718132383588e-01
-3.675428130431650231e-02
-6.263155491936016617e-01
-9.622841711824542399e-01
6.587855122215051651e-01
-8.720571619718868739e-01
-6.626087667302442696e-01
4.474761854457975363e-01
3.066452845535974081e-01
-6.635349199131823639e-01
8.311446939115408883e-01
1.027924339976594992e-01
-5.373357734468062752e-01
7.347926961043202976e-01
1.721708785687100229e-01
-9.976159753335386293e-01
1.440099583559996121e-01
1.847653019724608547e-01
-3.690473861613983719e-01
-2.453942987347113580e-01
-8.624639859031802969e-01
3.894436481371967296e-01
-3.265822526813931259e-01
6.546205537200486813e-01
6.443929316063580215e-01
-1.529323015811944186e-01
-3.136404679801834128e-01
-5.293026408397740745e-01
8.047340088172119654e-02
-8.673786017088581657e-01
-5.803104244871810646e-01
5.513348194958256343e-01
-4.723721836052475198e-01
-3.230241246648138942e-01
3.552519321291762733e-01
-3.760031300255009534e-01
-4.671202737690555162e-01
3.838957023754978604e-01
4.234241735258896244e-01
1.295949171359816465e-01
2.095839196250209868e-02
-4.019354523975725013e-01
5.270048298664284925e-01
9.225958308063962887e-01
-6.352461536482019167e-01
-7.307930103096943464e-02
8.008731089285696658e-01
1.107245440038217010e-01
6.391147311184439128e-02
3.093111098899882783e-01
-1.180404139225910698e-01
-1.571168074178719287e-01
-3.183913793893095034e-02
-7.948907894096397531e-01
-1.261450142648166961e-01
8.473682557553037231e-01
3.190062505545185889e-01
-1.294058958594933861e-01
3.575407345002036275e-01
3.957798785507762318e-01
2.790160437116941949e-01
-2.113694007597948787e-01
2.862420738710327317e-01
1.522419962598031695e-01
5.083246933545291224e-01
-5.024232768463871013e-02
-8.432917928208565339e-01
-2.940062393580155087e-01
6.599423967536290903e-01
-9.656943265607488280e-01
-2.209681337598312367e-01
-7.028596960328712395e-01
9.771934004564127862e-01
-5.662878252395345813e-01
7.007667314160148653e-01
-5.809055445035648385e-02
2.856551620564495853e-02
4.898012885601405603e-02
9.403623252651055475e-02
-1.978383103137082433e-01
-2.626200923543450250e-01
9.687139343952230197e-01
-7.106210219684628848e-01
9.484412337359301448e-01
-1.455061683506582160e-01
-6.457633229496300142e-01
-2.426833128320205202e-01
-4.588561186815144355e-01
-9.393263337933825952e-01
-8.228417852991459780e-01
9.620574387118526749e-01
-7.387041922497008528e-01
1.861288709466574487e-01
-1.969026537890870565e-01
-4.507591374372262316e-01
1.231322705568209386e-01
8.775595453434179571e-01
2.550325014076731955e-01
-3.510138691916324660e-01
-7.261675513095446899e-01
-2.357322779905118293e-01
-5.290676082321107421e-01
-3.175123194019519035e-02
-1.218566505345094336e-02
1.759827296503883032e-01
-3.124130899602722278e-01
2.036121584757187575e-01
8.722739196212467294e-02
5.735378952305371092e-01
6.614579016986412707e-01
1.385522264228336020e-01
-7.718726589140004202e-02
-8.300828713979155338e-02
2.765972837767974313e-01
4.383062396636719371e-01
3.884992353173465918e-01
-8.065878226506244530e-01
-9.654053278073639888e-01
-5.497452559529039107e-01
5.045594785009555744e-02
7.091355862378826425e-01
-2.641425374919519342e-01
3.113624683925065861e-01
7.644491011386298496e-01
-5.466002914001452662e-02
-2.096007411875250304e-01
-4.858520058030632027e-01
-7.215731087748762373e-01
9.067515624069126812e-01
5.241098920201191502e-01
-7.032450359135822282e-02
-7.137783543402145270e-01
-1.051562173393465194e-01
1.317871855613863274e-01
-4.762563086517128674e-01
-5.390309718615465817e-01
-3.393458476041205651e-01
1.492038936909362845e-01
2.574537736231229390e-01
-9.233558941867150427e-01
2.638730016422807245e-01
-3.480639513734320456e-01
9.426128722283324546e-01
5.194398416348566805e-01
7.099245196897585597e-01
-7.919632539028014229e-01
7.057955856462310162e-01
5.445608381289110955e-01
-3.264200920715863985e-01
2.755677807371343380e-01
4.889896089827344139e-01
-4.452579603216799131e-01
-6.584164596323482943e-01
5.073065033140996549e-01
8.630538723159063563e-01
-2.053215587453630087e-02
