8.055083925363838437e-01
8.464996247502614146e-01
-4.019890427516055742e-01
5.213087131862134127e-01
2.238542579403309529e-01
3.037151379415226060e-01
-1.942103701648537906e-01
-7.877191490986763522e-01
9.686450477446374441e-01
5.181044651904332943e-01
-8.483724740266170850e-01
-4.132768637633865150e-01
-9.037300812214266177e-01
8.385473030774057701e-01
-7.155537482967480045e-01
-2.175890099477131301e-01
4.272211667896976817e-01
-4.724581425362697207e-01
-5.514066140204819388e-02
5.966966644973584755e-01
9.068489003683885552e-02
-8.933998070440190009e-01
-1.665085805519546380e-01
7.871755738683325898e-01
9.673229281543462843e-01
8.731270984675524316e-01
2.271815286684478533e-02
4.843777415217827981e-02
-1.352412419418930895e-02
6.850912623847600358e-01
-2.387411928692743657e-01
2.565310911377330361e-01
2.912745412303427983e-01
7.655150444323460812e-01
5.435491688588843795e-01
-3.173188156810605176e-01
1.129650482667035605e-02
-4.195654345426131915e-01
-5.677216825798622191e-01
-7.272826569014538833e-01
-3.438647759656682790e-01
4.930307774392590492e-01
-7.971220826828639971e-02
9.009886970425449171e-01
7.682499650545471237e-01
-5.338185119800101797e-01
-6.777070332588325252e-01
5.812399650921212108e-02
8.272812064760115547e-01
-7.059656384745078839e-01
-4.987869620948320315e-01
4.119027400646895209e-01
-2.772549256015109931e-01
7.229117559492242995e-01
4.274783838979446804e-01
-6.738066554346519021e-01
3.724873922701935069e-01
9.895841084202652294e-01
-4.217383164372649484e-01
1.269401717863746504e-01
-4.473595065626188583e-01
8.424335001130124345e-01
4.411522267958702392e-01
-7.843764904623333756e-01
-6.438081693970475472e-01
1.749589796388809348e-01
3.039725731653439844e-01
-2.747502498096230372e-01
-1.788736002194089847e-01
8.996777606261869842e-01
-4.834029371908921124e-01
-9.024398623116922646e-01
-7.645862474632053596e-01
5.926699814638847208e-01
-9.627083902287195682e-01
-2.596398107995906424e-01
5.863587820569662878e-02
-1.197949933158558022e-01
-7.477101373639496451e-01
-2.374630659766496787e-02
2.570126262559616626e-01
-3.442236665007814556e-01
6.249730530220274360e-01
-1.997170994681207179e-01
-8.363707310440180454e-01
-8.256650364378910201e-01
2.970978288598909167e-02
9.822202171836031948e-01
5.170722123737334641e-01
-6.187480937850865503e-01
-6.417887263849226809e-01
-1.057320383084227461e-01
7.008221148321551741e-01
-1.606760768417877516e-01
5.992635488774736841e-01
9.479398899559040581e-01
8.327751330624035830e-01
-7.026498122642830246e-01
2.881266425554465105e-01
1.221951335610589329e-01
5.012142209062403486e-01
7.314513767436315872e-01
1.715541378179391563e-01
1.876272208335399150e-01
-5.744599194052063540e-01
-6.801978576668343823e-01
6.470008254931374214e-01
-9.823468471755100184e-01
6.717672733911117522e-01
5.212581534825572183e-01
-4.873786194219820178e-02
2.399396961642326076e-01
4.262542786047044396e-01
7.999663445663811601e-01
-8.720571619718868739e-01
-6.626087667302442696e-01
4.474761854457975363e-01
3.066452845535974081e-01
-6.619397551777456146e-01
8.384362003123406737e-01
1.008513661990408927e-01
-6.358186915249653959e-01
8.458506859480381390e-01
1.721574077969469374e-01
-9.977540420651902497e-01
1.379508161675200018e-01
1.772436533125335834e-01
7.761724839794821307e-01
-2.520119974116099559e-01
-9.756722702309337247e-01
4.710909490886603379e-01
-2.840763620967542424e-01
6.606934588110302542e-01
6.625053493351458211e-01
-1.533926390126520989e-01
-3.027306591456713769e-01
-5.293026408397740745e-01
1.087366511184733736e-01
-8.677751005589033895e-01
-5.814499912821439187e-01
4.773688319324160823e-01
-4.723721836052475198e-01
-3.506260497403286824e-01
3.604885344310692075e-01
-3.688036583634830001e-01
-4.671202737690555162e-01
3.839664881556217879e-01
2.998181533675051691e-01
1.295949171359816465e-01
2.095858418987120789e-02
-3.948729452438698440e-01
3.031884676808130896e-01
9.187170949365466299e-01
-6.566065531833880087e-01
-9.295306538051795187e-02
8.971324521652035422e-02
1.107245440038217010e-01
3.406932452445672610e-02
7.254203740337143991e-01
4.255216220729401977e-01
-2.487514307779913059e-01
-3.183913793893095034e-02
-6.083313030091421769e-01
-1.261450142648166961e-01
8.473682557553037231e-01
3.683701117596848706e-01
2.809004923747890348e-02
3.575407345002036275e-01
3.915355655656554967e-01
2.790160437116941949e-01
-3.222794514486665429e-01
3.295671577988552592e-01
1.522358058924596635e-01
5.083256366761428335e-01
-5.024232768463871013e-02
-8.429107435835655471e-01
-2.860403987000250670e-01
6.368084694271992641e-01
-9.642438937000364918e-01
-2.209681337598312367e-01
-7.028596960328712395e-01
1.107100900081663952e-01
-5.662878252395345813e-01
7.007667314160148653e-01
-5.848195720291251426e-02
7.445769618072541063e-02
4.897930376973198829e-02
9.388204092091423369e-02
-1.978383103137082433e-01
-6.091318950053126180e-01
9.687139343952230197e-01
-7.290029619141304984e-01
8.788266895784677679e-01
-1.185649060839412683e-01
-6.727979771075547344e-01
5.962332744766553061e-01
-4.613600376657329694e-01
1.733455303391232549e-01
-8.372684672485299906e-01
8.847601127993723891e-01
-7.387041922497008528e-01
4.882795798649118280e-01
-1.973489670074237423e-01
-8.053352473940502687e-01
5.239900485657589257e-02
8.775595453434179571e-01
1.783119708466421316e-01
-3.510138691916324660e-01
-7.261675513095446899e-01
-2.646812889388078238e-01
-5.300088468232017069e-01
-7.351584205938349603e-02
4.360515445337904694e-01
8.609930323808206998e-01
-3.124765434952759824e-01
2.487334897732735306e-01
8.722739196212467294e-02
7.375435352776885667e-01
6.614579016986412707e-01
1.385522264228336020e-01
-7.724763810299373201e-02
-9.293729063816699720e-02
2.765972837767974313e-01
7.872532593897576536e-01
3.884992353173465918e-01
-8.111457119646922065e-01
-9.056402725449207436e-01
3.025558247278367641e-01
-2.925078408779913097e-01
7.689808226717408379e-01
-2.641425374919519342e-01
2.863085874596493774e-01
7.644491011386298496e-01
-5.466002914001452662e-02
-2.096007411875250304e-01
-4.384388129307246196e-01
-8.673061830020518670e-01
7.321249393587212495e-01
5.241098920201191502e-01
-6.761879682028677507e-01
-6.979808734403526449e-01
-1.051562173393465194e-01
1.317910691313259886e-01
-4.762563086517128674e-01
-5.390478466638966015e-01
-3.393458476041205651e-01
1.492058810938265145e-01
2.533213487904442118e-01
-9.235840240686842284e-01
3.872730196410282266e-01
-3.420818375827759383e-01
9.426545903811608396e-01
5.165415701155697814e-01
7.105213351572999825e-01
-7.919632539028014229e-01
2.093626452716963460e-01
5.445608381289110955e-01
-2.480750002732396153e-01
7.582987661561374493e-01
4.863845705602341529e-01
-2.126143475090701285e-01
-6.590572180648673895e-01
3.618144807873507895e-01
8.638580298554094927e-01
-1.920648663758168367e-02
