8.366110618670712373e-01
8.464996247502614146e-01
2.826772147294752680e-01
-7.670263228578596548e-01
5.048990044114871623e-01
3.037151379415226060e-01
-2.263103876881968346e-01
-7.886742483034282492e-01
2.527004547471841667e-01
4.061431702967117641e-01
-8.483724740266170850e-01
9.366589513616604412e-01
-9.037300812214266177e-01
4.777731730037050317e-01
1.235987840063057230e-01
-2.175890099477131301e-01
4.629751039031397841e-01
-7.948052938568243020e-01
-5.514066140204819388e-02
3.263203752283933001e-02
9.157342210545420247e-02
-8.926884970324229229e-01
-1.422049388851414076e-01
7.871755738683325898e-01
-1.386777180638743001e-01
8.939694809140527054e-01
2.144566318662629797e-02
4.980094166164672487e-02
-1.282156802384883630e-02
5.346587356529969304e-01
-2.677610323786107083e-01
2.565310911377330361e-01
2.912745412303427983e-01
6.894898988253188588e-01
5.435491688588843795e-01
-3.239596813713077617e-01
1.279712486263291996e-02
-4.195654345426131915e-01
-5.677216825798622191e-01
-7.272826569014538833e-01
-3.438647759656682790e-01
4.930307774392590492e-01
-7.971220826828639971e-02
9.327296449017620228e-01
9.137313014297414604e-01
-5.369062930345798179e-01
-6.784080110260648500e-01
7.655758044786670213e-02
3.434601405369835381e-01
-7.065300763972497400e-01
-5.488505531181628871e-01
4.119027400646895209e-01
-6.239481814892678946e-01
7.217117810703344016e-01
4.274783838979446804e-01
-7.966198216355587780e-01
3.724873922701935069e-01
9.892723953786561886e-01
-4.217383164372649484e-01
1.269187798057218319e-01
-4.438183325120982348e-01
6.382415701605158587e-01
4.411920522213345630e-01
-7.959381085433333558e-01
-6.537935022068267488e-01
1.749589796388809348e-01
3.039725731653439844e-01
-6.745142309572537132e-01
-2.820419826401689423e-01
7.924137429442803526e-01
-5.135805985225935233e-01
-6.692074972723747184e-01
-7.455405601292645068e-01
5.770722796541949418e-01
-9.615905018761257139e-01
-2.596398107995906424e-01
-7.805966077829498140e-01
-3.288912524389437930e-01
-3.972755641508777247e-01
-2.374630659766496787e-02
2.570126262559616626e-01
-3.270569791119560810e-01
6.249730530220274360e-01
-2.058762030430061063e-01
-8.822816345004569349e-02
-8.569871828225162913e-01
1.550349845446885068e-02
9.833188369616258084e-01
-2.509899803507976146e-01
-6.187480937850865503e-01
-6.417887263849226809e-01
-1.062586694273559701e-01
7.008221148321551741e-01
-4.569756370439812532e-01
5.996809174784268892e-01
9.798929577306938477e-01
5.302111336919897999e-01
-1.442936451727400982e-01
2.718286668416968199e-01
2.376498117743010008e-01
-7.222210822651735640e-01
7.722391659561855803e-01
1.648140825806885257e-01
1.876272208335399150e-01
-5.745139564969465873e-01
-6.801978576668343823e-01
7.035243141839561121e-01
-9.886659239069093275e-01
5.839981906480670171e-01
-2.468409276861195656e-01
2.322375677518657144e-01
8.970481373443053297e-01
-8.480747360113164435e-01
7.321909076417414397e-01
-8.720571619718868739e-01
-6.626087667302442696e-01
4.474761854457975363e-01
3.066452845535974081e-01
-8.302760392753916197e-01
8.022395926527243759e-01
1.490731326531762602e-01
-5.702513016872706730e-01
8.458506859480381390e-01
1.723835425454910419e-01
-9.977078712889564382e-01
3.764969683482528029e-01
1.847653019724608547e-01
5.436774512371974621e-01
-2.453942987347113580e-01
-8.146154694512147687e-01
3.651165849517526985e-01
-2.771251078935090817e-01
6.602276807630512723e-01
7.126714214199690867e-01
-1.277441849581272548e-01
-1.358032109990264802e-01
-5.293026408397740745e-01
2.045440991410240050e-01
-8.678858129657464060e-01
-5.803104244871810646e-01
6.604336018663168328e-01
-4.723721836052475198e-01
-3.538245035555469542e-01
3.552519321291762733e-01
-3.737664174170503006e-01
-5.086372678814413684e-01
3.838957023754978604e-01
2.980554868856082895e-01
1.305622714780097227e-01
2.095310952803308008e-02
-4.019354523975725013e-01
3.297792203526310750e-01
9.187170949365466299e-01
-6.566065531833880087e-01
2.662785177965480699e-02
2.846526748050367539e-01
1.107245440038217010e-01
4.009754993053415290e-02
-1.436944872263481721e-01
9.633638909742445744e-01
-4.133108323558534747e-02
-1.183625207552196634e-01
-6.013897469707790711e-01
-1.261450142648166961e-01
8.473682557553037231e-01
-9.469445592894403241e-01
3.251519411293806727e-01
3.575407345002036275e-01
2.201894164235109197e-01
2.790160437116941949e-01
-3.003950285980521162e-01
8.366949382584515371e-01
2.204910457985928551e-01
5.083246548153929067e-01
-5.024232768463871013e-02
-8.666633266010300707e-01
2.182593828334676023e-01
7.533044679245861630e-01
-7.662338880700512167e-01
-2.209681337598312367e-01
-7.028596960328712395e-01
2.754111499643485672e-01
-5.662878252395345813e-01
7.007667314160148653e-01
-5.809055445035648385e-02
2.856551620564495853e-02
4.904570630877243959e-02
1.112620410303528651e-01
-1.978383103137082433e-01
-6.346474264817059119e-01
9.687139343952230197e-01
-7.106210219684628848e-01
8.788258097482128939e-01
-1.159028814115273254e-01
-3.210974011595169042e-02
-1.699100659001341329e-01
-4.613751541192931960e-01
1.272262750194373404e-01
-7.940866906728761832e-01
4.540829445286424515e-01
-7.387041922497008528e-01
4.668030270978211216e-01
-1.969026537890870565e-01
5.193445422748893536e-01
7.649662813955779295e-02
8.775595453434179571e-01
1.924171129625077414e-01
-3.510138691916324660e-01
-7.261675513095446899e-01
-2.623015164596343984e-01
-5.292007909919270725e-01
-3.175123194019519035e-02
-2.567377250366321140e-01
6.791941013774651648e-01
-3.125619607816357837e-01
3.395559599037132892e-01
8.722739196212467294e-02
5.735378952305371092e-01
6.614579016986412707e-01
1.385522264228336020e-01
-1.075775205620701086e-01
-8.583897769523335386e-02
2.765972837767974313e-01
6.011488880515889477e-01
3.884992353173465918e-01
-8.065878226506244530e-01
-8.570918104620615097e-01
-8.021474216749490127e-01
5.045594785009555744e-02
8.579270112185966024e-01
-2.641425374919519342e-01
-2.662925140167913818e-01
7.644491011386298496e-01
-5.466002914001452662e-02
-1.942607300543980897e-01
-4.356489474581567989e-01
-5.163189143083408705e-01
9.785866542287021685e-01
5.241098920201191502e-01
-1.852485207445045967e-01
-6.893329304934613377e-01
-1.051562173393465194e-01
1.317789518764715118e-01
-4.762563086517128674e-01
-5.599735195272201871e-01
-3.393458476041205651e-01
1.492038936909362845e-01
2.533015619326686729e-01
-9.235889195304668453e-01
-5.785688230029437107e-02
-7.355749563320304052e-01
9.426695193649390347e-01
5.278991748540197149e-01
8.575818530385427296e-01
-6.369291435462791640e-01
4.812047035531497041e-01
5.445608381289110955e-01
-3.317074435851712910e-01
9.197405022227761462e-01
4.862561451707231863e-01
-4.324445099883201804e-01
-6.676894556234709288e-01
4.276398391567536872e-01
8.606641746916783298e-01
1.889451291708821312e-02
