-1.005742582300866161e-01
8.464996247502614146e-01
3.845258404327775992e-01
8.501700419761910599e-01
2.234427600046686724e-01
3.037151379415226060e-01
-1.903466704029444234e-01
-7.894393506344703493e-01
9.232143496071621991e-01
4.081557162831365715e-01
-8.483724740266170850e-01
-5.888488637903652734e-01
-9.481703400667600423e-01
8.385473030774057701e-01
1.693427010875088734e-01
-1.936839774289975669e-01
3.938618300410669515e-01
-7.961419815194497041e-01
6.113084120526499632e-01
5.791152945112201245e-01
5.317964901968581792e-02
-8.936273643382000031e-01
-5.947734650490723585e-01
7.658055601946067714e-01
6.734653333030936606e-01
7.528458638037810458e-01
2.067998378583072935e-02
4.864807772141913761e-02
-1.142001167555158937e-02
6.185780050029389132e-01
-2.349717809179288908e-01
2.565310911377330361e-01
2.912745412303427983e-01
7.826820407015214753e-01
5.435491688588843795e-01
-2.337554439801457495e-01
1.426786588498540724e-02
-4.195654345426131915e-01
-5.677216825798622191e-01
-7.272813229089895026e-01
-3.436277615415854747e-01
4.930307774392590492e-01
-7.959287189997941991e-02
8.932774993036455280e-01
7.658388642062612384e-01
-5.292750349770832807e-01
-6.456970767279180956e-01
7.475822826449705916e-02
7.069119102503496066e-02
-7.064236969810736566e-01
-5.361265465718271228e-01
4.119027400646895209e-01
-6.665657186404500001e-01
7.352516970037568100e-01
4.274783838979446804e-01
-3.516396695790223736e-01
3.724873922701935069e-01
9.897892142469957300e-01
-4.217383164372649484e-01
1.115747846265457699e-01
-4.438183325120982348e-01
8.397904344573302593e-01
4.411965702293863534e-01
-7.787679743219295680e-01
-5.901700117917441091e-01
1.749589796388809348e-01
3.039725731653439844e-01
-4.414463361553928600e-01
-1.214754143399771474e-01
8.537984297108592857e-01
-4.445200794671572697e-01
-2.790359464242491150e-01
-3.130290402810221306e-01
5.881495234926340521e-01
-9.469066243691448559e-01
-2.607473891362993568e-01
5.932221174065842595e-01
-8.626756755084845629e-01
-4.662564345600952453e-01
-2.374630659766496787e-02
2.549584695338193985e-01
-3.147714202008645157e-01
6.249730530220274360e-01
-2.000539849210005716e-01
-4.106592737760489942e-01
-8.530850332739753350e-01
1.610957030272266999e-02
9.824690927759874848e-01
4.361136883010942045e-01
-6.187480937850865503e-01
-6.418016672450885807e-01
-9.931960100568291983e-02
7.008221148321551741e-01
2.562371697560516734e-02
6.014255131325370041e-01
5.477599734182432289e-01
2.856056124792888395e-02
-5.202399870704393914e-01
3.145228757990400359e-01
9.400569447617791730e-02
-8.150357753229157121e-01
5.680605712096123971e-01
1.809831461240639927e-01
1.876272208335399150e-01
-5.744889870973535206e-01
-6.801978576668343823e-01
8.217129063476202866e-01
-9.903640574324299450e-01
4.023285541104625329e-01
8.048031787986749119e-01
-5.708830671312881133e-02
1.588339719257791938e-02
-9.215369318303276991e-01
8.009432602991640726e-01
-8.720571619718868739e-01
-6.626087667302442696e-01
4.474761854457975363e-01
3.066452845535974081e-01
-6.704087499583460952e-01
8.311451982362392243e-01
1.792862951453632614e-01
-6.423653521881934614e-01
8.247521587213387795e-01
1.719524542597319905e-01
-9.968577010276753469e-01
1.340463247902849153e-01
1.729509816259205413e-01
1.150102920592765976e-02
-2.430252501638071050e-01
-8.243825271401559185e-01
3.547514632073616170e-01
-3.242528041603509048e-01
6.638990762473206964e-01
6.443929316063580215e-01
-2.419301800024654114e-01
-3.033800811579099310e-01
-5.292805777633490250e-01
8.378658049933165874e-02
-8.676983969321787615e-01
-5.802246607563708025e-01
5.513207495432155270e-01
-4.723721836052475198e-01
-3.287294173088599614e-01
3.622310830875006826e-01
-3.739932686036117060e-01
-7.864230637864266793e-02
3.840013226376745581e-01
4.234241735258896244e-01
1.281412440990052637e-01
2.115839822707349382e-02
-3.920615044416208006e-01
5.270048298664284925e-01
9.209724391354496831e-01
-6.667888513566114783e-01
-5.027841202179056390e-02
-1.942604939292869037e-01
1.107245440038217010e-01
6.481079098468772726e-02
8.387952469929665922e-01
-7.718077910065931357e-01
-1.743827640154312908e-01
6.433624688116557078e-01
-5.493744686062059790e-01
-1.261450142648166961e-01
8.473682557553037231e-01
3.024622742805800901e-01
-1.420958067861989305e-01
3.575407345002036275e-01
3.364754087480403277e-01
2.790160437116941949e-01
-5.639609450265600787e-02
3.662984256953636386e-01
1.523345605527667845e-01
5.083260379485649016e-01
-5.024232768463871013e-02
-8.463842380565218537e-01
-3.517130742931966481e-01
8.266136604758150819e-01
-9.804686597224349098e-01
-2.214770595049926627e-01
-7.028596960328712395e-01
-2.557461242183081684e-02
-5.662878252395345813e-01
7.007667314160148653e-01
-5.847181856093836005e-02
4.026312691661609183e-02
5.019298388420048718e-02
9.403623252651055475e-02
-2.540655607617658407e-01
6.565934016526493444e-01
9.788125690091784570e-01
-7.163970164535816698e-01
8.580031797754170686e-01
-1.541832488798843270e-01
-6.727190294763825129e-01
-1.987217862979917260e-01
-4.588886295220625522e-01
4.612898282570274122e-02
-8.493795222700618597e-01
9.364772500204363581e-01
-7.387691174794790427e-01
4.860598657964377289e-01
-2.089595844462838192e-01
-6.378341115877568246e-01
4.689228885918077516e-01
8.775595453434179571e-01
4.311029182709620322e-01
-3.510138691916324660e-01
-7.261675513095446899e-01
-2.060808540335852257e-01
-5.280919394066302397e-01
-8.509755532463714189e-02
-1.218566505345094336e-02
2.830295703719398759e-01
-3.124272639266177931e-01
2.036121584757187575e-01
8.722739196212467294e-02
5.666470518631224751e-01
6.614579016986412707e-01
1.385522264228336020e-01
-2.772375956536217712e-01
-1.446913531425814969e-01
2.765972837767974313e-01
4.383062396636719371e-01
3.884992353173465918e-01
-8.003912061727495031e-01
-6.430054559236455525e-01
6.023334795028274513e-01
5.045594785009555744e-02
5.171917720799673601e-01
-2.641425374919519342e-01
3.160539283382001186e-01
7.644491011386298496e-01
-5.783739424336960949e-02
-2.096203334774260352e-01
-5.165686180863651167e-01
-7.378184466996203783e-01
9.255155618292021380e-01
5.241098920201191502e-01
-2.888295918918465377e-02
-6.916673622713728209e-01
-1.092565478950027896e-01
1.317445837895124539e-01
-4.762563086517128674e-01
-8.374223956901961641e-01
-3.393458476041205651e-01
1.492039964124687035e-01
3.651879229752983957e-01
-9.237433165533134316e-01
4.010354323372258278e-01
-3.445035892103969211e-01
9.425940080991932479e-01
4.166694011662825936e-01
9.655490864510183346e-01
-9.445693039425813176e-01
6.852862182998042950e-01
5.401659501813381725e-01
-6.217538406725749978e-01
8.572769472772997501e-01
4.924806035650497460e-01
-3.913915897031354785e-01
-6.584212149179866636e-01
4.900215473496326024e-01
8.638689160588750582e-01
-6.924652215949465839e-02
