4.800672331551931737e-01
8.464996247502614146e-01
1.800209733962575553e-01
5.449725579069994996e-01
2.394779240477011573e-01
3.037151379415226060e-01
-2.979987074432292049e-01
-7.893460605766315918e-01
2.761225813183332822e-01
4.511586548870217817e-01
-8.483724740266170850e-01
-5.976893813479258188e-01
-9.468876202800172726e-01
8.385473030774057701e-01
1.693427010875088734e-01
-1.936931631907168050e-01
4.080642716204460618e-02
-7.274917608643295397e-01
3.584088446230497271e-01
5.972498214696138064e-01
8.592107405294457934e-02
-8.935819628837188278e-01
-2.363658937620407574e-01
8.140760274398679552e-01
7.792354524256019932e-01
6.950246420988298590e-01
2.001468336230172521e-02
5.234462872463196970e-02
-1.420423231877301039e-02
8.102013610018978795e-01
-2.334473088353051784e-01
2.565310911377330361e-01
2.900272025728973802e-01
7.215277401200884677e-01
5.435491688588843795e-01
-2.227112571735619662e-01
1.434555624382158334e-02
-4.195654345426131915e-01
-1.596928481807935452e-01
-7.272960845797237228e-01
-3.437789993246622156e-01
4.930307774392590492e-01
-7.971220826828639971e-02
9.248442304174183670e-01
7.687891513816577094e-01
-5.294695671013884830e-01
-6.732197790991832909e-01
7.416111863032615048e-02
-6.786870277786850592e-01
-8.386865472367016627e-01
-5.329624520092550721e-01
4.119027400646895209e-01
-6.058707901236073390e-01
7.337063603774288678e-01
4.274783838979446804e-01
-4.897654100035672697e-01
3.724873922701935069e-01
9.889573479112273580e-01
-4.217383164372649484e-01
1.115747846265457699e-01
-4.465088760574456583e-01
8.325677228155818899e-01
4.411786190367537053e-01
-7.733734443279034476e-01
-4.865425323570293226e-01
1.749589796388809348e-01
3.038938988613201220e-01
-5.132944673106276667e-01
-1.380148474364884803e-01
8.064681439088680071e-01
-4.446963225366211137e-01
-2.791109219782520467e-01
-5.169415516328048632e-01
5.809092207472555947e-01
-9.439301332294760538e-01
-2.599283145948535489e-01
5.823218954447993978e-01
5.497253366126426677e-01
-4.421695357031730222e-01
-2.374630659766496787e-02
2.549584695338193985e-01
-3.026133198792976264e-01
6.249730530220274360e-01
-2.000988191321707022e-01
-5.822803928475102087e-01
-7.993109033031338129e-01
-3.302156097703575766e-01
9.824945557633107951e-01
2.049561360050582426e-01
-6.187480937850865503e-01
-6.417887263849226809e-01
-1.069666184409348159e-01
7.008221148321551741e-01
-6.731283830604284368e-01
6.021551726352772915e-01
5.537029043094406910e-01
7.784780830152683295e-01
-5.343652689151094926e-01
5.344316167354014324e-02
9.420183142186738801e-02
-7.801604294604440604e-01
7.070109984134296255e-01
1.791457853016932833e-01
1.876272208335399150e-01
-5.744722672457061030e-01
-6.801978576668343823e-01
7.208273689883190061e-01
-9.905430358305672423e-01
5.457208018043094855e-01
9.547349437228922486e-01
-4.286656894888054431e-02
-1.734788137429468247e-01
-8.812049257417222670e-01
8.418603487313126577e-01
-8.720571619718868739e-01
-6.626087667302442696e-01
4.474761854457975363e-01
3.066452845535974081e-01
-7.022331765247126212e-01
8.547916868779582567e-01
1.307245294913804423e-01
-6.168947395284158919e-01
7.652220849582438422e-01
1.721309717296919395e-01
-9.969141152797026395e-01
1.517950401783488279e-01
1.703100312035004671e-01
-5.408120811400357608e-01
-2.799657104448179945e-01
-8.372360373909031317e-01
3.296639254717025902e-01
-3.201097135282920392e-01
6.623809113594709697e-01
6.316572372396143109e-01
-1.237885132636744601e-01
-2.749656918342740508e-01
-5.292812349433021479e-01
8.842793962752720782e-02
-8.672606355351485385e-01
-5.802300126480243181e-01
5.128296749925878029e-01
-4.679837118257250128e-01
-3.224727408741298040e-01
3.596473370668690772e-01
-3.640230025265292491e-01
2.287340576366862777e-02
3.842122200139491128e-01
4.250113018759014150e-01
1.644911371810233724e-01
2.109748031468659801e-02
-4.019354523975725013e-01
5.270048298664284925e-01
9.181334268974834512e-01
-7.554101522177228967e-01
-5.173188387954056472e-02
-7.454022460690729046e-02
1.107245440038217010e-01
6.484738328188580092e-02
3.126650707661829398e-01
-6.618003497504695298e-01
-1.931442434098311900e-01
6.704172139583586265e-01
-7.897014824563965973e-01
-1.261450142648166961e-01
8.473682557553037231e-01
3.011664487077834740e-01
-1.435851265555881662e-01
3.575407345002036275e-01
3.364754087480403277e-01
2.790160437116941949e-01
-2.413088776944939395e-01
3.476006232616696834e-01
1.865016132502322344e-01
5.083264353640967181e-01
-5.024232768463871013e-02
-8.448052120250963970e-01
-2.280038781350277877e-01
8.642136797977011398e-01
-9.867925433376831812e-01
-3.398915299241158650e-01
-7.028596960328712395e-01
-9.074177714037570674e-02
-5.662878252395345813e-01
7.007667314160148653e-01
-3.248404160025127885e-01
5.229761555203235601e-02
4.873358216429543588e-02
9.497828543007146018e-02
-2.377282657407170929e-01
3.033902258065601654e-01
9.687139343952230197e-01
-7.170754205246183677e-01
8.786564002187260414e-01
-1.523835594280863459e-01
-6.932850593553846474e-01
-3.181986739350852744e-01
-4.614692432528678667e-01
-2.792323262829086647e-02
-8.242729364020245919e-01
4.303730921292462375e-01
-7.388174967277310046e-01
5.030999926193321370e-01
-2.190063635090105931e-01
-3.713611775175471030e-01
1.159690025774001709e-01
8.775595453434179571e-01
2.330149923007170110e-01
-3.510138691916324660e-01
-7.292721697100352785e-01
-2.418869838622882129e-01
-5.307842158906764807e-01
-5.470545377760502315e-02
2.581865843578325798e-02
7.505963295327685580e-01
-3.124465619139112360e-01
2.033709840424541837e-01
8.722739196212467294e-02
5.735378952305371092e-01
6.614579016986412707e-01
1.535723237442253863e-01
2.268943641815349133e-02
-1.041737918227231552e-01
2.765972837767974313e-01
4.382985642854414499e-01
3.884992353173465918e-01
-8.779448293720014673e-01
-6.571993122493492434e-01
2.142575547163117489e-01
5.156579125461861063e-02
6.215792686403703859e-01
-2.641425374919519342e-01
3.196215848157452077e-01
4.819040683253421054e-01
-4.677923052510181423e-02
-2.092524061654362222e-01
-5.281155799255655703e-01
-7.425294204399043307e-01
9.261945171726713166e-01
7.358320260221519193e-01
-4.871332620178028643e-03
-6.913140420458632196e-01
-1.062140926773065264e-01
1.317130294170379690e-01
-4.762563086517128674e-01
-9.022627514632909351e-01
-3.393458476041205651e-01
1.491965486811515640e-01
3.956581417626560127e-01
-9.249058038154321926e-01
3.277318756420638524e-01
-2.263447118477870945e-01
9.423214244256883365e-01
4.977814635248830055e-01
7.114145078577993608e-01
-4.806859222841415868e-01
3.860763947830702092e-01
5.446039759283829440e-01
-5.257977157902619103e-01
8.756985079649397541e-01
4.868439236788845159e-01
-4.534066361592233863e-01
-6.748894262496211160e-01
4.973714231306488598e-01
8.623386681053160085e-01
1.396636277343958066e-01
