4.796664841743829011e-01
8.464992893682119490e-01
-2.734350724431694468e-01
5.763190713324770620e-01
2.237611740403492588e-01
3.041747989344153469e-01
-3.819464671880188344e-01
-7.893817100291015132e-01
6.584234651561068352e-01
4.488047686373013434e-01
-8.483724740266170850e-01
-4.410529096664849713e-01
-8.894729585248494219e-01
8.385473030774057701e-01
-6.643992380903764872e-01
-1.915660707326403145e-01
4.080642716204460618e-02
-7.221109574141000298e-01
1.328059030287947750e-01
5.972498214696138064e-01
4.303371733292894741e-02
-8.935560137838628458e-01
-2.363658937620407574e-01
9.407133752039478214e-01
6.016932067169498133e-01
9.655674328256776962e-01
2.001468336230172521e-02
5.234462872463196970e-02
-7.848582726901353127e-03
9.598647334364254213e-01
-7.038920301798106127e-01
2.565310911377330361e-01
2.900037674415759659e-01
7.348492165686529853e-01
5.435491688588843795e-01
-3.161227854060897902e-01
1.336179974145585390e-02
-4.098842625824751229e-01
-4.974420343651204113e-01
-7.268474982831177877e-01
-3.438649783446369734e-01
6.788183235874913901e-01
-7.935280296556911084e-02
9.248442304174183670e-01
9.060205413898599902e-01
-5.180481437536554878e-01
-6.764604628379143891e-01
7.111321735552383894e-02
2.640203940716804309e-01
-8.432373746023491545e-01
-5.386584669670846370e-01
4.119027400646895209e-01
1.987811188694407760e-01
7.138136659315394983e-01
4.274783838979446804e-01
-5.109571518795620326e-01
3.724873922701935069e-01
9.889564796625319731e-01
-4.213597009223382095e-01
-6.918144468973770611e-02
-4.908132308690569823e-01
8.309836384719355706e-01
4.411873924655028145e-01
-7.783798984531224985e-01
-4.865425323570293226e-01
1.749589796388809348e-01
3.039806260578484798e-01
-5.132944673106276667e-01
9.638127141154662070e-02
7.980469011873154717e-01
-4.741070907334709594e-01
-2.797893229643769741e-01
-5.872850019082045403e-01
5.670339683423978316e-01
-9.666280870068870712e-01
-2.601206330655368437e-01
5.754993320213606101e-01
5.597278265311217416e-01
1.632333363221843969e-01
-2.374630659766496787e-02
2.570058141854768552e-01
-3.022593249298918261e-01
5.193710967005354950e-01
-2.004866322663736988e-01
1.002388252562431553e-01
-8.016926662204780785e-01
-8.812548285721528707e-01
9.840280433550383510e-01
4.385478579194816984e-01
-5.738541010081761318e-01
-6.417887263849226809e-01
-1.069666184409348159e-01
7.008221148321551741e-01
-6.731283830604284368e-01
6.038222420078437347e-01
5.740070771725220844e-01
7.331439981674665596e-01
-5.353541983129181947e-01
1.064467754665732180e-02
9.762637599194427807e-02
-7.981906939119562949e-01
7.070109984134296255e-01
-7.109510963634013692e-01
6.365863465258871923e-01
-5.742817045968774403e-01
-9.845919734328018036e-01
6.665532121138881827e-01
-9.521443130702822444e-01
5.549587947192011761e-01
8.877293405450999986e-01
2.181354573809114045e-02
-4.502913254895812289e-01
-2.252347337756678280e-01
8.480281489304580811e-01
-8.613115013769149231e-01
-6.626087667302442696e-01
5.711430419919116819e-01
3.066452845535974081e-01
-6.634540899665146707e-01
8.265711627879969159e-01
2.777112696750279330e-02
-7.113521368433954883e-01
8.424954644482829380e-01
1.721503029207830937e-01
-9.991170876512115440e-01
1.606341513786844755e-01
2.847090719302610706e-01
-5.408120811400357608e-01
-4.115424448039953220e-01
-7.675589552125642312e-01
3.230184679890651389e-01
-3.201366696269346557e-01
6.623008525802461799e-01
6.443929316063580215e-01
-5.086647672476274362e-02
-3.120830272410757833e-01
-5.308770618525744389e-01
9.080575166579411828e-02
-8.672756605130487184e-01
-5.802188569029187448e-01
4.609634718075386606e-01
-4.708030652791236337e-01
-3.215903182314777675e-01
7.056766903458403517e-01
-3.687549323469743179e-01
-4.769198039493791619e-01
3.830972246766157774e-01
2.854402112371731137e-01
1.644911371810233724e-01
2.111586621979831199e-02
-3.995398426031355754e-01
4.074443009536465876e-01
9.251878704218265970e-01
-6.596719726240556358e-01
-9.462819864874323639e-02
4.613261247396083786e-01
1.107245440038217010e-01
6.790038233132665579e-02
3.646865727231030641e-01
-2.210822103051435783e-01
-1.713920028157920328e-01
7.285893447223774633e-01
-7.897477346985285473e-01
-1.261450142648166961e-01
8.473682557553037231e-01
7.264433422415002006e-01
-1.823005614936797081e-01
3.575407345002036275e-01
3.306854332107533878e-01
2.790160437116941949e-01
-3.705184883516309258e-01
2.383152723814479512e-01
1.876565956611104535e-01
5.042924082732956892e-01
-5.024232768463871013e-02
-8.413091403164505433e-01
-2.358996029816918250e-01
9.169821436296097250e-01
-9.867925433376831812e-01
-2.305451773560991402e-01
-7.028596960328712395e-01
9.723413691475379927e-01
-5.662878252395345813e-01
7.007817686361976772e-01
-3.248728319694086375e-01
5.307883101994839009e-02
4.883580487278020577e-02
9.485921478878917013e-02
-2.116461396721979193e-01
3.720000494610667952e-01
9.687139343952230197e-01
-7.216141625440017915e-01
9.014142330917652712e-01
-1.598549072197979481e-01
-6.932850593553846474e-01
-2.376131773014859561e-01
-4.614722698851194127e-01
-3.353457777574601062e-01
-8.242729364020245919e-01
4.350582011414527717e-01
-7.548955647929809221e-01
1.924583071321600558e-01
-6.647082214295707558e-02
-3.702465264030362357e-01
1.173626008101689572e-01
8.936636533434533236e-01
6.824566722618120862e-02
-3.510138691916324660e-01
-7.331723734682343840e-01
-1.711001934112322820e-01
-5.245631851855181438e-01
-3.969521468235841927e-02
-5.753651429806946327e-01
7.505963295327685580e-01
-3.125931804217149113e-01
2.043743954310912603e-01
8.722739196212467294e-02
4.462397261918544800e-01
6.614579016986412707e-01
1.243897399533906156e-01
-2.541155844792649665e-01
-1.125749876559470064e-01
2.765962291284705943e-01
4.255536486599071910e-01
3.884992353173465918e-01
-8.779448293720014673e-01
-4.207148029560193736e-01
3.931731308680018744e-01
1.433053634829836720e-01
9.770099318514047226e-01
-2.545392385490942155e-01
3.190451172148064396e-01
7.633502657091802979e-01
-4.446600438962688973e-02
-2.379750324080673884e-01
-5.281155799255655703e-01
-7.020328188194007168e-01
9.261945171726713166e-01
6.329609116000765034e-01
-2.998611392705329698e-02
-7.087755813129743565e-01
-1.053418881944913205e-01
1.316891985821293520e-01
-4.762563086517128674e-01
-9.022627514632909351e-01
-3.393458476041205651e-01
1.492070415321898602e-01
2.562625852038769025e-01
-9.246716124101597156e-01
3.146881268185198199e-01
-3.679900993772257101e-01
9.428694545337918953e-01
5.292198470963368484e-01
6.911023558188708060e-01
-7.750078754876325027e-01
4.003892968118822893e-01
3.818398661057488819e-01
7.903386529792753024e-01
7.964686142508736744e-01
4.869370855977882551e-01
-4.480448678735624579e-01
-6.645591154322725291e-01
5.141866598131776822e-01
9.596941283219206920e-01
1.061337859136767259e-01
