4.723014817080986028e-01
8.465216208164452194e-01
2.909447257764070649e-01
5.445172422498067988e-01
2.394779240477011573e-01
3.037151371881570139e-01
-2.979987074432292049e-01
-7.907634756992567571e-01
1.111195391661713994e-01
3.607795639174418145e-01
-8.483723320799522183e-01
-5.786466611004416061e-01
-9.483889433553863713e-01
8.385473030774057701e-01
1.580996178228449012e-01
-1.935764055095531566e-01
4.080642716204460618e-02
-1.408556756222079098e-02
3.583621144534706593e-01
6.009617538086337030e-01
1.116451774796443919e-01
-8.935944152829553566e-01
-2.265371357054231094e-01
8.143831630751264816e-01
6.222159087733720728e-01
9.902913104345861806e-01
1.673847120055477894e-02
4.889328276047127941e-02
-4.399513025925351137e-03
8.102013610018978795e-01
-2.349517334054497530e-01
2.565310911377330361e-01
2.911770633870092162e-01
7.000531717282467703e-01
5.435491688588843795e-01
-9.803172311482457602e-01
1.336179974145585390e-02
-4.195654345426131915e-01
-4.794880890406248430e-01
-7.272908321631249562e-01
-3.437789993246622156e-01
4.930369894251374618e-01
-7.971220826828639971e-02
9.033275391338001503e-01
8.015817584854434408e-01
-5.364216946623525661e-01
-6.732197790991832909e-01
7.275601444951364238e-02
-8.310307525938820383e-01
-8.479103204646597503e-01
-5.112652998039745045e-01
4.119027400646895209e-01
-6.058707901236073390e-01
7.318119664568953908e-01
4.274783838979446804e-01
-5.635590307104700880e-01
3.724873922701935069e-01
9.890045172426237263e-01
-4.217380322195133924e-01
1.287024202172267762e-01
-4.451839786035197699e-01
8.327565476290708091e-01
4.411786190367537053e-01
-7.766826621748628146e-01
-5.178757917365695018e-01
1.749589796388809348e-01
3.038838078897359574e-01
-5.132944673106276667e-01
-1.380148474364884803e-01
8.064681439088680071e-01
-4.442143023827826442e-01
-2.791109219782520467e-01
-5.133202573755053510e-01
5.813008203333859258e-01
-9.541383201789976898e-01
-2.601252129804634827e-01
5.781286226500115255e-01
-1.217996070598839908e-01
2.106373646005522682e-01
-2.374630659766496787e-02
2.563161726050992573e-01
-3.026133198792976264e-01
6.249730530220274360e-01
-2.000988191321707022e-01
-6.210781351059792010e-01
-8.282744375894907085e-01
-1.275801454117942990e-01
9.823503678242800907e-01
2.815909318716557364e-01
-6.187480937850865503e-01
-6.417887263849226809e-01
-1.069706288311171732e-01
7.008221148321551741e-01
-9.417978104013392526e-01
6.035940309249598901e-01
4.835871345533308552e-01
7.746939960813479242e-01
-7.709164832615997276e-02
1.064467754665732180e-02
1.508589367532535419e-01
-8.016734373942568936e-01
7.073431050662321029e-01
1.476284204267876154e-01
1.876272208335399150e-01
-5.744398772435633793e-01
-6.801978576668343823e-01
-5.366634243332558951e-02
-9.901083607215861448e-01
5.457208018043094855e-01
9.868015104314395991e-01
-1.525263229088987260e-01
2.457162452889774251e-01
-9.486613720401566585e-01
8.396026100868893005e-01
-8.720571619718868739e-01
-6.626087667302442696e-01
4.474761854457975363e-01
3.066452845535974081e-01
-7.317602185360260192e-01
7.323141421823206043e-01
1.108751683890666084e-01
-7.634957246105694706e-01
8.434482471228498257e-01
1.721550504620788791e-01
-9.979163749583747078e-01
1.437255527481859640e-01
1.724502588429222827e-01
-5.408120811400357608e-01
-4.115424448039953220e-01
-8.505053028352949074e-01
3.790398335651549711e-01
-2.836880334950933058e-01
6.623854471779417885e-01
6.317066909247627260e-01
-1.286840526684679409e-01
-2.749656918342740508e-01
-5.293077801636774105e-01
8.805390660198028630e-02
-8.662331634457776097e-01
-5.802346490803332868e-01
5.015024596801846979e-01
-4.679837118257250128e-01
-3.167758964708639047e-01
3.600571506635812380e-01
-3.651206704648897183e-01
-2.761616244160549627e-01
3.832130568557058914e-01
4.765174592479436422e-01
1.644911371810233724e-01
2.109748031468659801e-02
-3.985840158247980769e-01
5.270048298664284925e-01
9.187594368514225840e-01
-7.245752486482009980e-01
-1.040208085735588595e-01
7.515225902876017106e-01
1.107245440038217010e-01
3.686837726247250979e-02
7.286852127649474653e-01
-8.022436484869683859e-01
-2.271269799352696739e-01
6.704172139583586265e-01
-6.942620572641536869e-01
-1.261450142648166961e-01
8.473682557553037231e-01
4.079861420429778951e-01
-1.435851265555881662e-01
3.575407345002036275e-01
3.328834260466393968e-01
2.790160437116941949e-01
-2.846560886329241313e-01
1.574965722386799105e-01
1.957176504759439717e-01
5.083266975607595439e-01
-5.024232768463871013e-02
-8.413091403164505433e-01
-2.502545820364206475e-01
8.642136797977011398e-01
-9.619161482529610119e-01
-3.307193837662623093e-01
-7.026161327869164808e-01
-2.449744157661512822e-01
-5.662878252395345813e-01
7.007667314160148653e-01
1.758618241708228558e-01
5.506076226854531713e-02
4.876154855353764112e-02
9.386698761311967898e-02
-1.944003447769862836e-01
4.509403567616796504e-01
9.687139343952230197e-01
-7.190102082912129822e-01
8.785775735875674952e-01
-1.523835594280863459e-01
-2.041461021671854281e-01
-4.308479381328944591e-01
-4.613818548206209957e-01
-3.022953614454964438e-02
-8.242729364020245919e-01
3.498878017091748838e-01
-7.387729268033536023e-01
7.222862182893766136e-02
-2.232715434439237756e-01
-8.057640729579980121e-01
1.156014277744877999e-01
8.775595453434179571e-01
2.113863057846383509e-01
-3.510138691916324660e-01
-7.292350317918624425e-01
-2.418869838622882129e-01
-5.241069672152010028e-01
-5.470545377760502315e-02
5.340034829424194357e-02
7.505963295327685580e-01
-3.124428224670189880e-01
2.034970055933149058e-01
8.722739196212467294e-02
6.076840044614635339e-01
6.614579016986412707e-01
1.268156987978964478e-01
-2.664327891877374954e-01
-1.129728039933897837e-01
2.765972837767974313e-01
4.382948110380725515e-01
3.884992353173465918e-01
-8.779448293720014673e-01
-6.571993122493492434e-01
2.862178360742966277e-01
-6.602956973589210743e-02
8.367362526666094480e-01
-2.641425374919519342e-01
3.190318201716543789e-01
4.029193492732636717e-01
-5.415518793751511462e-02
-2.096007411875250304e-01
-4.647862905122344124e-01
-7.020328188194007168e-01
9.261945171726713166e-01
7.451555570583329180e-01
-2.998611392705329698e-02
-7.340426198608095421e-01
-1.051463949021583799e-01
1.317130882013368420e-01
-4.762563086517128674e-01
-6.051811714232309125e-01
-3.393458476041205651e-01
1.491982864351837079e-01
2.031425935801960958e-01
-9.250853382586355922e-01
3.401037409442604909e-01
-2.523112846778997609e-01
9.424337831062634674e-01
3.804381012977782195e-01
7.099662468350943501e-01
-4.806859222841415868e-01
4.225565680190991324e-01
5.445608381289110955e-01
-5.520901001805930131e-01
6.732822725268381436e-01
4.868439236788845159e-01
-2.121947437712778384e-01
-6.583936079835100985e-01
8.118025890617617257e-01
8.623386681053160085e-01
-3.862198712071596152e-02
