4.723014817080986028e-01
8.464996247502614146e-01
-3.653777211999622576e-01
5.445172422498067988e-01
2.394779240477011573e-01
3.037151379415226060e-01
-2.979987074432292049e-01
-7.893817100291015132e-01
1.948896737306986537e-01
3.607795639174418145e-01
-8.483722836252267641e-01
-5.719761380292638364e-01
-9.481703400667600423e-01
8.385473030774057701e-01
1.580996178228449012e-01
-1.935764055095531566e-01
4.080642716204460618e-02
-1.408556756222079098e-02
3.583621144534706593e-01
6.008194603005485579e-01
1.120831400228275709e-01
-8.934968452112419524e-01
-2.363658937620407574e-01
8.143831630751264816e-01
6.222159087733720728e-01
9.655674328256776962e-01
1.673847120055477894e-02
4.889328276047127941e-02
-7.451719300565314702e-03
8.102013610018978795e-01
-2.349517334054497530e-01
2.565310911377330361e-01
2.911770633870092162e-01
6.865029518190580715e-01
5.435491688588843795e-01
-9.159814605862061088e-01
1.336179974145585390e-02
-4.195654345426131915e-01
-4.794880890406248430e-01
-7.272898743591935666e-01
-3.437789993246622156e-01
4.930307774392590492e-01
-7.971220826828639971e-02
9.033275391338001503e-01
8.010304925002441623e-01
-5.364216946623525661e-01
-6.732197790991832909e-01
7.206555648357859667e-02
6.113708435171388844e-01
-8.479103204646597503e-01
-5.112652998039745045e-01
4.119027400646895209e-01
-6.058707901236073390e-01
7.614700395699719460e-01
4.274783838979446804e-01
-4.944763424934977558e-01
3.724873922701935069e-01
9.890045172426237263e-01
-4.217380322195133924e-01
1.287024202172267762e-01
-4.369655380791039323e-01
8.307357300675792811e-01
4.411786190367537053e-01
-7.742468684573314830e-01
-5.178757917365695018e-01
1.749589796388809348e-01
3.038809189940930300e-01
-5.132944673106276667e-01
-1.380148474364884803e-01
8.064681439088680071e-01
-4.442143023827826442e-01
-2.791109219782520467e-01
-5.092172235327526719e-01
5.815958136256418332e-01
-9.541383201789976898e-01
-2.601206330655368437e-01
5.823218954447993978e-01
-1.217996070598839908e-01
2.106373646005522682e-01
-2.374630659766496787e-02
2.563161726050992573e-01
-3.026133198792976264e-01
6.249730530220274360e-01
-2.000988191321707022e-01
-6.210781351059792010e-01
-8.282744375894907085e-01
-8.520496361715454992e-01
9.824945557633107951e-01
4.517058726411232739e-01
-6.187480937850865503e-01
-6.417887263849226809e-01
-1.069666184409348159e-01
7.008221148321551741e-01
-9.417978104013392526e-01
6.034141394869656505e-01
4.835871345533308552e-01
7.331439981674665596e-01
-7.709164832615997276e-02
1.064467754665732180e-02
1.508589367532535419e-01
-8.016734373942568936e-01
7.073431050662321029e-01
1.409710396522778075e-01
1.876272208335399150e-01
-5.744399716167606362e-01
-6.801978576668343823e-01
-5.366634243332558951e-02
-9.901083607215861448e-01
5.457208018043094855e-01
9.197442569543397006e-01
-1.659517676043090750e-01
2.457162452889774251e-01
-6.575717496862703015e-01
7.997689878892817461e-01
-8.720571619718868739e-01
-6.626087667302442696e-01
4.474761854457975363e-01
3.066452845535974081e-01
-6.623362062982606213e-01
8.295481936188581207e-01
1.108751683890666084e-01
-7.113521368433954883e-01
8.437243155969462727e-01
1.721550504620788791e-01
-9.979163749583747078e-01
1.437255527481859640e-01
1.724502588429222827e-01
-5.408120811400357608e-01
-4.115424448039953220e-01
-8.517241647436722962e-01
3.790398335651549711e-01
-3.201366696269346557e-01
6.623809113594709697e-01
6.455185395476957799e-01
-1.286840526684679409e-01
-2.749656918342740508e-01
-5.293077801636774105e-01
8.805390660198028630e-02
-8.662331634457776097e-01
-5.802188569029187448e-01
5.001996050711557951e-01
-4.679837118257250128e-01
-3.167758964708639047e-01
3.596473370668690772e-01
-3.649622232784560660e-01
-2.761616244160549627e-01
3.832130568557058914e-01
2.198330499613764255e-01
1.644911371810233724e-01
2.109748031468659801e-02
-4.032275241124148035e-01
5.270048298664284925e-01
9.187594368514225840e-01
-6.596719726240556358e-01
-8.303794094732655506e-02
6.993383141112878842e-01
5.342105764417141023e-01
3.686837726247250979e-02
7.286852127649474653e-01
-1.791733846656472506e-01
-1.949882912869678742e-01
6.704172139583586265e-01
-6.548153026122012221e-01
-1.261450142648166961e-01
8.473682557553037231e-01
4.079861420429778951e-01
-1.435851265555881662e-01
3.575407345002036275e-01
3.329064271062534552e-01
2.790160437116941949e-01
-2.846560886329241313e-01
3.476006232616696834e-01
1.957176504759439717e-01
5.083253928669823063e-01
-5.024232768463871013e-02
-8.413091403164505433e-01
-3.483179451996571974e-01
8.642136797977011398e-01
-9.864077956427340643e-01
-3.206410147940864652e-01
-7.028596960328712395e-01
-2.449744157661512822e-01
-5.662878252395345813e-01
7.007667314160148653e-01
1.758618241708228558e-01
5.506076226854531713e-02
4.870222056843285380e-02
9.386698761311967898e-02
-1.944003447769862836e-01
4.509403567616796504e-01
9.687139343952230197e-01
-7.190102082912129822e-01
8.785775735875674952e-01
-1.523835594280863459e-01
-2.041461021671854281e-01
-4.308479381328944591e-01
-4.614692432528678667e-01
1.577525420685495228e-02
-8.242729364020245919e-01
4.303730921292462375e-01
-7.387729268033536023e-01
7.814811951277927937e-02
-2.232715434439237756e-01
-8.028233514726168529e-01
1.156014277744877999e-01
8.775595453434179571e-01
2.001303579015576151e-01
-3.510138691916324660e-01
-7.290446779870359828e-01
-2.418869838622882129e-01
-5.245631851855181438e-01
-5.470545377760502315e-02
2.581865843578325798e-02
7.505963295327685580e-01
-3.124428224670189880e-01
2.056151630931235263e-01
8.722739196212467294e-02
4.930196628423533234e-01
6.614579016986412707e-01
1.268156987978964478e-01
-2.664327891877374954e-01
-1.129728039933897837e-01
2.765972837767974313e-01
4.382948110380725515e-01
3.884992353173465918e-01
-8.779448293720014673e-01
-6.571993122493492434e-01
2.862178360742966277e-01
-6.602956973589210743e-02
8.525525173146561997e-01
-2.641425374919519342e-01
3.190451172148064396e-01
3.987227246582577544e-01
-5.417900900477707476e-02
-2.096007411875250304e-01
-4.647862905122344124e-01
-7.020328188194007168e-01
9.261945171726713166e-01
7.451555570583329180e-01
-2.998611392705329698e-02
-7.340426198608095421e-01
-1.051463949021583799e-01
1.317130294170379690e-01
-4.762563086517128674e-01
-6.051811714232309125e-01
-3.393458476041205651e-01
1.491965486811515640e-01
2.546380819595411293e-01
-9.250853382586355922e-01
3.401037409442604909e-01
-2.523112846778997609e-01
9.427619280491182918e-01
3.804381012977782195e-01
7.099245196897585597e-01
-4.806859222841415868e-01
5.254283621555648764e-01
5.445608381289110955e-01
-5.504956629568383830e-01
6.402211228624538064e-01
4.868439236788845159e-01
-2.121947437712778384e-01
-6.583936079835100985e-01
4.797647357532248136e-01
8.623386681053160085e-01
-1.087998538177016583e-02
