4.800672331551931737e-01
8.464996247502614146e-01
-2.786355111543765140e-01
5.632403582944010001e-01
2.394779240477011573e-01
3.041747989344153469e-01
-3.819464671880188344e-01
-7.893817100291015132e-01
2.702724133164480791e-01
4.488047686373013434e-01
-8.483724740266170850e-01
-5.719761380292638364e-01
-8.894729585248494219e-01
8.385473030774057701e-01
-6.643992380903764872e-01
-1.935764055095531566e-01
4.080642716204460618e-02
-6.368604984563634996e-01
-3.049177913441034615e-01
5.972498214696138064e-01
1.146114149216869438e-01
-8.935560137838628458e-01
-2.363658937620407574e-01
7.924858207501978002e-01
6.015446900336018921e-01
9.655674328256776962e-01
2.001468336230172521e-02
5.234462872463196970e-02
-7.848582726901353127e-03
8.102013610018978795e-01
-2.344655486257929966e-01
2.565310911377330361e-01
2.902462542818273761e-01
7.374420487416541992e-01
5.435491688588843795e-01
-2.227112571735619662e-01
1.336179974145585390e-02
-4.098842625824751229e-01
-4.974420343651204113e-01
-7.272363382878028748e-01
-3.437909908025580941e-01
4.930307774392590492e-01
-7.935280296556911084e-02
9.248442304174183670e-01
9.212655115533325834e-01
-5.357434098344336926e-01
-8.480635300293548617e-01
7.416111863032615048e-02
3.109089011219563492e-01
-8.386865472367016627e-01
-5.322765155997768449e-01
4.119027400646895209e-01
4.501822301510837177e-01
7.381960294840508308e-01
4.274783838979446804e-01
-4.944763424934977558e-01
3.724873922701935069e-01
9.889573479112273580e-01
-4.217383164372649484e-01
1.115747846265457699e-01
-4.261166135753267636e-01
8.307357300675792811e-01
4.411786190367537053e-01
-7.752609988915781791e-01
-4.865425323570293226e-01
1.749589796388809348e-01
3.038809189940930300e-01
-5.132944673106276667e-01
-1.380148474364884803e-01
8.612561502063685870e-01
-4.446306066721457673e-01
-2.800428366371208178e-01
-7.884829327117619524e-01
5.640932113060399544e-01
-9.564711575337800920e-01
-2.601206330655368437e-01
5.743814131795583755e-01
6.556971415610637344e-01
-6.320647869896107718e-01
-2.374630659766496787e-02
2.568800629593092077e-01
-3.026133198792976264e-01
5.359681722590472486e-01
-2.002092638569591687e-01
-6.958384661210045841e-02
-7.996105876686359082e-01
-8.317247269481089500e-01
9.824945557633107951e-01
4.517058726411232739e-01
-5.981860082249638166e-01
-6.417887263849226809e-01
-1.069666184409348159e-01
7.008221148321551741e-01
-6.731283830604284368e-01
6.037409980856340841e-01
5.740070771725220844e-01
7.331439981674665596e-01
-5.322895457445407930e-01
1.064467754665732180e-02
1.461888704503614134e-01
-8.016734373942568936e-01
7.070109984134296255e-01
-7.109510963634013692e-01
1.876272208335399150e-01
-5.742820836679410901e-01
-6.801978576668343823e-01
6.665532121138881827e-01
-9.908166831523433915e-01
5.552973248922591365e-01
8.465959560214829649e-01
4.279269121773794649e-02
-4.502913254895812289e-01
-9.210289945149113811e-01
8.204920343328562238e-01
-8.613115013769149231e-01
-6.626087667302442696e-01
4.474761854457975363e-01
3.066452845535974081e-01
-6.634540899665146707e-01
8.247689804016434811e-01
1.118016129606899389e-01
-7.113521368433954883e-01
8.426616310254869679e-01
1.721309717296919395e-01
-9.992455223204215198e-01
1.517950401783488279e-01
2.328947952633363683e-01
-5.408120811400357608e-01
-4.115424448039953220e-01
-7.939292865580620528e-01
3.296639254717025902e-01
-3.201366696269346557e-01
6.623056493470930173e-01
6.443929316063580215e-01
-6.296644349666941087e-02
-2.726981354385824008e-01
-5.308770618525744389e-01
8.805390660198028630e-02
-8.672606355351485385e-01
-5.802188569029187448e-01
5.517095519580775820e-01
-4.679837118257250128e-01
-3.215903182314777675e-01
7.714044706826281850e-01
-3.650843632878882916e-01
-2.761616244160549627e-01
3.830677956753202884e-01
1.914030811416219113e-01
1.644911371810233724e-01
2.111586621979831199e-02
-4.074999867858680735e-01
1.441610139914588917e-01
9.182820602281517308e-01
-6.596719726240556358e-01
-9.461673986965381256e-02
6.664190890470068629e-01
1.107245440038217010e-01
6.948301667515976998e-02
7.910099461966291212e-01
-1.498005878476608432e-01
-1.713920028157920328e-01
6.704172139583586265e-01
-7.897014824563965973e-01
-1.261450142648166961e-01
8.473682557553037231e-01
3.094214121514421434e-01
2.435356132226876302e-02
3.575407345002036275e-01
3.048295108945444643e-01
2.790160437116941949e-01
-1.858042221908935976e-01
3.476006232616696834e-01
1.521198256205187893e-01
5.083264353640967181e-01
-5.024232768463871013e-02
-8.413091403164505433e-01
-2.479182394788434218e-01
8.642136797977011398e-01
-9.867925433376831812e-01
-2.954129028502089360e-01
-7.028596960328712395e-01
9.539758875752547551e-01
-5.662878252395345813e-01
7.007667314160148653e-01
-3.242505472164686209e-01
5.612021152995272377e-02
4.878832071039928414e-02
9.485921478878917013e-02
-2.116461396721979193e-01
4.810354539127732476e-01
9.687139343952230197e-01
-7.115893121696695856e-01
9.014142330917652712e-01
-1.145537896473033806e-01
-6.932850593553846474e-01
-2.376131773014859561e-01
-4.614480163783306610e-01
1.577525420685495228e-02
-8.242729364020245919e-01
3.801875270836239107e-01
-7.387729268033536023e-01
1.924583071321600558e-01
-2.336689003013649457e-01
-3.728265153151702482e-01
1.159690025774001709e-01
8.905466379324937787e-01
2.330149923007170110e-01
-3.510138691916324660e-01
-7.296640390967746859e-01
-2.418869838622882129e-01
-5.245631851855181438e-01
-5.175151386826167682e-02
2.581865843578325798e-02
7.505963295327685580e-01
-3.124428224670189880e-01
1.940068824650367230e-01
8.722739196212467294e-02
5.735378952305371092e-01
6.614579016986412707e-01
1.243595678936657289e-01
-2.664327891877374954e-01
-1.109173676719526352e-01
2.766168862002019724e-01
4.382948110380725515e-01
3.884992353173465918e-01
-8.779448293720014673e-01
-6.571993122493492434e-01
3.273277257693547049e-01
1.433053634829836720e-01
8.311509622965564947e-01
-2.539453966060980505e-01
3.190451172148064396e-01
4.762314907944278364e-01
-4.446600438962688973e-02
-2.096007411875250304e-01
-5.281155799255655703e-01
-7.020328188194007168e-01
9.261945171726713166e-01
6.016727392159811894e-01
-2.998611392705329698e-02
-7.340426198608095421e-01
-1.053480675052433091e-01
1.321891042968204588e-01
-4.762563086517128674e-01
-9.022627514632909351e-01
-3.393458476041205651e-01
1.492070415321898602e-01
2.517104488383220540e-01
-9.249058038154321926e-01
3.277318756420638524e-01
-2.542409116224636501e-01
9.428694545337918953e-01
4.126582706154672264e-01
6.728059862577000505e-01
-7.706630836504444471e-01
3.860763947830702092e-01
3.818398661057488819e-01
7.874658750418924713e-01
7.964686142508736744e-01
4.868439236788845159e-01
-4.534066361592233863e-01
-6.584202196126407447e-01
5.141866598131776822e-01
8.623386681053160085e-01
1.061337859136767259e-01
