4.800672331551931737e-01
8.464965725818111020e-01
-1.616701572568895462e-01
4.595254779906144948e-01
2.394779240477011573e-01
3.030316610405861533e-01
-3.819464671880188344e-01
-7.893821172754060811e-01
2.702724133164480791e-01
4.315666635791449712e-01
-8.483724693090703983e-01
-5.411164242617596543e-01
4.899738162080439219e-01
8.385473030774057701e-01
-6.643992380903764872e-01
-1.935764055095531566e-01
4.080642716204460618e-02
-6.368604984563634996e-01
-4.121448691285055088e-01
5.972498214696138064e-01
1.146114149216869438e-01
-8.935560137838628458e-01
-2.519766874192454487e-01
7.924858207501978002e-01
6.015446900336018921e-01
9.655674328256776962e-01
2.222983060085842108e-02
5.238516925508944488e-02
-7.848582726901353127e-03
8.044658433093305749e-01
-2.330848189854539398e-01
2.565310911377330361e-01
2.902462542818273761e-01
7.374420487416541992e-01
5.435491688588843795e-01
-3.492624448621957090e-01
1.336179974145585390e-02
-4.098842625824751229e-01
-4.974420343651204113e-01
-7.273088613618485798e-01
-3.437882838046915079e-01
4.922871919985612466e-01
-7.935280296556911084e-02
9.248492669292998070e-01
9.212655115533325834e-01
-5.237328593415109257e-01
-7.416713508692652779e-01
7.416111863032615048e-02
3.109089011219563492e-01
-8.386865472367016627e-01
-5.322765155997768449e-01
4.105639669423775118e-01
4.501822301510837177e-01
7.276523301225806817e-01
4.274783838979446804e-01
-4.944763424934977558e-01
3.724873922701935069e-01
9.889573479112273580e-01
-4.217383164372649484e-01
3.428543714854221935e-01
-4.261166135753267636e-01
8.307357300675792811e-01
4.411786190367537053e-01
-7.752609988915781791e-01
-5.003927960091911764e-01
1.749589796388809348e-01
3.038682102765009607e-01
-5.132944673106276667e-01
-2.313974273902363876e-01
8.627108795981771605e-01
-9.995203778025909536e-01
-2.800428366371208178e-01
-7.884829327117619524e-01
6.431041931891255947e-01
-9.347552160432444079e-01
-2.601206330655368437e-01
5.744530932476431540e-01
6.556971415610637344e-01
3.279776803788174155e-01
-2.374630659766496787e-02
2.568800629593092077e-01
-3.026133198792976264e-01
5.359681722590472486e-01
-2.002092638569591687e-01
-6.958384661210045841e-02
-7.996105876686359082e-01
-8.317247269481089500e-01
9.824945557633107951e-01
4.517058726411232739e-01
-5.981860082249638166e-01
-6.417887263849226809e-01
-1.069899847477028126e-01
6.820910413873367828e-01
-6.731283830604284368e-01
6.037409980856340841e-01
5.740070771725220844e-01
7.331439981674665596e-01
-9.669979618482593686e-02
1.064467754665732180e-02
1.465487006972779338e-01
-8.046337967053380780e-01
7.070109984134296255e-01
-7.109510963634013692e-01
1.876272208335399150e-01
-5.743385267569202091e-01
-6.801978619671538162e-01
6.665532121138881827e-01
-9.908166831523433915e-01
5.552973248922591365e-01
8.465959560214829649e-01
-3.381799183779712337e-01
-3.702710229340363535e-01
-9.210289945149113811e-01
8.204920343328562238e-01
-8.636408108463240474e-01
-6.626087667302442696e-01
4.456412973556386770e-01
3.066452845535974081e-01
-6.385941616397055043e-01
8.247689804016434811e-01
1.118016129606899389e-01
-7.113521368433954883e-01
8.426616310254869679e-01
1.721309717296919395e-01
-9.992455223204215198e-01
1.517950401783488279e-01
2.328947952633363683e-01
-5.408120811400357608e-01
-4.115424448039953220e-01
-7.939292865580620528e-01
3.609409541880980177e-01
-3.201366696269346557e-01
6.623056493470930173e-01
6.443929316063580215e-01
-6.296644349666941087e-02
-2.356946219100221895e-01
-5.308770618525744389e-01
8.805390660198028630e-02
-8.674697064753849052e-01
-5.802188569029187448e-01
5.516896644813780171e-01
-4.679837118257250128e-01
-3.251072197694813148e-01
2.687575614993666928e-01
-3.650843632878882916e-01
-2.761616244160549627e-01
3.830677956753202884e-01
2.233246240322390996e-01
1.764295728150304943e-01
2.096923217376029866e-02
-4.019354523975725013e-01
1.441610139914588917e-01
9.182820602281517308e-01
-6.596719726240556358e-01
-9.461365265130973479e-02
5.911455141801871260e-01
1.107245440038217010e-01
6.948301667515976998e-02
7.937254662861387144e-01
-6.500647448870218170e-01
-1.713920028157920328e-01
6.784342071339430902e-01
-7.897014824563965973e-01
-1.261450142648166961e-01
8.473682557553037231e-01
3.094214121514421434e-01
2.435356132226876302e-02
3.575407345002036275e-01
3.048295108945444643e-01
-3.444637457930257440e-01
-2.010757466355123646e-01
3.476006232616696834e-01
1.521198256205187893e-01
5.083264353640967181e-01
-5.024232768463871013e-02
-8.413071502036992833e-01
-2.413956628286479111e-01
8.588819038819576202e-01
-9.867925433376831812e-01
-2.954129028502089360e-01
-7.028596960328712395e-01
7.381441685191991731e-01
-5.662878252395345813e-01
7.007667314160148653e-01
-3.716230061578837951e-01
-5.059103864400053135e-02
4.879595596205148211e-02
9.485921478878917013e-02
-2.116461396721979193e-01
4.238471499185534341e-01
9.687139343952230197e-01
-7.115893121696695856e-01
9.299016548371497048e-01
-2.283840837874375751e-01
-6.930615852605200855e-01
-2.376131773014859561e-01
-4.178785742733139297e-01
1.577525420685495228e-02
-8.241261344609576156e-01
3.801875270836239107e-01
-7.005790187011851078e-01
1.924583071321600558e-01
-2.336689003013649457e-01
-2.256630968175186158e-01
1.173936052533924024e-01
8.905466379324937787e-01
2.330149923007170110e-01
-3.510138691916324660e-01
-7.296640390967746859e-01
-2.418869838622882129e-01
-5.245631851855181438e-01
-4.997621992419025438e-02
2.581865843578325798e-02
7.505963295327685580e-01
-3.124428224670189880e-01
1.939836259725510603e-01
8.722739196212467294e-02
5.735378952305371092e-01
6.614579016986412707e-01
1.240395335498595819e-01
-3.795638152180506042e-01
-7.397796244052103898e-01
3.996219034173281726e-01
4.382948110380725515e-01
3.884992353173465918e-01
-4.098086761453632043e-01
-6.571993122493492434e-01
-7.235470320021628599e-01
1.433053634829836720e-01
8.256333108989416525e-01
-2.539453966060980505e-01
3.190451172148064396e-01
4.762314907944278364e-01
-4.586598711982336346e-02
-2.096007411875250304e-01
-5.281155799255655703e-01
-7.020328188194007168e-01
9.261945171726713166e-01
6.055501704205438207e-01
-2.998611392705329698e-02
-7.290318681408073376e-01
-1.053480675052433091e-01
1.321891042968204588e-01
-4.762563086517128674e-01
-9.022627514632909351e-01
-3.393458476041205651e-01
1.492070415321898602e-01
2.619916126865375894e-01
-9.352111138379992639e-01
3.568780583937231077e-01
-8.377145568524987373e-01
9.428644931175917954e-01
4.126582706154672264e-01
6.728059862577000505e-01
-7.436806206318778978e-01
3.860763947830702092e-01
-1.845204077603238291e-01
7.874658750418924713e-01
7.956768264205632546e-01
4.868439236788845159e-01
-4.534066361592233863e-01
-6.586834596255157770e-01
5.141866598131776822e-01
8.623386681053160085e-01
1.061337859136767259e-01
