4.800672331551931737e-01
8.464996247502614146e-01
-1.334310080398901921e-01
-9.870613116043783219e-02
2.394779240477011573e-01
3.036304485131766095e-01
-3.819464671880188344e-01
-7.893819313193369824e-01
2.702724133164480791e-01
4.488047686373013434e-01
-8.483724740266170850e-01
-5.949079798581931033e-01
-9.046643705826410420e-01
2.963042463994198239e-01
-6.643992380903764872e-01
-1.935764055095531566e-01
4.080642716204460618e-02
-6.368604984563634996e-01
-3.091249573504324943e-01
5.972498214696138064e-01
1.146114149216869438e-01
-8.935563266174791908e-01
-2.363658937620407574e-01
7.924858207501978002e-01
5.965295994068345875e-01
9.655674328256776962e-01
2.001368612125569574e-02
5.084151152065674584e-02
-5.831462110083458772e-03
8.102013610018978795e-01
-2.349517334054497530e-01
2.565310911377330361e-01
2.902462542818273761e-01
7.374420487416541992e-01
5.435491688588843795e-01
-2.227112571735619662e-01
1.336179974145585390e-02
-4.098842625824751229e-01
-4.974420343651204113e-01
-7.258562614412634728e-01
-3.437872982160337654e-01
4.931480895253096963e-01
-7.935280296556911084e-02
9.248442304174183670e-01
9.212655115533325834e-01
-5.352631878477969174e-01
-6.729973296125952853e-01
7.416111863032615048e-02
3.993089346970167819e-01
-8.386865472367016627e-01
-5.322765155997768449e-01
4.105433140654942137e-01
-1.863244400605887918e-01
7.381960294840508308e-01
4.274783838979446804e-01
-4.944763424934977558e-01
3.724873922701935069e-01
9.960869067172680724e-01
-4.217383164372649484e-01
1.115747846265457699e-01
-4.263693611173092202e-01
8.307357300675792811e-01
4.411786190367537053e-01
-7.752609988915781791e-01
-5.144784529880833679e-01
1.749589796388809348e-01
3.038979956228057833e-01
-5.132944673106276667e-01
-1.679961561564156103e-01
8.512995135748185893e-01
-4.446306066721457673e-01
-2.800428366371208178e-01
-7.884829327117619524e-01
5.489820254340820327e-01
-9.514974524338786210e-01
-2.601561399884861903e-01
5.744536560625448374e-01
6.556971415610637344e-01
-6.749766438893209930e-01
-2.374630659766496787e-02
2.568800629593092077e-01
-3.026133198792976264e-01
5.359681722590472486e-01
-2.001629572599962215e-01
-6.958384661210045841e-02
-7.996105876686359082e-01
-8.317247269481089500e-01
9.817088995833909149e-01
4.517058726411232739e-01
-5.981860082249638166e-01
-6.417887263849226809e-01
-1.069834613590292111e-01
7.008221148321551741e-01
-6.612597750953779219e-01
6.037409980856340841e-01
5.740070771725220844e-01
7.331439981674665596e-01
-4.766625006330474923e-01
1.064467754665732180e-02
1.461888704503614134e-01
-8.016734373942568936e-01
7.657677059835812372e-01
1.872466868813252860e-01
1.876272208335399150e-01
-5.742820836679410901e-01
-6.801978576668343823e-01
6.665532121138881827e-01
-9.908166831523433915e-01
5.552973248922591365e-01
8.299814815291350900e-01
2.149379323799633368e-01
-5.495909981657931542e-02
-9.210289945149113811e-01
8.204920343328562238e-01
-8.613115013769149231e-01
-6.626087667302442696e-01
4.474761854457975363e-01
3.066496200590314025e-01
-6.634540899665146707e-01
8.247689804016434811e-01
1.118016129606899389e-01
-7.113521368433954883e-01
8.426616310254869679e-01
1.721309717296919395e-01
-9.992455223204215198e-01
1.517950401783488279e-01
1.626062992652913819e-01
-5.408120811400357608e-01
-4.115424448039953220e-01
-7.892422588578535958e-01
3.296639254717025902e-01
-3.201366696269346557e-01
6.623056493470930173e-01
6.443929316063580215e-01
-2.288218346208097942e-01
-2.726981354385824008e-01
-5.308770618525744389e-01
8.805390660198028630e-02
-8.678226909320277960e-01
-5.802188569029187448e-01
5.516900170410332649e-01
-4.679837118257250128e-01
-3.215903182314777675e-01
6.303901810419223484e-01
-3.650843632878882916e-01
-2.761616244160549627e-01
3.830677956753202884e-01
1.863147516320336206e-01
1.711563714285409543e-01
2.093333572459478431e-02
-4.019354523975725013e-01
1.469884653503183980e-01
9.182820602281517308e-01
-6.596719726240556358e-01
-9.416055535594096415e-02
6.664190890470068629e-01
1.107245440038217010e-01
6.948301667515976998e-02
7.910099461966291212e-01
-5.815088095151759173e-01
-1.713920028157920328e-01
6.704172139583586265e-01
-7.897014824563965973e-01
-1.261450142648166961e-01
8.473682557553037231e-01
3.094214121514421434e-01
2.435356132226876302e-02
3.575407345002036275e-01
3.048295108945444643e-01
-2.886860785417144637e-01
-1.858042221908935976e-01
3.476006232616696834e-01
1.521198256205187893e-01
5.083264353640967181e-01
-5.024232768463871013e-02
-8.412091358828036602e-01
-2.658556988260452059e-01
8.527834618123432131e-01
-9.867925433376831812e-01
-2.901401603004556962e-01
-6.961440230998414691e-01
5.844193448585142114e-01
-5.662878252395345813e-01
7.007667314160148653e-01
-3.242505472164686209e-01
5.612021152995272377e-02
4.878734675302782986e-02
9.485921478878917013e-02
-2.176563976642651721e-01
3.704844871221538161e-01
9.687139343952230197e-01
-7.072197834336371169e-01
8.976651503263104459e-01
-6.820573554347497680e-02
-6.932680483502570157e-01
-2.557431431274456712e-01
-4.200626945987618321e-01
1.961150461080646626e-02
-8.242729364020245919e-01
3.801875270836239107e-01
-2.178777715969741346e-01
3.831825601911729162e-01
-2.336689003013649457e-01
-1.885173721700402760e-01
1.198572595581562233e-01
8.892294355533498784e-01
2.330149923007170110e-01
-3.510138691916324660e-01
-7.265076277678430561e-01
-2.418869838622882129e-01
-5.283381649716698547e-01
-5.175151386826167682e-02
2.581865843578325798e-02
9.310443427262945493e-01
-3.124428224670189880e-01
1.931905160862648074e-01
8.722739196212467294e-02
5.735378952305371092e-01
6.614579016986412707e-01
1.243595678936657289e-01
-2.376465253110484621e-01
-1.529772862815956813e-01
3.137338126131382077e-01
4.191605611718003388e-01
3.884992353173465918e-01
-8.779448293720014673e-01
-6.695954127112648813e-01
3.273277257693547049e-01
1.433053634829836720e-01
8.311509622965564947e-01
-2.535847324062307506e-01
3.190451172148064396e-01
4.442488362086123854e-01
-4.446600438962688973e-02
-2.096007411875250304e-01
-5.281155799255655703e-01
-7.012410943301733424e-01
9.261945171726713166e-01
6.256350302672946118e-01
-2.998611392705329698e-02
-6.183774811686661987e-01
-9.543401673460746859e-02
1.322649796077501327e-01
-4.762563086517128674e-01
-9.022627514632909351e-01
-3.393458476041205651e-01
1.492070415321898602e-01
2.540214041166823922e-01
-9.249058038154321926e-01
3.277318756420638524e-01
-8.591016775191993027e-01
9.428694545337918953e-01
4.126582706154672264e-01
6.728059862577000505e-01
-8.777422228760670686e-01
3.918668788391900248e-01
-1.216536427490263750e-01
9.139849677365738945e-01
7.964686142508736744e-01
4.871929711608204427e-01
-4.534066361592233863e-01
-6.574897946240668700e-01
5.141866598131776822e-01
8.623386681053160085e-01
1.061337859136767259e-01
