4.800672331551931737e-01
8.464996247502614146e-01
-1.631588412764840290e-01
-4.950613828114541759e-02
2.394779240477011573e-01
3.031791285665603741e-01
-3.819464671880188344e-01
-7.893819313193369824e-01
2.702724133164480791e-01
4.299639493187846218e-01
-8.483724740266170850e-01
-5.949079798581931033e-01
-9.046643705826410420e-01
9.063301919788058214e-01
-6.643992380903764872e-01
-1.935764055095531566e-01
4.080642716204460618e-02
-6.368604984563634996e-01
-4.172580908159729263e-01
5.972498214696138064e-01
1.146114149216869438e-01
-8.935560902060428745e-01
-2.394116259156716386e-01
7.924858207501978002e-01
6.004665059002126659e-01
9.655278174722566886e-01
2.096104785330797290e-02
5.155656469496765898e-02
-5.830482264552731830e-03
8.102013610018978795e-01
-2.330254321078900070e-01
2.565310911377330361e-01
2.902640433770149464e-01
7.374420487416541992e-01
5.435491688588843795e-01
-2.227112571735619662e-01
1.336179974145585390e-02
-4.107962757003263965e-01
-4.974420343651204113e-01
-7.258562614412634728e-01
-3.437867722089622546e-01
4.931766216855703600e-01
-7.942697801096544608e-02
9.248769815047865883e-01
9.212655115533325834e-01
-5.228478377398481092e-01
-7.403492517253214000e-01
7.416111863032615048e-02
4.847744031388798724e-01
-8.386865472367016627e-01
-5.322765155997768449e-01
4.105296467849629538e-01
8.840903747181543260e-01
7.187542474672072856e-01
4.274783838979446804e-01
-4.944763424934977558e-01
3.724873922701935069e-01
9.848253171217818958e-01
-4.217383164372649484e-01
1.626478543835133406e-01
-4.325262950392258499e-01
8.307357300675792811e-01
4.411786190367537053e-01
-7.752609988915781791e-01
-5.084537138234586084e-01
1.749589796388809348e-01
3.038974307778533612e-01
-5.132944673106276667e-01
-1.671843883948025966e-01
9.404101091659060607e-01
-3.770849183630610169e-01
-2.800428366371208178e-01
-7.884829327117619524e-01
5.162914250056616083e-01
-9.515406038889446805e-01
-2.601561399884861903e-01
5.744536560625448374e-01
6.447695181140499221e-01
-7.424727660930123818e-01
-2.374630659766496787e-02
2.568800629593092077e-01
-3.026133198792976264e-01
5.359681722590472486e-01
-2.001565131958127075e-01
-8.622196007879311119e-02
-7.996105876686359082e-01
-8.317247269481089500e-01
9.817046318108862968e-01
4.517058726411232739e-01
-6.057165680128504537e-01
-6.417887263849226809e-01
-1.069834613590292111e-01
7.008221148321551741e-01
-6.612597750953779219e-01
6.037409980856340841e-01
5.740070771725220844e-01
7.331439981674665596e-01
-1.119227758292064001e-01
1.071313941001094880e-02
1.460034417911214577e-01
-8.003658622925927668e-01
7.729411458123365275e-01
1.866308028958522658e-01
1.876272208335399150e-01
-5.743426182002088209e-01
-6.801978576668343823e-01
6.665532121138881827e-01
-9.654441949525669475e-01
5.498838548263811354e-01
8.512498335293146035e-01
8.457195933774735996e-02
-4.287573346687625353e-01
-9.210289945149113811e-01
8.204920343328562238e-01
-8.614974341630877719e-01
-6.626087667302442696e-01
4.472571551510539645e-01
3.066467149878099874e-01
-6.191639965490891573e-01
8.247689804016434811e-01
1.118016129606899389e-01
-7.113521368433954883e-01
8.342755103223040702e-01
1.721309717296919395e-01
-9.992455223204215198e-01
1.517950401783488279e-01
1.626062992652913819e-01
-5.408120811400357608e-01
-5.963843414964127287e-01
-7.892422588578535958e-01
3.608884802283799931e-01
-3.201375245075600007e-01
6.623056493470930173e-01
6.443929316063580215e-01
-2.432548986995813067e-01
-2.634615859269033300e-01
-5.308770618525744389e-01
6.615971104146629866e-02
-8.674485475400588452e-01
-5.802188569029187448e-01
5.516900170410332649e-01
-4.679837118257250128e-01
-3.228792646865567550e-01
1.337014816074698076e-01
-3.650843632878882916e-01
-2.762218555688077948e-01
3.830710785112781958e-01
1.997177545498669549e-01
1.708525215321284874e-01
2.093333572459478431e-02
-4.019354523975725013e-01
1.431226867057211749e-01
9.182820602281517308e-01
-6.596719726240556358e-01
-9.416055535594096415e-02
6.664190890470068629e-01
1.107245440038217010e-01
6.947843440277788607e-02
7.597256085145729365e-01
-6.854330497088246821e-01
-1.713920028157920328e-01
6.681354608071363721e-01
-7.931894588022259107e-01
-1.261450142648166961e-01
8.473682557553037231e-01
3.094214121514421434e-01
2.348891935486996374e-02
3.575407345002036275e-01
3.047851604853814567e-01
-1.623944795439145050e-01
-1.870043980686685592e-01
3.476006232616696834e-01
1.526832127922516935e-01
5.083264353640967181e-01
-5.024232768463871013e-02
-8.411725384096101488e-01
-2.656923432404070251e-01
8.319958975599776041e-01
-9.867925433376831812e-01
-2.901401603004556962e-01
-6.958437717543213274e-01
5.844193448585142114e-01
-5.662878252395345813e-01
7.007705284775813670e-01
-3.242505472164686209e-01
5.661511279680241787e-03
4.879594749643636348e-02
9.485921478878917013e-02
-2.173487702850645242e-01
3.633900593794395784e-01
9.687139343952230197e-01
-7.074804153995982725e-01
8.574172785236470196e-01
-2.084201554358154074e-01
-6.931583904657041550e-01
-2.557431431274456712e-01
-4.199492476309682476e-01
1.993174285688507907e-02
-8.243000265785636049e-01
3.801610421411272256e-01
-2.318693655116667307e-01
3.326120939521156616e-01
-2.336689003013649457e-01
-2.149307976621703808e-01
1.845323935047354647e-01
8.906056732911686868e-01
2.330149923007170110e-01
-3.510138691916324660e-01
-7.265076277678430561e-01
-2.418869838622882129e-01
-5.256670208700209290e-01
-5.175151386826167682e-02
1.435593036320632065e-01
9.310443427262945493e-01
-3.125134919018642821e-01
1.928047319971126494e-01
8.722739179501995399e-02
5.754242682401923270e-01
6.614579016986412707e-01
1.275774345053803105e-01
-2.366364838904694012e-01
-1.552791115725963567e-01
2.810411160288325272e-01
4.191605611718003388e-01
3.884992353173465918e-01
-8.647804211407409403e-01
-6.694474684403604048e-01
3.273277257693547049e-01
1.410640366776518551e-01
8.332872101693122868e-01
-2.535852476179902282e-01
3.190451172148064396e-01
6.525153932602044682e-01
-4.525045575814629073e-02
-2.097768042127721999e-01
-5.281155799255655703e-01
-7.012481406737799405e-01
9.261945171726713166e-01
6.292111630095821306e-01
-6.326174657180587413e-02
-6.441822356134282446e-01
-1.021803681366532518e-01
1.321881688358493845e-01
-4.762563086517128674e-01
-9.022627514632909351e-01
-3.393458476041205651e-01
1.492070415321898602e-01
2.591867426416508136e-01
-9.249058038154321926e-01
3.091720199395234236e-01
-8.591016775191993027e-01
9.428651930017857286e-01
4.126582706154672264e-01
6.728059862577000505e-01
-8.644423967986419877e-01
3.946540342089068232e-01
-1.216536427490263750e-01
9.138437906114839082e-01
7.954685885129463285e-01
4.833850650374234004e-01
-4.534066361592233863e-01
-6.574147262420712012e-01
5.141866598131776822e-01
8.620621682168667643e-01
1.061337859136767259e-01
