5.265907694618844337e-01
8.464996247502614146e-01
-1.323862426615904919e-01
-1.114010158286177360e-01
-8.159053209043864996e-02
3.045653911131668834e-01
-3.326210571010153605e-01
-7.893820520498889826e-01
2.702724133164480791e-01
7.982992703813110991e-01
-8.483724728154163897e-01
-4.489798995759166633e-01
-9.046643705826410420e-01
2.963042463994198239e-01
-6.643992380903764872e-01
-4.360396707430035379e-01
-1.633459661831897780e-01
-6.368604984563634996e-01
-3.090633903509457103e-01
5.972498214696138064e-01
1.164966833117976192e-01
-8.935563419115355455e-01
-2.527953735391856305e-01
7.924858207501978002e-01
5.965261430277357668e-01
9.655674216432685864e-01
2.187903817522357519e-02
5.066806317015063593e-02
-5.820302846272547119e-03
8.102013610018978795e-01
-2.349517334054497530e-01
2.565310911377330361e-01
2.902462542818273761e-01
7.374420487416541992e-01
5.435491688588843795e-01
-2.227112571735619662e-01
1.336179974145585390e-02
-4.098842625824751229e-01
-4.974420343651204113e-01
-7.251754234227919538e-01
-3.437873075177509397e-01
4.931480895253096963e-01
-7.935280296556911084e-02
9.248442304174183670e-01
9.212655115533325834e-01
-5.320772820690696792e-01
-6.729995120414056231e-01
7.416111863032615048e-02
3.179932201530445424e-01
-8.386865472367016627e-01
-3.946591930657155078e-01
4.105433140654942137e-01
-1.863244400605887918e-01
7.381960294840508308e-01
4.274783838979446804e-01
-4.944763424934977558e-01
3.724873922701935069e-01
9.960869067172680724e-01
-4.217383164372649484e-01
4.989327053427273784e-01
-4.263693611173092202e-01
8.307357300675792811e-01
4.411786190367537053e-01
-7.752609988915781791e-01
-5.140588535693336736e-01
1.748039150403421227e-01
3.038926546207949553e-01
-5.132944673106276667e-01
-1.680004358263775255e-01
8.392521607781725512e-01
-4.140166648316148112e-01
-2.800428366371208178e-01
-7.884829327117619524e-01
6.068240706986791633e-01
1.454143031611183634e-01
-2.601292294894057555e-01
5.744536560625448374e-01
6.216057447477700837e-01
4.023692649874770488e-01
-2.374630659766496787e-02
2.568800629593092077e-01
-3.026133198792976264e-01
5.359681722590472486e-01
-2.001216012605336880e-01
-7.062842316591970426e-02
-8.008535406358888720e-01
-8.261343053633863898e-01
9.817126091336330074e-01
5.475006747790774897e-01
-6.087695752416674155e-01
-6.417887263849226809e-01
-1.069834613590292111e-01
7.008221148321551741e-01
-6.627234572321536454e-01
6.037409980856340841e-01
5.740070771725220844e-01
7.331439981674665596e-01
-4.385437397868066633e-01
8.677456485569503067e-03
1.461888704503614134e-01
-8.959652951161125589e-01
8.580138430884338696e-01
1.872466868813252860e-01
-1.854775883485010324e-01
-5.742820836679410901e-01
-6.801978581469316776e-01
6.665532121138881827e-01
-9.908166831523433915e-01
5.552973248922591365e-01
8.293087407018081558e-01
2.988349261456578754e-01
-5.486486472828717986e-02
-9.210289945149113811e-01
8.204920343328562238e-01
-8.901540674878470893e-01
-6.626087667302442696e-01
4.473829714914406286e-01
3.066526916972282524e-01
-6.816895472206071505e-01
8.247689804016434811e-01
1.118016129606899389e-01
-7.113521368433954883e-01
8.233471185023177874e-01
1.721346955207675167e-01
-9.992455223204215198e-01
1.517950401783488279e-01
1.782982214903063023e-01
-5.408120811400357608e-01
-4.115424448039953220e-01
-7.892422588578535958e-01
3.296639254717025902e-01
-3.201366696269346557e-01
6.623056493470930173e-01
6.443929316063580215e-01
-2.288218346208097942e-01
-2.726981354385824008e-01
-5.308770618525744389e-01
8.805390660198028630e-02
-8.677700079248552578e-01
-5.802188569029187448e-01
5.516900170410332649e-01
-1.979353422817057284e-01
-3.242100245857917340e-01
5.773809189448314561e-01
-3.650843632878882916e-01
-2.761616244160549627e-01
3.830703421173757839e-01
1.863443122595382362e-01
1.840551265812607751e-01
2.096353755264966298e-02
-4.019354523975725013e-01
1.466864726678202835e-01
9.182820602281517308e-01
-6.596719726240556358e-01
-9.416031117843891296e-02
6.676741594948354397e-01
1.107245440038217010e-01
6.948301667515976998e-02
7.672238801248624229e-01
-5.815088095151759173e-01
-1.713920028157920328e-01
6.739147359517320135e-01
-8.782452375785106957e-01
-1.261450142648166961e-01
8.473682557553037231e-01
3.065634279191994938e-01
2.435356132226876302e-02
3.575407345002036275e-01
3.585564672415208487e-01
-2.595553540384141211e-01
-1.851312252969800343e-01
3.476006232616696834e-01
1.521198256205187893e-01
5.110548672894625888e-01
-5.024232768463871013e-02
-8.412091358828036602e-01
-2.643433108167776990e-01
8.538166813619961770e-01
-9.867925433376831812e-01
-2.901401603004556962e-01
-7.441343764206749256e-01
5.650034916950104069e-01
-5.662878252395345813e-01
7.007696269792089705e-01
-3.242505472164686209e-01
5.612021152995272377e-02
4.841718341003983100e-02
-1.334156976939809836e-03
-2.173556043615419431e-01
3.621593002020659369e-01
9.348117016424184467e-01
-7.072197834336371169e-01
8.799136934707971758e-01
6.721366503954884219e-01
-6.932336638367471160e-01
-2.556666365404385299e-01
-4.200580201187494866e-01
1.782073643376978073e-02
-8.242966212868996223e-01
3.801875270836239107e-01
-2.178777715969741346e-01
3.831825601911729162e-01
-2.278908430652505368e-01
-1.885163757213675351e-01
1.172493740240588278e-01
8.892294355533498784e-01
2.330149923007170110e-01
-3.511919154967382273e-01
-7.265318761819542503e-01
-2.418869838622882129e-01
-5.283381649716698547e-01
-5.175151386826167682e-02
2.581865843578325798e-02
9.412481653697022388e-01
-3.123639109176202244e-01
1.919404096659489134e-01
8.722739196212467294e-02
4.391582092348975674e-01
6.614579016986412707e-01
1.243595678936657289e-01
-2.483036577981201365e-01
-1.529408257894578904e-01
3.137338126131382077e-01
-5.413412149315387500e-01
3.884992353173465918e-01
-8.779448293720014673e-01
-6.700718677820680647e-01
3.273277257693547049e-01
1.433053634829836720e-01
8.311509622965564947e-01
-2.535846366010763853e-01
3.179557738743242212e-01
4.885192350131197792e-01
-4.996620935152473741e-02
-2.096007411875250304e-01
-5.281155799255655703e-01
-7.008683873046260837e-01
9.261945171726713166e-01
6.231300466035681884e-01
-1.294659767573687614e-01
-6.183774811686661987e-01
-9.543401673460746859e-02
1.322649796077501327e-01
-4.762563086517128674e-01
-9.022627514632909351e-01
-3.393458476041205651e-01
1.492070415321898602e-01
2.540214041166823922e-01
-9.249091050938988978e-01
3.277318756420638524e-01
-8.591016775191993027e-01
9.428564502394713998e-01
4.126582706154672264e-01
6.728059862577000505e-01
-8.777422228760670686e-01
3.904115560361083315e-01
-1.216536427490263750e-01
9.139748313752218412e-01
7.963674223015617670e-01
4.867408722545577549e-01
-5.085706315957869705e-01
-6.574897946240668700e-01
8.315001562348680597e-01
8.623386681053160085e-01
1.061337859136767259e-01
