8.043314808511861091e-01
4.926220371768816886e-01
-7.716602754568263611e-01
5.046991763826061961e-01
-4.818326797200300771e-01
3.818331913612801332e-01
-1.669669554692257418e-02
-7.644175180130472480e-01
3.016796648325059671e-01
1.986900517072263117e-01
-8.516169649670948250e-01
9.797077821450579371e-01
2.536996609881134734e-01
-6.071841038398719803e-01
7.919822051409981523e-01
-4.104852962814925510e-01
1.554608637528385184e-01
-8.071229901354722847e-01
-7.256480231915185541e-02
7.857958099042019473e-01
-4.642484725218638530e-01
-2.633000933310866154e-01
5.883164849433786259e-01
-3.007122810256774859e-01
-3.862851303323813212e-01
4.150620313027344466e-01
2.455905239021471953e-02
3.123391479410043137e-01
1.249899747334248801e-03
-7.253044923943712252e-01
-3.899261577335733087e-01
-8.163882030075688689e-01
2.537443381560527955e-01
7.456237894111270581e-01
-6.295219791737183268e-01
-5.372734386268303020e-01
4.671161463824624605e-03
9.211261092218856472e-01
-4.978903082842744965e-01
-5.730047302272021081e-01
-3.113555405761663231e-01
-5.314550920953038382e-01
-8.281188479318640772e-02
3.233478938715562967e-02
-4.719434096193755868e-01
-5.211258462229819699e-01
-1.454149168025040129e-01
9.884194560469212743e-01
-7.274604065669509900e-02
-8.929536496222401087e-01
-5.424470103170324631e-01
-1.807468257590223171e-01
-6.771514048433118216e-01
5.486370476703353871e-01
1.286898620775170921e-01
2.981722004651337077e-01
-5.606867813138793899e-01
9.977074339570630723e-01
1.086749281392460631e-01
-1.950724340333501172e-02
-4.844526841879619461e-01
7.454099501290976093e-01
4.105502642822362880e-01
-7.834236128574370017e-01
3.644788925966588877e-01
-2.338115231933328708e-01
3.109384652500137847e-01
-7.480599635236095946e-01
-1.846568748970534024e-01
9.403722183084632924e-01
-7.366231472120221557e-01
-2.513484502591482594e-01
7.994480895516831165e-01
2.324043744589676663e-02
-9.314587589993877925e-01
-2.046904016495494083e-01
5.491848829068202154e-01
3.916263906151433716e-01
4.328377278967141528e-01
6.811097167741623215e-01
3.591712723024098053e-01
-3.659740401994057701e-01
2.339381899252941377e-01
5.347430915530808626e-01
-8.565128404736669365e-01
-4.980059157423555871e-01
-6.435312280351697112e-01
4.481477806264366759e-01
2.425590881807191401e-01
-9.964859693120655670e-01
-6.682367705960700066e-01
-7.755367823083314516e-02
-8.742810550220971866e-01
-1.409514804002860999e-01
-8.483312744388200599e-01
5.126460983655694026e-01
7.454346151478636884e-01
8.149455832166567770e-01
-2.763817632146339243e-01
3.806440132387206576e-01
-7.841005380455536855e-01
-2.161383252355133511e-01
-5.536322124524413191e-01
4.232730534340433115e-01
-6.390472394710167148e-01
2.476557028756007917e-01
2.723274712539789366e-01
-4.731412577557023713e-01
3.946850918297897803e-01
1.855895909004161570e-01
2.051858968570940411e-01
-7.842644520298350796e-01
-7.435264801946889213e-01
2.052453923250305845e-01
-3.316490927653812371e-01
-7.424969184313028325e-01
-5.731374321844334707e-01
-7.187677434691726042e-01
2.730173519357814715e-01
-9.240884139396676744e-02
7.944868487539658020e-02
-5.026131502451197663e-01
-1.759556127636122680e-01
1.761705032670306259e-01
-8.064427615079061695e-01
-9.467546494557457226e-01
-4.120105341626011386e-01
-8.423381620394210234e-01
3.325979797040730102e-01
-6.567128346911654813e-01
5.042868113059664203e-01
-3.229669434062385491e-01
3.587692614874091745e-01
6.416179322979910227e-01
-7.170582241723177930e-01
-8.741020795659468767e-01
-2.425261927642594628e-01
-2.715862036161282855e-01
-8.628484721946559910e-01
-5.631611130534058818e-01
-8.243697708893571452e-02
-5.830404014975143490e-01
-4.142973535027836274e-01
9.153670667122413285e-01
-8.212990892205720428e-01
-3.910777520789958661e-01
-9.410341024195785220e-01
1.185397510606431837e-01
7.585194875640591250e-02
1.008383244748722873e-02
-3.110259240315653706e-01
2.987866573428153982e-01
7.824297345354589428e-01
-8.081581088712378458e-01
-8.397247342417049065e-01
1.627463582615783222e-02
9.679780009236726990e-02
1.380540286038169917e-01
2.250035977479119542e-01
3.369268278263060079e-01
-1.759141874515515180e-01
6.231774356346869714e-01
5.690813370981406827e-02
-9.812477735376859411e-02
8.537486045303983584e-01
4.373828406857677709e-01
-8.054104844461991153e-01
-7.740276656815738843e-01
5.781705722940813086e-01
9.705755976687083786e-01
7.958213756011519591e-01
3.535757251440270199e-01
-8.166580757250426759e-01
5.159412849191775674e-01
-4.727516956891023026e-02
2.787343095815815186e-01
1.476759934252737660e-01
-1.776454925553518638e-01
-9.448515253827314275e-01
-2.803522490465419903e-01
5.847718597304933930e-01
9.591404069408692168e-01
4.334623039506383391e-01
6.158821050304567057e-01
2.707321598220427949e-01
6.830133917844314340e-01
4.892913210535568824e-01
4.687509320447427186e-01
-6.182000157699021337e-01
-5.031316865026718155e-01
-9.067823796440764861e-01
-7.470648588097659193e-01
5.851076131215169340e-01
7.317099166413446598e-01
-7.362692942570385757e-01
-2.328037524198283970e-01
-5.911997130556010394e-01
-9.094670469637942123e-01
-9.685302536342506041e-01
4.933058939735615045e-01
-9.151440223719082834e-01
2.080320860889031120e-01
-1.443809733330787548e-01
-1.304868274173029974e-01
7.850403098400593471e-02
1.497807887587243592e-02
1.263300372184927856e-01
8.319693116547087763e-01
-8.154514138583306426e-01
-9.919088278045790075e-02
-5.165131603343892097e-01
2.266391854928520022e-01
9.898409307285493952e-02
8.518762843183156352e-01
-3.421818044266671244e-01
7.847278368720522757e-02
2.774374113261087738e-01
-1.552816913896675199e-01
6.949161957501435172e-01
-8.504639772311144430e-01
2.221988026696360974e-01
-3.488722708250557858e-02
2.754279989016112928e-01
3.755853184187696314e-03
-7.315488625677657453e-02
-2.047874699967586754e-01
-9.198476686460118623e-01
8.709635998373073118e-01
1.189479986525743271e-02
-7.419191004125491595e-01
-4.798784546053842526e-01
-8.035501699843876633e-01
-9.749850403278317312e-01
-3.034926931432166963e-01
6.964201619164486212e-01
-3.612059102969994440e-01
-6.147074049640566251e-02
8.703662301029606585e-01
-1.529435801298011655e-01
-2.753667162621223907e-01
-1.744657510413124557e-01
7.424285323610791965e-01
3.542347790842045874e-01
-1.678235556047547594e-01
5.909638463840543032e-01
-9.838929040732884435e-01
-3.498653936452261748e-02
2.021309403111009040e-01
-5.341006281620216400e-01
-8.771525776245991946e-01
5.790828599727165793e-01
9.266791248648962309e-01
5.195093546724844913e-01
2.217001370035931451e-01
-1.894883200416556113e-01
7.273772285842211582e-01
7.058084336228187539e-01
-3.693620264540516396e-01
4.602404205687646854e-01
4.836518066958196416e-01
8.721256884062027481e-01
-5.905063815998663479e-01
6.209784751974689598e-01
8.654085911122151309e-01
8.879945120482934939e-02
