-4.978571093084416255e-01
-5.655854972583640450e-01
-2.622909177789034540e-01
7.668724544774569996e-01
-5.117862001816397832e-01
4.928293461942578890e-01
-6.024522782363010975e-01
-4.874929251538864250e-01
-2.493098347947046989e-01
6.646815592980046539e-01
-5.803601488776310990e-01
-8.266215162885979240e-01
6.655337663301739148e-01
-2.862114291334225125e-01
9.140241900201764302e-01
-4.056791431533568471e-01
-4.941652540278457795e-01
7.720122518561325364e-01
-2.272681445258315502e-01
-2.932720931126207020e-01
-9.361193068680642160e-01
-9.937445044441142183e-01
7.068299437890688264e-01
-4.660328150220904853e-02
-1.105430486430068804e+00
9.148168393789377628e-01
1.470699461428928156e-01
-9.077243741389813270e-01
6.313740919688652919e-01
-5.381863840326517323e-01
-5.891527974529617850e-01
1.176567101676384786e+00
-1.440827000382975953e+00
2.102721923053252340e-01
-2.367215701435545494e-01
5.673660499351997899e-01
8.322433419654555742e-01
2.793863076450362470e-01
-2.270237094496494468e-01
-1.045593289479088916e+00
-2.540439458962617802e-01
-2.594209095413190447e+00
-7.252597903784658850e-01
-7.556197650495537488e-01
-1.176275818789997984e-01
3.205450299272696313e-01
7.452694321613992923e-01
-5.523533108858711405e-01
2.069459325597984289e-01
-4.032650869524445625e-01
-6.208634529849768047e-01
-5.217433192559002286e-01
-1.245642002377811419e-01
-7.581935790281479903e-02
1.240810760740993501e-01
-2.717530513472308229e-01
2.239406569426278804e-01
1.421763043832990903e+00
5.334792216498509543e-01
5.112692358059098829e-01
-4.079752863604861890e-01
3.682970200822344164e-01
3.273948641634834011e-01
-5.794258234881359826e-01
-1.240278522426496721e-02
8.172029347845579661e-01
-9.898388218365701263e-01
7.054218809961609882e-01
2.696168956619169332e-01
7.170037836557336952e-01
-6.980098442662943103e-01
-3.600420106305932677e-01
6.344127829199777135e-01
4.007430074906137563e-02
2.802191785224652509e-01
3.276211886390425487e-01
-1.567583697654943986e-01
-5.143482503629424052e-01
-7.673589896157839707e-01
7.690715396713097007e-01
-4.277018490015698227e-01
7.765714100425455957e-01
2.369023360874213946e-01
1.870131114937425565e-01
6.908833307147674851e-01
4.284845823009895138e-01
1.928054118529198835e-01
-3.411285378536812463e-01
6.830144534957697244e-01
6.997065296472528839e-01
-2.117238249024805952e-01
-3.728974320879705484e-01
1.919082289156195387e-01
9.188141078173166498e-01
7.552083259802382376e-01
-5.641472029283574052e-01
1.661217069450622863e-01
-5.171283241257891294e-01
-1.442244302033408587e-01
1.468104706789283842e-01
7.118124056840300362e-01
-2.795070065802753856e-01
-4.778644077388658484e-01
-6.741626285470412316e-01
-1.502155396657338660e+00
-9.818862072699650057e-01
-3.832880591235163781e-01
1.297067129892386372e-01
9.811699807774367788e-01
-2.122060910177157589e-01
-3.781827449273729158e-01
2.217147944375550406e-01
5.080166069935732054e-02
-3.271911992040308359e-01
5.700117656084870976e-01
1.751126866916834501e-01
-7.626603461955221430e-01
-9.150630805968300585e-01
-7.725121045308753764e-01
3.127695854541045151e+00
-9.173224336092709041e-01
-2.076789140034649428e+00
-1.115251777368333919e+00
9.171710475576078103e-01
9.881856890389706383e-01
2.776405560218506263e+00
-1.716248792818619862e-02
8.600822909988758980e-02
-8.072185236630202709e-02
-1.287488056075400733e+00
-3.467315713246410525e-01
8.118087413432184540e-02
7.669974398578327524e-01
7.490664372576489871e-01
-9.851299018206149949e-01
9.990577079135563032e-01
-1.594742865820837352e-01
8.504700889297684974e-01
3.421850147196363601e-01
-4.188951337795849827e-01
-1.011054510756524305e+00
2.709282112840112333e-01
-6.470515030603511963e-01
-8.119427332910040818e-01
2.351624456211709457e-01
3.533820853684882524e-01
-8.476734420104137246e-01
-2.616167467930317070e-01
-3.539320920930280057e-01
-7.786013927726611605e-01
4.276329615944600704e-01
1.328635459659580409e+00
-5.386231595711320486e-01
9.966296498323519160e-01
2.595465849011830972e-01
-9.522240088517999190e-01
9.515859812111662208e-01
4.043522397335277407e-01
8.876814174118687895e-01
3.294170948277319599e-01
-2.815425638200688141e-01
2.888940106501625138e-02
1.605431489033486869e+00
-7.076371395122245112e-01
6.407437464041154662e-02
1.586878735171670662e-01
4.924717693858275958e-01
9.738064243739057435e-01
-7.098136288993361909e-02
1.447709692234254719e+00
-9.350618726221544552e-01
9.441288285660243140e-01
-5.939430669460845635e-01
-6.751555566887068593e-02
-9.940426937278596942e-01
-3.505956880705396461e-01
-6.309104020725373463e-01
-2.212055930779166513e-01
-7.661057441838394766e-01
5.123399246496518344e-01
7.414046399184808234e-01
-6.896481436092997130e-01
-6.779732404258629330e-01
2.825882752735768833e-01
8.769695903549772353e-01
-4.683253323307996485e-01
-7.931951655001121537e-01
-6.381325856330135604e-01
-2.968706310132207538e-01
-1.340440772574594153e+00
-9.051652552089803905e-01
6.829071996156121926e-02
-2.411451780556057578e-01
-6.576054768502823666e-01
-1.992067636349751814e+00
-4.219233857786397479e-02
5.177470891360322902e-01
-3.349109079053680382e-01
-3.162691685303987699e-01
2.768502108556600838e-01
-3.030611550842285951e-01
9.612635524009063293e-01
9.768776481039243009e-02
-4.828143082453832946e-01
8.162456025500703927e-01
-1.454321872289030981e+00
1.160160580141718079e-01
5.381146808718046959e-01
-3.559772219223694911e+00
-8.547715758911627049e-01
-2.128825641457449402e-01
-6.209808596331662933e-01
-6.320724789335694371e-01
2.898216497356722599e-01
-3.927252266606970910e-01
-4.920009473686686174e-01
5.666800584080453618e-01
7.845999808156109978e-01
4.351555679640657370e-01
1.178786039850539258e-01
6.747074798534256068e-01
-1.269065632100823127e-01
5.533068141927437456e-01
-8.268533831073963114e-01
2.312593698321925295e-01
7.662940119979617659e-01
-8.766675715595191321e-01
-7.347494782439525363e-01
-5.635978626522744062e-01
-3.584105212794767015e-01
-8.272348830207150172e-01
3.316650525154392071e-01
8.383661709467045142e-01
8.346017323028973589e-01
5.789538178658053535e-01
3.621928934773197550e-01
8.866130305809722945e-01
-6.085165407572821206e-01
-4.012647499363817261e-01
7.636492309831075520e-01
-6.309365935970809858e-01
-3.247831571457819866e-01
9.722957127844702452e-01
7.410637560089055054e-01
8.443020623955916903e-01
3.715063411180159481e-01
-2.830946132558463391e-01
7.993251067818294420e-01
6.511646228528267244e-02
-1.541375196049249219e+00
9.537323761320899429e-01
-7.062289026916592771e-01
-6.206405604129026088e-01
9.058494928213445263e-01
2.994202084154302668e-01
7.405733259898001908e-01
-7.535645193717248613e-01
1.806501881372652996e-01
-5.139759981048852566e-01
-1.508903275516429110e+00
-4.848557802016937313e-01
-1.960473978304414777e-01
3.061914056072563284e-01
5.579445936285758467e-01
-5.153137618962482236e-01
