-1.103406491240659371e-01
-3.348960945872754280e-01
8.599730420175080159e-01
-2.298658348247317740e-01
6.761523339713559899e-02
3.823345425849697943e-01
-1.965764362577422375e-01
-2.778623893955118884e-01
-4.929022360387926849e-01
-6.517387749750864767e-01
-6.833358504875342021e-02
-6.110432560569190041e-01
4.425494549901600738e-01
-1.274105152800968366e-01
-6.860255793851628425e-01
5.684702479789327523e-01
-7.962806287222841117e-01
-6.197234316586066605e-01
-3.714111301347522431e-01
4.043800625437246055e-01
-4.807631118188291364e-01
-8.827590253704931111e-01
-7.926910954521328989e-01
6.112819523268300248e-01
-4.081448495975905644e-01
-2.336741892818177124e-01
-6.889391980526287096e-01
-6.417482233035227690e-01
6.479434089707938327e-01
-8.296965075012516788e-01
-4.143144626482733184e-01
-4.074010868818991327e-01
1.545049931273889676e-01
-6.196595937453719394e-01
-5.069049606047326684e-02
9.769227080538716024e-01
-3.949866494208393863e-01
-7.911221608588139276e-01
-5.961494132558864401e-01
2.444793946537071605e-02
5.191406120080777065e-01
-8.115832355152965416e-01
-1.778319601436910702e-01
6.107989063318584044e-01
-1.175434051765187338e-01
-4.993458568417201704e-01
1.002507040551341433e-01
-2.577447544737649920e-01
5.273312494769597514e-01
2.599830853843354550e-01
-2.424175492368330076e-02
-4.210249899925992967e-01
-2.423663880248454472e-01
7.019693554230974630e-01
5.787322716909706344e-01
5.026285377933716880e-01
-5.403534224530615049e-01
-2.004788992997554864e-01
-9.679535236742640159e-01
9.923342368259933099e-01
2.661436649978592417e-01
-8.690981207722818791e-01
8.164057548172694023e-01
-3.376177829988848966e-01
9.541880955976296264e-01
-3.211934513332508345e-01
-9.817114394263986021e-01
8.749894224707288615e-02
-8.526041060772817648e-01
-1.450398586922632127e-01
-3.967882866006677833e-01
-7.767702173670529842e-01
-6.265871941799348033e-01
-6.525066952653968411e-01
-4.951482579745964951e-01
3.880417743833695088e-01
6.233913845445779867e-01
-4.554737114290279276e-01
4.893981160596050373e-01
3.157317631784661849e-01
5.563144180107471026e-01
-4.614333713909770651e-01
1.095004404767614403e-01
-8.362672751996524934e-01
-5.787896893267174825e-02
7.041922683716161924e-01
5.011393571727884577e-02
-8.275087184148528507e-01
1.774468144799725700e-01
-5.301868807400911265e-03
1.641804944982510062e-01
5.771501590979186691e-01
2.346842143499585642e-01
1.662280783564211717e-01
7.496817302321252541e-01
5.130060668580949113e-02
-6.757154806384604306e-01
4.548184410491569185e-01
-9.974855987624071663e-01
4.581557895714043482e-01
5.967346220317981675e-02
6.417067424589055769e-01
7.592422277793686725e-02
-8.016114240282083969e-01
-8.701524614511086941e-01
9.780812972812948924e-01
-5.123418869176583623e-01
4.101925718370669216e-02
1.066253102486136584e-02
6.277428138974971983e-01
-3.981334566669132435e-01
-8.272758793252954490e-03
-3.202225268710545691e-02
-6.181385210301515443e-02
9.490746946902901549e-01
-2.369229356152708910e-01
6.047855749010133675e-01
-6.743233075417418565e-01
3.963819962859573831e-01
8.629163851756580517e-01
-1.216304256577489529e-01
2.837365917617444833e-01
7.170645471360390655e-01
-6.528800811285937478e-01
-2.603669519076314831e-01
8.602942400186879279e-01
-3.856850046626361106e-01
2.359952584593618674e-01
5.684350950565875138e-01
-8.057022787689052112e-01
-4.534804015920452791e-01
5.119045165404403352e-01
6.406391955201611310e-01
9.162371791238961283e-01
-7.665007113977617692e-02
4.223588048391404559e-01
-4.449670386068469430e-01
-9.425550095770374170e-01
4.143982643319583659e-01
-3.699381903351173229e-02
-7.617060831059585535e-01
7.900004006756480290e-01
1.812546637708816188e-01
5.783939234426767051e-01
8.019256140108950159e-01
8.705673633094717090e-01
7.694163540554237457e-01
1.174413207669042780e-01
-4.530316152346027803e-01
8.102968858740609015e-01
-4.314257223609030412e-02
1.792224797635342259e-01
-3.137783626222829803e-01
4.017009080000921717e-01
9.390708126217961471e-02
-9.107624974688588448e-01
6.365016116610009433e-01
-4.008197170836851342e-01
3.188091869660898414e-01
6.720757865057525038e-01
5.419006655368081571e-01
4.190622504999934606e-01
6.572526881249618480e-01
-8.792500905136344524e-01
2.864281160693451511e-01
8.155773453896628666e-01
-4.981869267910110644e-01
5.881131786702231690e-01
2.733649730413576506e-01
3.541048407068490000e-01
7.316762711514195328e-01
-1.839509756813506591e-02
-3.485494476982762269e-01
-8.419566938334894779e-01
-9.462497037994803684e-01
7.544290749527116091e-03
-1.251281783545874493e-01
1.433994048842208713e-01
7.065584220560960915e-02
6.236663696571314031e-01
-1.130434994718731989e-01
-3.424811759965351587e-01
-2.969198925993323801e-01
-4.977737710288787643e-01
-3.290723742763772552e-01
-3.351277907450715965e-01
1.103124277353544347e-01
7.110123262487353379e-01
7.109242121221326371e-03
1.606788182943281740e-01
-1.120974183406029390e-01
1.554078276771106992e-01
7.045005568145994435e-01
-4.566658054010863665e-02
3.400604534266031820e-01
-8.908398787941709251e-01
-3.682976619023363707e-01
3.965188369952432623e-02
-4.865140060839903136e-01
3.200032192152713062e-01
-9.241663391304624220e-01
6.444659394542171515e-01
-3.257056612687942998e-01
5.327014936437881598e-01
-4.327310423473014200e-01
-9.759488468278847417e-01
-8.234791305279174356e-01
9.276818437879186252e-01
4.562970976017388658e-01
8.393619075849774180e-01
5.151828105290650051e-01
-2.997825479422657757e-01
-7.064546974058583118e-02
-9.587399682595365569e-01
-1.422506531955569642e-02
-5.299801048577905682e-01
-4.051126728161136281e-01
-5.121555897109872912e-01
-2.676068419742829718e-01
6.859931143236539519e-01
-6.315833705448754554e-01
-6.067827481799126232e-03
-9.940532814898064284e-01
1.075391891964909696e-01
7.496482595292712769e-01
-9.297764763624567497e-01
6.160722071400526190e-01
8.333470681468582164e-01
2.510679565386213508e-01
8.012990527131709229e-01
3.482662546230568257e-01
-3.784752520473440018e-01
6.953462275442912066e-01
9.128364922889484756e-01
-8.919805747537357110e-01
8.530586872015037958e-01
8.048961221366885965e-01
-9.040557577388375066e-01
3.127759834334828959e-01
4.557615979384155303e-02
-9.052978791613566223e-01
-7.437337671751131918e-01
2.578271735302659629e-01
-1.253249007290824224e-02
-8.427878928549403792e-01
-5.683254580955072743e-01
7.369595900263523625e-01
2.564013121844155307e-01
-5.681872066556836742e-02
-3.311881839927961479e-01
-9.337800015389237096e-01
5.167789374512343770e-02
-6.307080250953773781e-01
-5.537675876091916471e-01
5.789376142425011196e-01
-5.811551148044791226e-02
8.346867042171446371e-01
-6.917946435369612956e-01
-9.641456503875422968e-02
-2.240459405290466943e-01
-4.348963550952711365e-02
-6.147534559871772331e-01
8.892709108407992336e-01
6.621427342597170362e-01
-1.191785499207416166e-01
