5.215792395426221972e-02
6.634146260289592867e-01
7.635271459533938820e-01
-3.660762295603736671e-01
4.467243419201136767e-01
2.223864182561348102e-01
7.074937577978079872e-02
-4.548311553171702215e-02
-1.715887816145265088e-01
6.057186972617538689e-01
1.986345905091460029e-01
-3.311828207729774487e-01
9.582836863943031691e-01
-7.218483246719795687e-01
8.836053703633501843e-01
1.104121321335866934e-01
-6.858045569413659948e-01
-3.504197135394078177e-01
8.363771728644375791e-02
-7.672587794727152577e-01
-4.633571033325574184e-01
-7.820675209155569796e-02
3.927443425203758220e-01
5.425606397566842265e-01
4.645902432740676158e-01
-3.487364723258066235e-01
4.181917008269224745e-01
-5.681758702628556534e-01
-4.985933514358764640e-02
-5.384261596249964033e-01
-5.327587923532064451e-01
4.633301032349068649e-02
7.036817585793357921e-01
2.153959778654379598e-01
2.289084587080791877e-02
2.919602295647423240e-01
7.241937307838264282e-01
3.473730621548996034e-01
8.413389110483961986e-01
-8.785387025981505893e-02
-7.405867785287771898e-01
-7.480041389592979595e-01
3.599366450844421195e-02
7.594973988687736544e-01
7.298344670094030207e-01
4.833404388282087627e-01
-3.689818976858487698e-01
-7.712976598376768411e-01
2.548021123955024336e-02
-8.077231536192619465e-01
7.672312518007873283e-01
3.314367988971140822e-01
-2.486769212260795392e-01
-6.178222680574951831e-01
-7.375361490456242564e-01
6.625194716294893205e-01
3.149331710249496652e-01
3.286206689919481949e-01
-6.656508317624525439e-01
-2.932507642720871832e-01
-6.691982634539592745e-01
1.084034589160061124e-01
3.586312979515118293e-01
-9.246104990174219829e-01
1.285955137147640759e-01
3.916576343090403256e-01
-4.164431082856450139e-01
-2.104160879369525450e-01
6.410306062136681415e-01
-5.563568202692608100e-01
6.697260334038939167e-01
4.291036515598678491e-01
1.778230223207972749e-01
-6.184827069712104386e-01
-2.495099096599051602e-01
7.041322084706935769e-02
-7.633750143605271266e-01
-7.108005233056442496e-01
-3.594054766724807948e-03
-8.644248458316592387e-01
-4.634638383526428207e-01
2.594213906671987147e-01
6.435277180353053961e-01
-7.085112393277279708e-01
-4.705020686116061501e-01
-8.756426268967791859e-01
-6.605629459190498487e-01
-2.262064255270168633e-01
-9.924481721919879984e-01
-3.102401698668897367e-01
-5.057039014203041916e-01
-7.822894977443508591e-01
-5.277912315549420086e-01
3.744404949032498209e-03
-1.867290453194159205e-02
8.710299606990095089e-01
-9.328631647997387422e-01
-1.215495454433781486e-01
5.868215311902118536e-01
-5.123498770450420903e-01
7.874837945959056729e-01
2.424037816520618893e-01
9.194506331271066202e-01
8.425246661225325173e-01
-4.414389787580528246e-01
3.345537399767350983e-02
7.763342766425058716e-01
-2.986064992039145771e-01
1.877067221881418835e-01
-2.341208511555643579e-01
5.144119781833680349e-01
-9.781338905521457239e-01
6.905853957179539648e-01
-7.484890550166836132e-01
-9.603065590415726938e-02
-7.023542291519446756e-02
-6.314037111074255471e-02
6.891753340166739683e-02
3.659919989783637639e-01
5.152077702613255816e-02
-8.696717733126939631e-01
2.436626038834905916e-01
-4.805691141986478954e-03
4.501004131022607879e-01
-5.752176067055487785e-01
2.133461763973116820e-01
9.889676311609167936e-01
-7.173278673743079814e-01
4.989317089552407491e-01
-7.889543876249389687e-01
5.965646529009926979e-01
6.264557637003671520e-01
6.784129329503876260e-01
7.141611867911548117e-01
2.082595403462821348e-01
2.747293177145069265e-01
4.478241015363138011e-02
-7.900032121271407526e-01
8.371341807135876945e-01
-6.484337864790505890e-01
-7.403467770384959401e-01
5.487566160870096521e-01
-8.178160360144737240e-01
3.816003510685150868e-01
6.416969240091718873e-03
-7.443091653899394089e-01
1.824642276683474673e-01
5.638816690354493399e-01
1.597686632343573443e-01
7.172926596541806532e-01
-9.977229935348290724e-01
-1.224779524180823476e-01
9.197550846024331594e-01
9.720335516874161197e-01
-6.499929032833657860e-01
9.538990675162557498e-01
-6.543449547837920655e-01
4.018067432360732383e-01
-1.347678317988374452e-01
-3.875095812441007315e-01
-3.606831009546829225e-01
5.178999084323474555e-01
6.217344961512012436e-01
8.256251900975106750e-01
1.917281250094227119e-01
9.557981278814486892e-02
-8.167341468098072710e-01
-9.019826460936000156e-01
-4.039335353913424687e-01
-3.566379995013007065e-01
-9.813669415753827341e-01
1.995933055647818311e-01
-2.864820711068234438e-01
4.749116683804917027e-01
5.541473905158011970e-01
4.151344818774627132e-01
-7.162970896418607847e-01
-2.430366165584423310e-01
-9.984165333444858792e-01
-9.404937873841112683e-01
8.669599013057409653e-01
9.669776095375541836e-01
-1.117594349992427905e-01
-6.113214044463555208e-01
-3.524923505627739484e-01
1.709026862974922789e-01
-8.124265536337786919e-01
9.082884625227043429e-01
8.956202626645124454e-01
9.748119677554734075e-01
2.245985451395280386e-01
-6.704721175455912174e-01
-6.310289334703611530e-02
-7.144025660344746065e-01
2.882495480179685376e-01
-5.359187259617574917e-01
4.161182450355127571e-02
-5.217911109772472855e-01
1.437043606735426415e-01
1.765418239495399888e-01
-3.192711900687190685e-01
5.086104086614562370e-02
9.115605332052727494e-01
-2.340015708252409787e-01
8.755334842016599950e-01
9.025161067000839754e-01
6.108658255366847811e-01
-3.623179869960433397e-01
-1.055582772846217487e-01
-1.674048369279055315e-01
4.061462759060419092e-01
4.429301465418722383e-01
6.544703169525933895e-02
-5.527980104649701243e-01
-1.426164802548730570e-01
-8.179445854284139727e-01
4.208188835330739508e-02
2.899059338890059845e-01
3.219379238318260672e-01
-1.949089927935931943e-01
-4.040024731017854975e-01
8.404950807564537385e-03
7.281862240026470978e-01
4.536013453296987574e-01
-8.570159131176500189e-01
-6.502320634521212561e-01
-7.216350378613380911e-01
8.062233468591384344e-01
5.841690970635979863e-01
-5.084662630303942166e-01
-5.284909835095343844e-01
-3.181979873570177642e-01
5.102560475326085587e-01
7.951486786897041803e-01
-2.550492216807904722e-01
-8.600296596779160030e-01
8.846187323073155806e-01
2.916099194980048548e-01
7.273519498640099723e-01
-7.940536348677251777e-01
-7.683554040360807136e-04
-6.056939080689069943e-01
9.238222321555915606e-01
-5.837589962926028608e-01
7.640719885517230914e-01
4.987173289071993310e-01
5.169960207698569565e-01
-8.338116106080541989e-01
-3.667486408674061060e-01
-3.489277952602169997e-01
4.048928586199063151e-01
-7.356756504480954639e-01
-7.926958137888648892e-01
2.309556608454150783e-01
-1.606504813595512893e-01
1.371684813562481509e-01
9.001989726646497658e-02
-9.002790042835191464e-01
-8.982536932730131873e-01
8.348488595465828332e-01
-5.504384515408222711e-02
5.069959222593474202e-01
-5.510934469139214809e-01
-9.441536445342373352e-01
-9.235283089277135371e-01
